Status: violated
Adversarial inputs found:
  [-0.282179, -0.041931, -0.49912, -0.493342, -0.394539]
  [-0.260149, -0.049622, -0.499955, -0.455441, -0.479883]
  [-0.217029, -0.028557, -0.499666, -0.482926, -0.495849]
  [-0.277482, -0.036586, -0.49917, -0.464357, -0.419765]
  [-0.266271, -0.04475, -0.498968, -0.473402, -0.42528]
  [-0.216283, -0.039992, -0.499967, -0.473037, -0.494394]
  [-0.281316, -0.0549, -0.499682, -0.45891, -0.497122]
  [-0.232126, -0.060604, -0.499689, -0.461607, -0.406664]
  [-0.237393, -0.023745, -0.499107, -0.467735, -0.384909]
  [-0.250684, -0.040687, -0.499382, -0.486828, -0.45514]
  [-0.232796, -0.039541, -0.499311, -0.475094, -0.380953]
  [-0.263281, -0.060402, -0.499835, -0.493603, -0.393162]
  [-0.264362, -0.042194, -0.498918, -0.490038, -0.399602]
  [-0.283867, -0.02888, -0.498465, -0.460983, -0.388777]
  [-0.219906, -0.050285, -0.498482, -0.480775, -0.487942]
  [-0.2534, -0.03805, -0.499432, -0.491172, -0.462407]
  [-0.237714, -0.051694, -0.499595, -0.469163, -0.485439]
  [-0.283813, -0.028286, -0.499922, -0.473253, -0.459242]
  [-0.217143, -0.056524, -0.499598, -0.498381, -0.472415]
  [-0.266064, -0.049241, -0.49997, -0.466075, -0.411475]
  [-0.246595, -0.050214, -0.498448, -0.49749, -0.386282]
  [-0.266323, -0.051671, -0.499617, -0.479721, -0.432725]
  [-0.248118, -0.024853, -0.499586, -0.456738, -0.383305]
  [-0.26361, -0.05862, -0.499988, -0.486069, -0.424263]
  [-0.275718, -0.041148, -0.499317, -0.482176, -0.405897]
  [-0.225199, -0.060999, -0.498897, -0.499982, -0.387422]
  [-0.255332, -0.040189, -0.499305, -0.49719, -0.401381]
  [-0.217254, -0.031469, -0.49956, -0.467094, -0.416625]
  [-0.269481, -0.038866, -0.498524, -0.473552, -0.472776]
  [-0.238471, -0.028257, -0.498704, -0.499458, -0.379599]
  [-0.221161, -0.037349, -0.499347, -0.46281, -0.420875]
  [-0.213814, -0.055844, -0.499848, -0.481424, -0.407137]
  [-0.259414, -0.044579, -0.498647, -0.485921, -0.454693]
  [-0.233125, -0.026863, -0.499822, -0.49684, -0.458673]
  [-0.24663, -0.04134, -0.499075, -0.461121, -0.413082]
  [-0.242551, -0.027242, -0.499461, -0.460029, -0.413629]
  [-0.244849, -0.030565, -0.498875, -0.461232, -0.492601]
  [-0.232041, -0.029823, -0.499243, -0.455437, -0.452964]
  [-0.236306, -0.023432, -0.498549, -0.499294, -0.463288]
  [-0.238193, -0.061172, -0.499534, -0.480861, -0.46243]
  [-0.266793, -0.053967, -0.499411, -0.461372, -0.433107]
  [-0.221648, -0.030421, -0.498827, -0.497573, -0.398319]
  [-0.22547, -0.049395, -0.499076, -0.455533, -0.491803]
  [-0.283011, -0.059546, -0.498636, -0.461598, -0.436277]
  [-0.274208, -0.04509, -0.499329, -0.490417, -0.492972]
  [-0.254848, -0.026687, -0.498455, -0.464954, -0.385247]
  [-0.220004, -0.056136, -0.499129, -0.488108, -0.498376]
  [-0.231685, -0.049655, -0.499347, -0.497291, -0.495475]
  [-0.227073, -0.032015, -0.498924, -0.49615, -0.425147]
  [-0.251714, -0.040152, -0.499078, -0.479079, -0.414559]
  [-0.284268, -0.035266, -0.499806, -0.46958, -0.40863]
  [-0.213236, -0.048445, -0.499861, -0.485883, -0.482711]
  [-0.267315, -0.027994, -0.499038, -0.487211, -0.438706]
  [-0.21768, -0.042274, -0.499427, -0.487866, -0.47587]
  [-0.23051, -0.05505, -0.499124, -0.489084, -0.424648]
  [-0.225708, -0.04403, -0.499745, -0.497767, -0.428642]
  [-0.289861, -0.044786, -0.499169, -0.486567, -0.473205]
  [-0.267619, -0.051809, -0.498804, -0.469331, -0.498666]
  [-0.236846, -0.046992, -0.499223, -0.471505, -0.438446]
  [-0.235022, -0.058283, -0.499518, -0.459529, -0.451984]
  [-0.266967, -0.057624, -0.499343, -0.485373, -0.46076]
  [-0.226642, -0.057105, -0.499091, -0.493081, -0.401217]
  [-0.273685, -0.061352, -0.49841, -0.49394, -0.403201]
  [-0.214733, -0.029466, -0.499981, -0.473673, -0.457166]
  [-0.220236, -0.049294, -0.499761, -0.457033, -0.427417]
  [-0.258543, -0.02572, -0.498412, -0.457842, -0.45203]
  [-0.214531, -0.055481, -0.499261, -0.487431, -0.3973]
  [-0.286526, -0.028415, -0.498926, -0.462258, -0.40624]
  [-0.213856, -0.048963, -0.498928, -0.457533, -0.450337]
  [-0.238562, -0.04454, -0.499859, -0.482932, -0.426499]
  [-0.214062, -0.039037, -0.498436, -0.479532, -0.474254]
  [-0.238227, -0.050715, -0.498819, -0.478457, -0.439639]
  [-0.222764, -0.058162, -0.49887, -0.497431, -0.47199]
  [-0.213174, -0.04298, -0.49998, -0.486146, -0.425349]
  [-0.213239, -0.050423, -0.499687, -0.488074, -0.442778]
  [-0.266074, -0.029522, -0.498995, -0.473944, -0.41132]
  [-0.247166, -0.04944, -0.499996, -0.467393, -0.401735]
  [-0.272446, -0.059965, -0.498693, -0.485098, -0.420969]
  [-0.237849, -0.035102, -0.4996, -0.47321, -0.497448]
  [-0.247077, -0.050706, -0.498452, -0.481996, -0.428041]
  [-0.236892, -0.038218, -0.499662, -0.494962, -0.468273]
  [-0.269645, -0.04041, -0.498485, -0.472433, -0.409658]
  [-0.239598, -0.051384, -0.498421, -0.467816, -0.473826]
  [-0.279131, -0.060971, -0.499288, -0.492824, -0.395671]
  [-0.254551, -0.053845, -0.498844, -0.459761, -0.438534]
  [-0.264444, -0.047027, -0.49844, -0.454984, -0.482059]
  [-0.219225, -0.061756, -0.499555, -0.474671, -0.383748]
  [-0.250892, -0.063018, -0.498737, -0.473274, -0.473624]
  [-0.246299, -0.026122, -0.498539, -0.455546, -0.49437]
  [-0.274408, -0.028366, -0.499478, -0.488278, -0.459962]
  [-0.221863, -0.029022, -0.499833, -0.481319, -0.494879]
  [-0.217184, -0.038359, -0.498893, -0.497085, -0.470445]
  [-0.227334, -0.038617, -0.4988, -0.470239, -0.473465]
  [-0.256879, -0.05366, -0.499911, -0.48479, -0.424872]
  [-0.235097, -0.043011, -0.498604, -0.484301, -0.462403]
  [-0.283253, -0.043628, -0.498619, -0.470335, -0.435902]
  [-0.263431, -0.030457, -0.498436, -0.477398, -0.451745]
  [-0.286987, -0.057238, -0.499311, -0.462597, -0.386879]
  [-0.228075, -0.058751, -0.499616, -0.462467, -0.497442]
  [-0.218235, -0.045782, -0.499926, -0.456995, -0.489628]
  [-0.227014, -0.062616, -0.499972, -0.454867, -0.481406]
  [-0.216782, -0.061385, -0.499383, -0.494015, -0.409721]
  [-0.245926, -0.043416, -0.499383, -0.465596, -0.475578]
  [-0.267767, -0.035586, -0.499196, -0.494147, -0.437966]
  [-0.255346, -0.039247, -0.499113, -0.489733, -0.385565]
  [-0.257363, -0.034164, -0.499121, -0.482225, -0.396112]
  [-0.228253, -0.042395, -0.499683, -0.46903, -0.489943]
  [-0.257126, -0.057926, -0.499008, -0.494306, -0.453901]
  [-0.284146, -0.041513, -0.499173, -0.469285, -0.473348]
  [-0.21567, -0.037993, -0.499169, -0.490772, -0.465751]
  [-0.291828, -0.049196, -0.499239, -0.464407, -0.402853]
  [-0.221524, -0.052119, -0.49911, -0.481509, -0.422305]
  [-0.260471, -0.061572, -0.499869, -0.491518, -0.472808]
  [-0.230752, -0.023092, -0.49943, -0.485387, -0.469361]
  [-0.295122, -0.06192, -0.499269, -0.467366, -0.463993]
  [-0.259473, -0.056629, -0.498529, -0.462721, -0.412547]
  [-0.286917, -0.034065, -0.499072, -0.476451, -0.487099]
  [-0.256397, -0.06094, -0.49882, -0.485735, -0.497197]
  [-0.273011, -0.047857, -0.499081, -0.473067, -0.393272]
  [-0.29446, -0.031722, -0.49841, -0.497092, -0.38626]
  [-0.234893, -0.035523, -0.498673, -0.491258, -0.494004]
  [-0.229187, -0.024597, -0.499684, -0.477496, -0.494141]
  [-0.231566, -0.051709, -0.498554, -0.48182, -0.406843]
  [-0.250982, -0.031002, -0.498981, -0.475233, -0.483016]
  [-0.227757, -0.057898, -0.499051, -0.467913, -0.484807]
  [-0.238016, -0.056014, -0.499602, -0.457182, -0.415888]
  [-0.253456, -0.032058, -0.499286, -0.486012, -0.436126]
  [-0.223012, -0.061524, -0.499469, -0.460213, -0.418434]
  [-0.286137, -0.059154, -0.498861, -0.486662, -0.38222]
  [-0.280049, -0.024717, -0.499852, -0.457057, -0.457149]
  [-0.241864, -0.02591, -0.499353, -0.496743, -0.484717]
  [-0.240478, -0.061462, -0.499303, -0.466262, -0.438843]
  [-0.269967, -0.025704, -0.499716, -0.473674, -0.393629]
  [-0.280089, -0.048539, -0.498985, -0.475418, -0.417277]
  [-0.284837, -0.048033, -0.499579, -0.499814, -0.436544]
  [-0.234579, -0.022361, -0.499276, -0.474847, -0.377683]
  [-0.251304, -0.039445, -0.499016, -0.467491, -0.390304]
  [-0.232845, -0.060381, -0.498749, -0.46115, -0.472762]
  [-0.21562, -0.041268, -0.498723, -0.497323, -0.392334]
  [-0.277252, -0.055219, -0.499345, -0.461894, -0.435314]
  [-0.290313, -0.04239, -0.499512, -0.470927, -0.422194]
  [-0.242005, -0.056063, -0.499874, -0.472709, -0.432937]
  [-0.255726, -0.062902, -0.499365, -0.45654, -0.487522]
  [-0.262814, -0.053406, -0.499045, -0.463734, -0.458745]
  [-0.251089, -0.034199, -0.499263, -0.496509, -0.473576]
  [-0.215621, -0.055566, -0.499605, -0.468874, -0.482832]
  [-0.218417, -0.027289, -0.499693, -0.468344, -0.451115]
  [-0.280918, -0.041998, -0.498845, -0.467204, -0.408291]
  [-0.234839, -0.042195, -0.499998, -0.495943, -0.425389]
  [-0.245527, -0.0269, -0.498433, -0.47094, -0.38063]
  [-0.243188, -0.056234, -0.499855, -0.459693, -0.452577]
  [-0.258728, -0.043585, -0.499235, -0.457226, -0.469815]
  [-0.231109, -0.025746, -0.498892, -0.487599, -0.416497]
  [-0.278169, -0.029479, -0.499195, -0.486885, -0.379385]
  [-0.280822, -0.024468, -0.499051, -0.487066, -0.421737]
  [-0.241499, -0.043397, -0.499696, -0.455454, -0.428895]
  [-0.212302, -0.057497, -0.498438, -0.460358, -0.46796]
  [-0.238778, -0.029204, -0.499817, -0.463295, -0.452719]
  [-0.232926, -0.026854, -0.499217, -0.489328, -0.398436]
  [-0.272485, -0.054554, -0.499532, -0.465841, -0.463052]
  [-0.226717, -0.045096, -0.499399, -0.46626, -0.471741]
  [-0.246733, -0.062203, -0.499415, -0.479345, -0.420242]
  [-0.2927, -0.032895, -0.49949, -0.463279, -0.422845]
  [-0.215051, -0.038079, -0.498813, -0.466729, -0.376115]
  [-0.245273, -0.045323, -0.499801, -0.466397, -0.476949]
  [-0.218347, -0.044321, -0.49932, -0.498106, -0.466234]
  [-0.281752, -0.025487, -0.498498, -0.494635, -0.4315]
  [-0.290947, -0.056848, -0.49957, -0.467868, -0.411191]
  [-0.240028, -0.044331, -0.499775, -0.485624, -0.474898]
  [-0.263644, -0.035895, -0.499063, -0.477168, -0.418386]
  [-0.277315, -0.025641, -0.498496, -0.471981, -0.489038]
  [-0.218883, -0.061025, -0.49886, -0.496, -0.427456]
  [-0.243709, -0.060494, -0.499559, -0.488888, -0.43489]
  [-0.275757, -0.031491, -0.498904, -0.455868, -0.42166]
  [-0.290431, -0.039074, -0.498503, -0.490285, -0.462897]
  [-0.217487, -0.026097, -0.499735, -0.494181, -0.468316]
  [-0.233723, -0.035228, -0.499031, -0.466443, -0.429978]
  [-0.216893, -0.02356, -0.498966, -0.495359, -0.45387]
  [-0.24106, -0.022385, -0.498624, -0.483346, -0.442762]
  [-0.264654, -0.025902, -0.498543, -0.456899, -0.392629]
  [-0.224006, -0.055641, -0.498782, -0.466774, -0.414812]
  [-0.221216, -0.033331, -0.499635, -0.486917, -0.437394]
  [-0.251278, -0.022926, -0.498725, -0.457895, -0.477684]
  [-0.259958, -0.026032, -0.499466, -0.467985, -0.428905]
  [-0.25911, -0.028435, -0.498604, -0.46155, -0.416996]
  [-0.260492, -0.037441, -0.499649, -0.489205, -0.377645]
  [-0.281724, -0.046541, -0.499109, -0.477932, -0.488774]
  [-0.275339, -0.040048, -0.498668, -0.474528, -0.453392]
  [-0.24935, -0.054921, -0.499523, -0.465365, -0.407588]
  [-0.253457, -0.031813, -0.499538, -0.484193, -0.400522]
  [-0.292469, -0.046757, -0.49872, -0.473381, -0.485646]
  [-0.242238, -0.02233, -0.499127, -0.458741, -0.462529]
  [-0.293776, -0.042451, -0.499508, -0.472033, -0.484767]
  [-0.291136, -0.025432, -0.499984, -0.454698, -0.431792]
  [-0.24655, -0.05737, -0.499292, -0.490749, -0.425359]
  [-0.229596, -0.054575, -0.498504, -0.467397, -0.401745]
  [-0.260097, -0.041081, -0.499525, -0.478161, -0.460629]
  [-0.25335, -0.062421, -0.499541, -0.464868, -0.409462]
  [-0.283376, -0.029919, -0.499381, -0.490387, -0.395445]
  [-0.286592, -0.028168, -0.498833, -0.47062, -0.392052]
  [-0.264274, -0.043283, -0.499606, -0.482793, -0.446378]
  [-0.244863, -0.042667, -0.498636, -0.474818, -0.459974]
  [-0.237907, -0.043651, -0.499353, -0.461416, -0.461318]
  [-0.21227, -0.033107, -0.499671, -0.474012, -0.397242]
  [-0.246543, -0.022401, -0.49865, -0.478352, -0.393565]
  [-0.266726, -0.057548, -0.499328, -0.456278, -0.413701]
  [-0.241777, -0.033399, -0.498835, -0.499392, -0.422337]
  [-0.244766, -0.02965, -0.49873, -0.489402, -0.485679]
  [-0.293742, -0.03593, -0.499723, -0.494349, -0.403419]
  [-0.253999, -0.053579, -0.499411, -0.468115, -0.376028]
  [-0.237731, -0.038506, -0.499845, -0.496028, -0.388245]
  [-0.283169, -0.042402, -0.499207, -0.476195, -0.410348]
  [-0.293571, -0.032428, -0.499707, -0.495961, -0.46635]
  [-0.251549, -0.037646, -0.498797, -0.499335, -0.391778]
  [-0.238211, -0.046347, -0.499705, -0.498976, -0.463965]
  [-0.225564, -0.04167, -0.499051, -0.46813, -0.425965]
  [-0.219518, -0.031344, -0.499425, -0.456728, -0.479808]
  [-0.26518, -0.044086, -0.499631, -0.473537, -0.438529]
  [-0.252363, -0.053183, -0.49935, -0.463442, -0.478198]
  [-0.280139, -0.063182, -0.499546, -0.498019, -0.449887]
  [-0.277818, -0.047399, -0.499951, -0.477086, -0.478085]
  [-0.283205, -0.059553, -0.498435, -0.482273, -0.441636]
  [-0.217609, -0.036479, -0.499576, -0.478295, -0.421927]
  [-0.256417, -0.037389, -0.498831, -0.492777, -0.461488]
  [-0.289656, -0.054706, -0.498969, -0.489813, -0.488307]
  [-0.226526, -0.030953, -0.49897, -0.478209, -0.481833]
  [-0.28853, -0.04482, -0.49944, -0.49663, -0.448979]
  [-0.232865, -0.060841, -0.498599, -0.492292, -0.382666]
  [-0.220827, -0.034793, -0.499732, -0.463233, -0.438775]
  [-0.265381, -0.048293, -0.499785, -0.490496, -0.4269]
  [-0.253347, -0.05736, -0.499368, -0.492119, -0.49528]
  [-0.212646, -0.024006, -0.499789, -0.487696, -0.430239]
  [-0.24389, -0.047513, -0.499575, -0.484135, -0.392062]
  [-0.22945, -0.026426, -0.498873, -0.496868, -0.449692]
  [-0.246431, -0.045391, -0.499812, -0.458142, -0.410493]
  [-0.218264, -0.041119, -0.498724, -0.497286, -0.412798]
  [-0.269387, -0.040649, -0.499437, -0.485751, -0.39354]
  [-0.225296, -0.030799, -0.499356, -0.499186, -0.442068]
  [-0.260097, -0.05615, -0.49941, -0.457718, -0.444843]
  [-0.256061, -0.058905, -0.499668, -0.46426, -0.469291]
  [-0.268937, -0.037654, -0.4985, -0.493313, -0.421586]
  [-0.28252, -0.040515, -0.498815, -0.474011, -0.412312]
  [-0.256009, -0.041176, -0.499608, -0.485256, -0.463782]
  [-0.295092, -0.027179, -0.498792, -0.457893, -0.485053]
  [-0.233195, -0.03676, -0.499572, -0.498468, -0.399244]
  [-0.290355, -0.029216, -0.499013, -0.471165, -0.497604]
  [-0.275889, -0.057991, -0.499186, -0.47973, -0.411048]
  [-0.260259, -0.056636, -0.499054, -0.465894, -0.448636]
  [-0.2615, -0.03721, -0.49933, -0.484734, -0.468758]
  [-0.221987, -0.0245, -0.499122, -0.457397, -0.491662]
  [-0.213461, -0.036238, -0.499821, -0.461373, -0.463334]
  [-0.246731, -0.046708, -0.49863, -0.462711, -0.415629]
  [-0.289102, -0.050838, -0.499225, -0.473542, -0.415413]
  [-0.223744, -0.04955, -0.49994, -0.488573, -0.439871]
  [-0.247096, -0.023265, -0.49844, -0.471008, -0.415877]
  [-0.283345, -0.054633, -0.499192, -0.459384, -0.392574]
  [-0.288127, -0.035384, -0.499942, -0.455217, -0.441874]
  [-0.294043, -0.049377, -0.499143, -0.471454, -0.465112]
  [-0.237573, -0.063515, -0.49846, -0.491975, -0.434266]
  [-0.240735, -0.036438, -0.499085, -0.493174, -0.423972]
  [-0.25713, -0.048588, -0.498939, -0.497952, -0.388095]
  [-0.251968, -0.029733, -0.499873, -0.489361, -0.392692]
  [-0.270961, -0.058303, -0.498826, -0.486968, -0.375651]
  [-0.281105, -0.036057, -0.498932, -0.485895, -0.485647]
  [-0.252725, -0.044161, -0.499115, -0.476838, -0.378618]
  [-0.278222, -0.025975, -0.49971, -0.465504, -0.408161]
  [-0.247819, -0.052295, -0.49954, -0.462665, -0.483457]
  [-0.223365, -0.047096, -0.499141, -0.461777, -0.43316]
  [-0.276609, -0.034649, -0.499435, -0.495258, -0.499896]
  [-0.213562, -0.043361, -0.498993, -0.461651, -0.455611]
  [-0.290637, -0.033579, -0.498801, -0.457192, -0.476398]
  [-0.275566, -0.057213, -0.498928, -0.455594, -0.385582]
  [-0.26921, -0.03942, -0.498875, -0.488493, -0.473022]
  [-0.238991, -0.033177, -0.499246, -0.466084, -0.452999]
  [-0.260986, -0.063557, -0.499311, -0.486276, -0.411911]
  [-0.214339, -0.036042, -0.498811, -0.486088, -0.493221]
  [-0.218145, -0.057632, -0.499916, -0.490106, -0.380893]
  [-0.237919, -0.031615, -0.499055, -0.463664, -0.38573]
  [-0.222845, -0.055982, -0.498694, -0.495228, -0.404153]
  [-0.25003, -0.049492, -0.499856, -0.487647, -0.40038]
  [-0.279821, -0.041489, -0.498457, -0.486452, -0.401624]
  [-0.274075, -0.023903, -0.499504, -0.479122, -0.458001]
  [-0.225357, -0.049988, -0.499709, -0.486234, -0.443913]
  [-0.252565, -0.038466, -0.498454, -0.477816, -0.459357]
  [-0.289533, -0.049742, -0.499564, -0.486858, -0.49986]
  [-0.281757, -0.038153, -0.498817, -0.471544, -0.417007]
  [-0.278258, -0.062052, -0.499752, -0.490323, -0.400052]
  [-0.261229, -0.029301, -0.499106, -0.461937, -0.488912]
  [-0.248454, -0.022772, -0.499886, -0.465356, -0.42688]
  [-0.259505, -0.035696, -0.498484, -0.481634, -0.467231]
  [-0.274627, -0.045331, -0.499684, -0.474632, -0.467256]
  [-0.218813, -0.029655, -0.498637, -0.492339, -0.463211]
  [-0.265864, -0.054653, -0.498422, -0.470912, -0.45795]
  [-0.232071, -0.044701, -0.499481, -0.481804, -0.435049]
  [-0.233393, -0.026923, -0.499698, -0.484605, -0.485615]
  [-0.250911, -0.061511, -0.499582, -0.488361, -0.377639]
  [-0.275548, -0.05959, -0.498842, -0.474351, -0.446929]
  [-0.284955, -0.055832, -0.499918, -0.472787, -0.483159]
  [-0.227349, -0.062593, -0.498837, -0.469906, -0.484405]
  [-0.260561, -0.046498, -0.498632, -0.492309, -0.415808]
  [-0.258129, -0.039936, -0.498557, -0.469512, -0.465414]
  [-0.238144, -0.026064, -0.499586, -0.481392, -0.471232]
  [-0.235424, -0.04458, -0.498589, -0.463359, -0.399348]
  [-0.248971, -0.060782, -0.498964, -0.459729, -0.410744]
  [-0.28406, -0.024869, -0.49991, -0.463106, -0.395495]
  [-0.227921, -0.027692, -0.49888, -0.457575, -0.492227]
  [-0.247165, -0.039615, -0.499951, -0.466514, -0.389087]
  [-0.245387, -0.024398, -0.499805, -0.475205, -0.438844]
  [-0.285792, -0.056195, -0.498584, -0.471146, -0.399723]
  [-0.248044, -0.053058, -0.499747, -0.467135, -0.384556]
  [-0.270035, -0.030516, -0.498767, -0.493999, -0.499249]
  [-0.235244, -0.059354, -0.498472, -0.469064, -0.49302]
  [-0.257212, -0.062111, -0.49929, -0.467622, -0.39763]
  [-0.285882, -0.023823, -0.498551, -0.492756, -0.458121]
  [-0.252769, -0.03671, -0.499156, -0.479202, -0.377496]
  [-0.223268, -0.039344, -0.499248, -0.481333, -0.415463]
  [-0.239846, -0.027372, -0.498846, -0.476873, -0.467659]
  [-0.287179, -0.02867, -0.499855, -0.493107, -0.483563]
  [-0.271659, -0.058193, -0.49933, -0.488771, -0.388599]
  [-0.294452, -0.045181, -0.499343, -0.490322, -0.4273]
  [-0.231853, -0.059456, -0.499471, -0.459789, -0.393335]
  [-0.227919, -0.038697, -0.498926, -0.462465, -0.415145]
  [-0.255363, -0.058943, -0.498776, -0.488108, -0.468299]
  [-0.254128, -0.046045, -0.499473, -0.475268, -0.45463]
  [-0.268997, -0.043334, -0.498477, -0.48741, -0.379477]
  [-0.247217, -0.029088, -0.499608, -0.473547, -0.454795]
  [-0.283174, -0.041716, -0.498569, -0.494048, -0.481275]
  [-0.239019, -0.038651, -0.499552, -0.47737, -0.438007]
  [-0.285486, -0.024919, -0.49852, -0.484538, -0.488944]
  [-0.251192, -0.048327, -0.499814, -0.45892, -0.375278]
  [-0.237041, -0.053882, -0.499246, -0.468712, -0.481318]
  [-0.254261, -0.05301, -0.498443, -0.490337, -0.377329]
  [-0.224351, -0.054379, -0.498763, -0.487187, -0.413138]
  [-0.232189, -0.050906, -0.499217, -0.460821, -0.395754]
  [-0.254592, -0.059475, -0.498529, -0.468014, -0.460609]
  [-0.24442, -0.057872, -0.499787, -0.480196, -0.399752]
  [-0.286278, -0.043359, -0.498851, -0.486154, -0.454327]
  [-0.222837, -0.060205, -0.498831, -0.463532, -0.443204]
  [-0.224078, -0.055646, -0.499312, -0.461422, -0.403487]
  [-0.255621, -0.026925, -0.499057, -0.459488, -0.3806]
  [-0.222526, -0.041951, -0.499393, -0.459116, -0.382025]
  [-0.281961, -0.023736, -0.499366, -0.466088, -0.390322]
  [-0.261677, -0.028548, -0.499338, -0.474114, -0.433642]
  [-0.212302, -0.03806, -0.499703, -0.475768, -0.470024]
  [-0.228607, -0.052318, -0.498909, -0.454741, -0.376946]
  [-0.27364, -0.043835, -0.498564, -0.481201, -0.46801]
  [-0.294193, -0.033739, -0.499532, -0.496658, -0.40395]
  [-0.273154, -0.050021, -0.499201, -0.466015, -0.396004]
  [-0.223524, -0.035868, -0.499026, -0.480148, -0.395976]
  [-0.270839, -0.036712, -0.499812, -0.486002, -0.416113]
  [-0.213889, -0.028813, -0.498464, -0.496588, -0.40253]
  [-0.239584, -0.034131, -0.499781, -0.498493, -0.397671]
  [-0.273851, -0.047559, -0.499933, -0.473839, -0.481764]
  [-0.269843, -0.050159, -0.499282, -0.465033, -0.448012]
  [-0.284677, -0.035898, -0.499485, -0.484104, -0.427539]
  [-0.24884, -0.041113, -0.499223, -0.458458, -0.377929]
  [-0.237017, -0.028084, -0.498585, -0.484962, -0.483358]
  [-0.272456, -0.040928, -0.49869, -0.489706, -0.411219]
  [-0.243387, -0.038131, -0.499789, -0.458493, -0.446616]
  [-0.244428, -0.062619, -0.498825, -0.48262, -0.468177]
  [-0.285633, -0.03282, -0.499269, -0.4952, -0.385478]
  [-0.221419, -0.034574, -0.498473, -0.499996, -0.432246]
  [-0.252095, -0.02302, -0.498865, -0.455228, -0.463311]
  [-0.29106, -0.046159, -0.498603, -0.497984, -0.47123]
  [-0.289932, -0.056417, -0.498587, -0.472717, -0.414756]
  [-0.238997, -0.046464, -0.499436, -0.468637, -0.471704]
  [-0.2591, -0.034073, -0.49947, -0.46368, -0.476816]
  [-0.220942, -0.023945, -0.498447, -0.499658, -0.472726]
  [-0.266726, -0.042331, -0.499155, -0.493369, -0.38202]
  [-0.237883, -0.032006, -0.498709, -0.496918, -0.478092]
  [-0.246804, -0.057554, -0.499412, -0.464844, -0.423496]
  [-0.27211, -0.062429, -0.499808, -0.471332, -0.450565]
  [-0.279053, -0.026856, -0.499634, -0.493679, -0.464424]
  [-0.215964, -0.046516, -0.499662, -0.496288, -0.392689]
  [-0.213662, -0.048925, -0.499619, -0.473923, -0.464961]
  [-0.262303, -0.024004, -0.499987, -0.491463, -0.42354]
  [-0.236907, -0.043119, -0.49943, -0.485392, -0.461191]
  [-0.229151, -0.023996, -0.498753, -0.469519, -0.419867]
  [-0.279439, -0.062724, -0.499062, -0.479056, -0.402392]
  [-0.223055, -0.038872, -0.499898, -0.47139, -0.437957]
  [-0.251466, -0.062367, -0.498616, -0.472499, -0.427412]
  [-0.259606, -0.051359, -0.499431, -0.491074, -0.422309]
  [-0.285514, -0.062274, -0.499587, -0.456951, -0.387565]
  [-0.223079, -0.049596, -0.498705, -0.479996, -0.474877]
  [-0.222361, -0.024554, -0.498872, -0.475096, -0.448832]
  [-0.269079, -0.047012, -0.498875, -0.489136, -0.472907]
  [-0.249094, -0.022972, -0.498754, -0.490127, -0.430737]
  [-0.267216, -0.029054, -0.498436, -0.461381, -0.454545]
  [-0.262559, -0.042012, -0.499511, -0.496185, -0.418893]
  [-0.215365, -0.039741, -0.49958, -0.464168, -0.49993]
  [-0.262661, -0.033858, -0.499389, -0.479963, -0.472596]
  [-0.278546, -0.037494, -0.499912, -0.482082, -0.459824]
  [-0.22387, -0.057342, -0.499782, -0.483307, -0.405798]
  [-0.231795, -0.045483, -0.499032, -0.499985, -0.484015]
  [-0.255094, -0.029732, -0.498512, -0.479915, -0.442308]
  [-0.249177, -0.038633, -0.49867, -0.461547, -0.430573]
  [-0.275312, -0.063192, -0.49991, -0.477419, -0.434162]
  [-0.263192, -0.030096, -0.498467, -0.458952, -0.393677]
  [-0.290228, -0.03112, -0.498565, -0.460975, -0.415667]
  [-0.241797, -0.030111, -0.498508, -0.479663, -0.434984]
  [-0.254978, -0.027372, -0.499359, -0.471286, -0.427445]
  [-0.271713, -0.031531, -0.498415, -0.47862, -0.46739]
  [-0.223559, -0.029502, -0.498539, -0.493079, -0.456883]
  [-0.274356, -0.029564, -0.499615, -0.469443, -0.42229]
  [-0.249402, -0.051766, -0.499741, -0.45879, -0.426411]
  [-0.238636, -0.058299, -0.49913, -0.497358, -0.398801]
  [-0.273531, -0.046213, -0.499967, -0.483476, -0.402356]
  [-0.227065, -0.039261, -0.499228, -0.488314, -0.422179]
  [-0.275314, -0.051944, -0.499984, -0.480661, -0.383272]
  [-0.264257, -0.048729, -0.499642, -0.477756, -0.457171]
  [-0.283997, -0.038824, -0.499438, -0.469707, -0.383713]
  [-0.264871, -0.038746, -0.499894, -0.473929, -0.487427]
  [-0.221261, -0.050506, -0.4994, -0.488401, -0.491135]
  [-0.215812, -0.025084, -0.498432, -0.475543, -0.485652]
  [-0.257784, -0.043176, -0.499334, -0.478345, -0.395198]
  [-0.237334, -0.057271, -0.498987, -0.461372, -0.42673]
  [-0.256242, -0.038083, -0.499733, -0.456235, -0.421587]
  [-0.27752, -0.059703, -0.499256, -0.485071, -0.421806]
  [-0.227337, -0.062516, -0.498479, -0.458514, -0.394306]
  [-0.243613, -0.052034, -0.499059, -0.46897, -0.473013]
  [-0.294956, -0.054249, -0.498611, -0.467074, -0.49555]
  [-0.212675, -0.055856, -0.498886, -0.490252, -0.381011]
  [-0.215162, -0.029736, -0.498915, -0.457884, -0.424418]
  [-0.222615, -0.063046, -0.498757, -0.474847, -0.49501]
  [-0.245835, -0.034676, -0.499704, -0.46648, -0.421554]
  [-0.277701, -0.037262, -0.499727, -0.460945, -0.406221]
  [-0.277169, -0.024146, -0.499977, -0.486876, -0.402216]
  [-0.248882, -0.030634, -0.499398, -0.473224, -0.459874]
  [-0.240819, -0.039222, -0.498676, -0.477916, -0.466472]
  [-0.255914, -0.045156, -0.49961, -0.481354, -0.449506]
  [-0.256986, -0.062501, -0.499395, -0.492374, -0.478237]
  [-0.238306, -0.062237, -0.499654, -0.483199, -0.410594]
  [-0.251855, -0.029875, -0.498955, -0.462986, -0.406278]
  [-0.282535, -0.056245, -0.499169, -0.462462, -0.407187]
  [-0.242401, -0.032957, -0.498818, -0.479142, -0.394217]
  [-0.258541, -0.02902, -0.498764, -0.490424, -0.43692]
  [-0.234639, -0.056384, -0.498428, -0.496946, -0.43375]
  [-0.275368, -0.040351, -0.499286, -0.497397, -0.458372]
  [-0.235576, -0.036976, -0.499104, -0.493773, -0.427536]
  [-0.220948, -0.029231, -0.499052, -0.469508, -0.497991]
  [-0.257706, -0.026489, -0.498872, -0.456103, -0.482908]
  [-0.276379, -0.026593, -0.499471, -0.456163, -0.409097]
  [-0.275929, -0.030182, -0.499635, -0.495712, -0.409222]
  [-0.222311, -0.060302, -0.49841, -0.490982, -0.412949]
  [-0.260286, -0.044451, -0.498937, -0.471884, -0.377266]
  [-0.260571, -0.039045, -0.498632, -0.465795, -0.484652]
  [-0.270123, -0.030659, -0.499907, -0.471919, -0.477175]
  [-0.236208, -0.050506, -0.498999, -0.463188, -0.454108]
  [-0.241937, -0.02573, -0.499871, -0.483188, -0.41974]
  [-0.278598, -0.031685, -0.498548, -0.483138, -0.425712]
  [-0.25734, -0.057966, -0.499014, -0.494302, -0.453578]
  [-0.257308, -0.057946, -0.499013, -0.494306, -0.453595]
  [-0.257212, -0.057867, -0.499008, -0.494306, -0.453481]
  [-0.257014, -0.057884, -0.499013, -0.494301, -0.453638]
  [-0.257496, -0.057957, -0.499007, -0.494312, -0.453294]
  [-0.257894, -0.057867, -0.499011, -0.494305, -0.453289]
  [-0.257866, -0.05797, -0.499007, -0.494303, -0.453914]
  [-0.257414, -0.057903, -0.499009, -0.494293, -0.453686]
  [-0.257489, -0.057927, -0.499014, -0.494307, -0.453604]
  [-0.256957, -0.057947, -0.499012, -0.494303, -0.45367]
  [-0.257634, -0.057939, -0.499012, -0.494302, -0.453475]
  [-0.25703, -0.057868, -0.499012, -0.494302, -0.453597]
  [-0.257086, -0.057853, -0.499014, -0.494309, -0.453497]
  [-0.257681, -0.057891, -0.499011, -0.494309, -0.453368]
  [-0.25742, -0.057928, -0.499014, -0.494312, -0.453331]
  [-0.257069, -0.05784, -0.499014, -0.494302, -0.453352]
  [-0.25779, -0.057953, -0.499012, -0.494312, -0.453551]
  [-0.257335, -0.05785, -0.499012, -0.494318, -0.453182]
  [-0.257469, -0.057957, -0.499009, -0.494311, -0.453912]
  [-0.25704, -0.057956, -0.499007, -0.494317, -0.45342]
  [-0.257517, -0.057847, -0.49901, -0.494301, -0.453468]
  [-0.257623, -0.057917, -0.499014, -0.494298, -0.453316]
  [-0.257262, -0.057962, -0.499009, -0.494308, -0.453467]
  [-0.257899, -0.057906, -0.499012, -0.494315, -0.453907]
  [-0.257731, -0.057896, -0.499012, -0.494302, -0.453455]
  [-0.257773, -0.057974, -0.499014, -0.494302, -0.454036]
  [-0.257291, -0.057973, -0.499013, -0.494293, -0.453942]
  [-0.257308, -0.057845, -0.499009, -0.494303, -0.453794]
  [-0.257303, -0.057918, -0.499014, -0.49431, -0.454035]
  [-0.257282, -0.057947, -0.499009, -0.494315, -0.453673]
  [-0.257378, -0.057854, -0.499013, -0.494303, -0.453852]
  [-0.25698, -0.057932, -0.499012, -0.494294, -0.453397]
  [-0.257583, -0.057875, -0.499014, -0.494309, -0.453867]
  [-0.257277, -0.057975, -0.499011, -0.494296, -0.453585]
  [-0.257101, -0.057845, -0.499013, -0.494293, -0.45378]
  [-0.257543, -0.057844, -0.499008, -0.494306, -0.453299]
  [-0.257002, -0.057876, -0.49901, -0.494317, -0.453255]
  [-0.257834, -0.057887, -0.49901, -0.494301, -0.453938]
  [-0.257102, -0.057931, -0.499009, -0.494315, -0.453365]
  [-0.257142, -0.057855, -0.499011, -0.494313, -0.453781]
  [-0.257859, -0.057961, -0.499011, -0.494306, -0.453471]
  [-0.257249, -0.05795, -0.499014, -0.494312, -0.45351]
  [-0.257439, -0.057943, -0.499009, -0.494311, -0.453716]
  [-0.257873, -0.057856, -0.499011, -0.494313, -0.453676]
  [-0.257353, -0.05792, -0.499008, -0.494303, -0.453389]
  [-0.257158, -0.057878, -0.499009, -0.494297, -0.453444]
  [-0.257739, -0.057933, -0.499013, -0.494314, -0.453981]
  [-0.257788, -0.05787, -0.499014, -0.494303, -0.453301]
  [-0.25715, -0.057881, -0.499009, -0.494298, -0.454012]
  [-0.25717, -0.057877, -0.49901, -0.494303, -0.453349]
  [-0.25779, -0.057936, -0.499008, -0.494317, -0.453439]
  [-0.257797, -0.057861, -0.499012, -0.494307, -0.453764]
  [-0.257621, -0.057907, -0.499009, -0.494312, -0.453777]
  [-0.257322, -0.057963, -0.49901, -0.494317, -0.453585]
  [-0.257406, -0.057941, -0.499012, -0.494312, -0.453296]
  [-0.25789, -0.05795, -0.499011, -0.494297, -0.453612]
  [-0.257677, -0.057922, -0.499011, -0.494309, -0.453497]
  [-0.257507, -0.057974, -0.499012, -0.494295, -0.453873]
  [-0.25759, -0.057857, -0.499014, -0.494303, -0.453522]
  [-0.25752, -0.057937, -0.499009, -0.494318, -0.453948]
  [-0.257527, -0.05787, -0.499014, -0.494315, -0.453518]
  [-0.257391, -0.057931, -0.499009, -0.494296, -0.454047]
  [-0.257591, -0.05794, -0.499008, -0.494295, -0.453224]
  [-0.257903, -0.057926, -0.49901, -0.494317, -0.453407]
  [-0.257373, -0.057844, -0.499015, -0.494308, -0.453502]
  [-0.257159, -0.057951, -0.499007, -0.494293, -0.453481]
  [-0.257295, -0.057936, -0.499012, -0.4943, -0.453292]
  [-0.2576, -0.057836, -0.499015, -0.494317, -0.453661]
  [-0.257256, -0.057851, -0.499013, -0.494302, -0.453243]
  [-0.257513, -0.057958, -0.499013, -0.494293, -0.453766]
  [-0.257314, -0.057972, -0.499015, -0.494301, -0.453487]
  [-0.257114, -0.057861, -0.499012, -0.494297, -0.45383]
  [-0.257668, -0.057938, -0.499012, -0.494309, -0.453887]
  [-0.25721, -0.057974, -0.499014, -0.494309, -0.453941]
  [-0.257453, -0.057925, -0.499014, -0.494317, -0.453679]
  [-0.257278, -0.057897, -0.499015, -0.494295, -0.453415]
  [-0.256968, -0.057912, -0.499009, -0.494307, -0.453429]
  [-0.257549, -0.057839, -0.499008, -0.494294, -0.453835]
  [-0.257708, -0.057884, -0.499014, -0.494306, -0.453575]
  [-0.257397, -0.057879, -0.499014, -0.494294, -0.453291]
  [-0.257245, -0.057879, -0.49901, -0.494304, -0.453254]
  [-0.257111, -0.057902, -0.499013, -0.494312, -0.454034]
  [-0.257461, -0.057906, -0.499009, -0.494301, -0.454056]
  [-0.257451, -0.057845, -0.499011, -0.494299, -0.453882]
  [-0.257598, -0.057951, -0.499009, -0.494297, -0.453874]
  [-0.257111, -0.057945, -0.49901, -0.494315, -0.453677]
  [-0.257765, -0.057872, -0.499011, -0.494308, -0.45396]
  [-0.257322, -0.057842, -0.499009, -0.49431, -0.453529]
  [-0.25769, -0.057959, -0.499015, -0.494298, -0.453563]
  [-0.257003, -0.057868, -0.49901, -0.4943, -0.453356]
  [-0.257783, -0.057852, -0.499011, -0.494299, -0.453963]
  [-0.257135, -0.057868, -0.499007, -0.494296, -0.453676]
  [-0.257196, -0.057967, -0.499008, -0.494312, -0.45349]
  [-0.257189, -0.057844, -0.499014, -0.494296, -0.453589]
  [-0.257635, -0.057841, -0.49901, -0.494297, -0.453625]
  [-0.257299, -0.057884, -0.49901, -0.4943, -0.453925]
  [-0.257847, -0.057943, -0.499008, -0.494316, -0.453675]
  [-0.257245, -0.057865, -0.499009, -0.494304, -0.453925]
  [-0.257136, -0.057863, -0.499011, -0.494302, -0.453453]
  [-0.257539, -0.057867, -0.499011, -0.494313, -0.45324]
  [-0.257288, -0.057835, -0.499013, -0.494309, -0.453904]
  [-0.257467, -0.057978, -0.499015, -0.494302, -0.453805]
  [-0.257591, -0.057951, -0.499011, -0.494298, -0.453455]
  [-0.25715, -0.057939, -0.499012, -0.494315, -0.453893]
  [-0.257396, -0.057923, -0.49901, -0.494312, -0.453884]
  [-0.25723, -0.057833, -0.499013, -0.494303, -0.453913]
  [-0.25752, -0.057884, -0.499014, -0.494313, -0.45346]
  [-0.257843, -0.057969, -0.499014, -0.494296, -0.453334]
  [-0.257652, -0.057963, -0.499013, -0.4943, -0.453424]
  [-0.257089, -0.057878, -0.499009, -0.494302, -0.45339]
  [-0.257628, -0.057877, -0.499007, -0.494314, -0.453496]
  [-0.257009, -0.057866, -0.499014, -0.494294, -0.453684]
  [-0.257243, -0.057861, -0.499015, -0.494307, -0.454043]
  [-0.257146, -0.057846, -0.499009, -0.494306, -0.453704]
  [-0.257876, -0.057936, -0.499009, -0.494304, -0.453781]
  [-0.257082, -0.057859, -0.499015, -0.494301, -0.453286]
  [-0.257295, -0.057898, -0.499014, -0.494315, -0.453694]
  [-0.257462, -0.05788, -0.499009, -0.49431, -0.454026]
  [-0.257425, -0.057871, -0.499011, -0.494297, -0.453343]
  [-0.257551, -0.057837, -0.499014, -0.494303, -0.453888]
  [-0.257316, -0.057835, -0.499008, -0.494299, -0.453652]
  [-0.257539, -0.057868, -0.499007, -0.494294, -0.453687]
  [-0.257716, -0.057844, -0.499012, -0.494302, -0.453591]
  [-0.257708, -0.057847, -0.499007, -0.494304, -0.453347]
  [-0.256942, -0.05785, -0.499008, -0.494312, -0.453556]
  [-0.256987, -0.057846, -0.499014, -0.494303, -0.453681]
  [-0.257373, -0.057957, -0.49901, -0.494295, -0.454059]
  [-0.257741, -0.057927, -0.499007, -0.494296, -0.45333]
  [-0.257901, -0.057937, -0.499009, -0.494308, -0.45367]
  [-0.257237, -0.057899, -0.49901, -0.4943, -0.453868]
  [-0.257154, -0.05788, -0.499013, -0.4943, -0.45355]
  [-0.257151, -0.057856, -0.499014, -0.494304, -0.453324]
  [-0.257681, -0.057922, -0.499012, -0.494298, -0.453993]
  [-0.257631, -0.057954, -0.49901, -0.494305, -0.453336]
  [-0.257049, -0.057975, -0.499014, -0.494293, -0.453406]
  [-0.257355, -0.057895, -0.49901, -0.494318, -0.453817]
  [-0.257644, -0.057872, -0.499013, -0.49431, -0.453346]
  [-0.257805, -0.057907, -0.499012, -0.494312, -0.453706]
  [-0.257775, -0.057944, -0.499007, -0.494298, -0.45336]
  [-0.25774, -0.057975, -0.499012, -0.494309, -0.453803]
  [-0.257834, -0.057912, -0.499013, -0.494294, -0.453343]
  [-0.257892, -0.057971, -0.499008, -0.494301, -0.453679]
  [-0.257778, -0.057911, -0.499011, -0.494316, -0.454002]
  [-0.2576, -0.057962, -0.499011, -0.4943, -0.453596]
  [-0.257335, -0.057914, -0.499014, -0.494302, -0.45403]
  [-0.25735, -0.057947, -0.499007, -0.494311, -0.453771]
  [-0.257893, -0.05786, -0.499014, -0.4943, -0.453741]
  [-0.257704, -0.057962, -0.499009, -0.494293, -0.453401]
  [-0.257274, -0.057938, -0.499008, -0.494314, -0.453842]
  [-0.257355, -0.057876, -0.499008, -0.494309, -0.453649]
  [-0.256936, -0.057884, -0.499012, -0.494304, -0.453189]
  [-0.257292, -0.057859, -0.499011, -0.49431, -0.453851]
  [-0.257135, -0.057975, -0.499013, -0.494317, -0.453333]
  [-0.257296, -0.057918, -0.499008, -0.494292, -0.454066]
  [-0.257037, -0.057944, -0.499007, -0.494301, -0.453486]
  [-0.257629, -0.057914, -0.49901, -0.494294, -0.453568]
  [-0.257814, -0.057924, -0.49901, -0.494292, -0.453179]
  [-0.257413, -0.057913, -0.49901, -0.494298, -0.453946]
  [-0.257121, -0.057933, -0.499011, -0.4943, -0.453528]
  [-0.25749, -0.057911, -0.49901, -0.494299, -0.453818]
  [-0.256978, -0.05791, -0.49901, -0.494298, -0.453605]
  [-0.257819, -0.057875, -0.499015, -0.494317, -0.453404]
  [-0.257371, -0.057887, -0.499014, -0.494298, -0.453301]
  [-0.256968, -0.05786, -0.499012, -0.494301, -0.45337]
  [-0.256967, -0.057865, -0.499009, -0.494317, -0.453511]
  [-0.25733, -0.057948, -0.499008, -0.494295, -0.453513]
  [-0.257114, -0.057913, -0.499014, -0.49431, -0.453811]
  [-0.257661, -0.057909, -0.49901, -0.494302, -0.45361]
  [-0.257771, -0.057919, -0.499008, -0.494309, -0.453983]
  [-0.256956, -0.057897, -0.49901, -0.494309, -0.453661]
  [-0.257752, -0.057928, -0.499012, -0.494304, -0.453827]
  [-0.257695, -0.057877, -0.499015, -0.494298, -0.453944]
  [-0.256959, -0.057923, -0.499009, -0.494311, -0.45387]
  [-0.25694, -0.057921, -0.499009, -0.494312, -0.453996]
  [-0.257174, -0.057917, -0.499012, -0.494309, -0.45376]
  [-0.257821, -0.057839, -0.499015, -0.494314, -0.453363]
  [-0.257364, -0.05792, -0.499013, -0.494294, -0.45331]
  [-0.256984, -0.057915, -0.499015, -0.494318, -0.453345]
  [-0.257508, -0.057895, -0.499011, -0.494302, -0.453621]
  [-0.257114, -0.057919, -0.499015, -0.494304, -0.453203]
  [-0.257057, -0.057839, -0.499015, -0.494303, -0.453894]
  [-0.257653, -0.057857, -0.499009, -0.494294, -0.453611]
  [-0.257283, -0.057867, -0.499008, -0.494296, -0.453771]
  [-0.257781, -0.057949, -0.499014, -0.494305, -0.453832]
  [-0.257574, -0.057886, -0.49901, -0.494294, -0.453533]
  [-0.257023, -0.057906, -0.499011, -0.494316, -0.453418]
  [-0.257185, -0.057948, -0.49901, -0.494318, -0.454062]
  [-0.257191, -0.057852, -0.499009, -0.4943, -0.453605]
  [-0.257488, -0.057946, -0.499013, -0.494303, -0.453736]
  [-0.257136, -0.05787, -0.499014, -0.494301, -0.453947]
  [-0.257646, -0.057904, -0.499007, -0.494312, -0.453469]
  [-0.25789, -0.057927, -0.499008, -0.494297, -0.453661]
  [-0.257144, -0.057837, -0.499012, -0.494293, -0.453453]
  [-0.257346, -0.057898, -0.499008, -0.494296, -0.453638]
  [-0.257688, -0.057916, -0.499013, -0.4943, -0.454025]
  [-0.257283, -0.057836, -0.499012, -0.494307, -0.4538]
  [-0.257595, -0.057893, -0.499011, -0.494311, -0.453274]
  [-0.25743, -0.057848, -0.499007, -0.494305, -0.453907]
  [-0.257624, -0.057859, -0.499009, -0.494301, -0.453416]
  [-0.257765, -0.057853, -0.49901, -0.494311, -0.453239]
  [-0.256973, -0.05796, -0.499009, -0.494315, -0.454015]
  [-0.257717, -0.057963, -0.49901, -0.494298, -0.453416]
  [-0.257438, -0.057864, -0.499014, -0.494296, -0.453924]
  [-0.257232, -0.057874, -0.499009, -0.494316, -0.453784]
  [-0.257475, -0.05794, -0.499007, -0.494304, -0.453294]
  [-0.257179, -0.057977, -0.499014, -0.494295, -0.453773]
  [-0.257023, -0.057913, -0.499015, -0.494309, -0.453948]
  [-0.256945, -0.057964, -0.499013, -0.49431, -0.453992]
  [-0.257231, -0.057947, -0.499015, -0.494312, -0.45322]
  [-0.257831, -0.057892, -0.499009, -0.494313, -0.453281]
  [-0.257835, -0.057857, -0.49901, -0.494308, -0.453283]
  [-0.257373, -0.05794, -0.49901, -0.494307, -0.453235]
  [-0.256994, -0.057959, -0.499015, -0.494314, -0.453442]
  [-0.257211, -0.057879, -0.499007, -0.494303, -0.453604]
  [-0.257179, -0.057923, -0.499014, -0.494293, -0.453301]
  [-0.257374, -0.05787, -0.49901, -0.494309, -0.453949]
  [-0.257788, -0.057913, -0.499013, -0.494295, -0.453685]
  [-0.257549, -0.057904, -0.49901, -0.494313, -0.453273]
  [-0.257113, -0.057967, -0.499014, -0.494306, -0.453631]
  [-0.257799, -0.057844, -0.49901, -0.494307, -0.453815]
  [-0.257744, -0.057954, -0.499013, -0.494301, -0.453587]
  [-0.257719, -0.057977, -0.499012, -0.494296, -0.453913]
  [-0.256973, -0.057855, -0.499012, -0.494313, -0.453918]
  [-0.257762, -0.057839, -0.499012, -0.494299, -0.454055]
  [-0.257336, -0.05789, -0.499011, -0.4943, -0.453748]
  [-0.257088, -0.057848, -0.49901, -0.494315, -0.453779]
  [-0.257746, -0.05791, -0.499007, -0.494302, -0.453759]
  [-0.256986, -0.057924, -0.49901, -0.494295, -0.453788]
  [-0.257745, -0.057933, -0.499007, -0.494314, -0.453426]
  [-0.257829, -0.057964, -0.499008, -0.494316, -0.453743]
  [-0.257529, -0.057962, -0.499015, -0.49431, -0.453589]
  [-0.257721, -0.057878, -0.499009, -0.494313, -0.453401]
  [-0.257631, -0.057963, -0.49901, -0.49431, -0.454009]
  [-0.257223, -0.057935, -0.499007, -0.494293, -0.453516]
  [-0.257185, -0.057913, -0.499009, -0.494315, -0.453995]
  [-0.256971, -0.057939, -0.499009, -0.494299, -0.453449]
  [-0.257615, -0.057903, -0.499011, -0.494304, -0.453727]
  [-0.257375, -0.057944, -0.49901, -0.49431, -0.453834]
  [-0.257896, -0.057941, -0.499011, -0.494295, -0.453809]
  [-0.257877, -0.057933, -0.499012, -0.494296, -0.453774]
  [-0.257823, -0.057884, -0.499013, -0.494314, -0.453796]
  [-0.257054, -0.05795, -0.49901, -0.4943, -0.453655]
  [-0.257266, -0.057938, -0.499011, -0.494295, -0.454011]
  [-0.257739, -0.057945, -0.499008, -0.494298, -0.45319]
  [-0.257479, -0.057905, -0.499011, -0.494307, -0.453925]
  [-0.257828, -0.057974, -0.499013, -0.494312, -0.453628]
  [-0.257681, -0.05797, -0.499013, -0.494314, -0.453529]
  [-0.256942, -0.057909, -0.499009, -0.494307, -0.453473]
  [-0.257103, -0.057878, -0.499014, -0.494308, -0.453836]
  [-0.257024, -0.05792, -0.49901, -0.494312, -0.454026]
  [-0.257426, -0.057959, -0.499014, -0.494317, -0.453715]
  [-0.257646, -0.057975, -0.49901, -0.494313, -0.454057]
  [-0.25741, -0.057937, -0.499012, -0.494299, -0.453521]
  [-0.257262, -0.057842, -0.499013, -0.494307, -0.454055]
  [-0.257229, -0.057843, -0.499011, -0.494293, -0.453712]
  [-0.257733, -0.05792, -0.499013, -0.494296, -0.453629]
  [-0.257575, -0.057875, -0.499012, -0.494294, -0.454004]
  [-0.257654, -0.057866, -0.499007, -0.494312, -0.453773]
  [-0.257041, -0.057894, -0.499011, -0.49431, -0.453425]
  [-0.256944, -0.057964, -0.499013, -0.494313, -0.453178]
  [-0.25723, -0.057974, -0.499015, -0.494298, -0.453408]
  [-0.256935, -0.057886, -0.499013, -0.494292, -0.454004]
  [-0.25763, -0.057856, -0.499012, -0.494308, -0.453718]
  [-0.257128, -0.057836, -0.499012, -0.494302, -0.453729]
  [-0.257514, -0.057893, -0.499013, -0.494306, -0.453382]
  [-0.257043, -0.057952, -0.499014, -0.494301, -0.453217]
  [-0.257872, -0.057932, -0.499012, -0.4943, -0.45328]
  [-0.257525, -0.057961, -0.49901, -0.494294, -0.453595]
  [-0.257789, -0.057909, -0.499009, -0.494312, -0.453533]
  [-0.257201, -0.057901, -0.499012, -0.494292, -0.453274]
  [-0.257728, -0.057904, -0.49901, -0.494312, -0.453555]
  [-0.257276, -0.057954, -0.499012, -0.494297, -0.45341]
  [-0.257849, -0.057899, -0.49901, -0.494294, -0.453545]
  [-0.257218, -0.057871, -0.499008, -0.494313, -0.454046]
  [-0.257097, -0.05784, -0.499013, -0.494301, -0.453867]
  [-0.257665, -0.057971, -0.499007, -0.494317, -0.453604]
  [-0.257115, -0.057856, -0.499014, -0.494293, -0.453824]
  [-0.257638, -0.057875, -0.499011, -0.494306, -0.453689]
  [-0.257252, -0.057892, -0.499011, -0.494306, -0.453757]
  [-0.257609, -0.057949, -0.499012, -0.494311, -0.45323]
  [-0.257893, -0.057914, -0.49901, -0.494299, -0.453454]
  [-0.257371, -0.057976, -0.49901, -0.494303, -0.453274]
  [-0.257453, -0.057862, -0.499012, -0.494293, -0.453781]
  [-0.257134, -0.057937, -0.499008, -0.494304, -0.453672]
  [-0.257764, -0.057975, -0.499012, -0.494301, -0.453239]
  [-0.256982, -0.057943, -0.499013, -0.494305, -0.453585]
  [-0.257651, -0.057973, -0.499008, -0.494297, -0.453571]
  [-0.256955, -0.057954, -0.499014, -0.494318, -0.453225]
  [-0.257749, -0.057838, -0.499007, -0.494297, -0.453753]
  [-0.257095, -0.057952, -0.499007, -0.494308, -0.453189]
  [-0.25756, -0.05791, -0.49901, -0.494299, -0.453964]
  [-0.257493, -0.057845, -0.499013, -0.494318, -0.453535]
  [-0.257423, -0.057958, -0.499014, -0.494311, -0.453188]
  [-0.257093, -0.057962, -0.499013, -0.494295, -0.453994]
  [-0.257267, -0.057885, -0.499011, -0.494316, -0.453931]
  [-0.257252, -0.057901, -0.499013, -0.494315, -0.453186]
  [-0.257673, -0.057938, -0.49901, -0.494305, -0.453545]
  [-0.257529, -0.057839, -0.499009, -0.49431, -0.45386]
  [-0.257702, -0.057948, -0.499009, -0.494294, -0.454069]
  [-0.257818, -0.057862, -0.499014, -0.494307, -0.453496]
  [-0.257105, -0.057857, -0.499014, -0.494306, -0.453535]
  [-0.257189, -0.057907, -0.499012, -0.494309, -0.453555]
  [-0.257729, -0.057865, -0.499011, -0.494311, -0.454023]
  [-0.257499, -0.057833, -0.49901, -0.494305, -0.453658]
  [-0.257131, -0.057928, -0.499014, -0.494318, -0.453779]
  [-0.257075, -0.057908, -0.499013, -0.494315, -0.453309]
  [-0.257842, -0.057897, -0.499007, -0.494317, -0.453944]
  [-0.257065, -0.057966, -0.499013, -0.494303, -0.453489]
  [-0.257055, -0.057855, -0.49901, -0.494299, -0.453964]
  [-0.257814, -0.057891, -0.499015, -0.494297, -0.453809]
  [-0.257587, -0.057936, -0.499009, -0.494314, -0.453918]
  [-0.257413, -0.057873, -0.499015, -0.494303, -0.454]
  [-0.257507, -0.057934, -0.499007, -0.494304, -0.453422]
  [-0.257426, -0.057909, -0.499014, -0.494298, -0.453637]
  [-0.257776, -0.057971, -0.49901, -0.494292, -0.453806]
  [-0.257428, -0.057925, -0.499007, -0.494305, -0.45328]
  [-0.257388, -0.057838, -0.499008, -0.494308, -0.453516]
  [-0.257066, -0.0579, -0.49901, -0.494305, -0.453183]
  [-0.257707, -0.057916, -0.499015, -0.494315, -0.45354]
  [-0.25775, -0.057912, -0.499012, -0.494295, -0.453928]
  [-0.257654, -0.057902, -0.499008, -0.494318, -0.453922]
  [-0.257062, -0.057902, -0.499008, -0.494305, -0.453716]
  [-0.257489, -0.057852, -0.499013, -0.494305, -0.453819]
  [-0.257089, -0.057945, -0.49901, -0.494308, -0.453487]
  [-0.257117, -0.057942, -0.499014, -0.494313, -0.453492]
  [-0.257665, -0.057886, -0.499012, -0.494303, -0.453676]
  [-0.257761, -0.057874, -0.499014, -0.494305, -0.453612]
  [-0.257175, -0.057963, -0.49901, -0.494299, -0.453778]
  [-0.257594, -0.057969, -0.49901, -0.494306, -0.454019]
  [-0.25704, -0.057971, -0.499014, -0.494303, -0.453731]
  [-0.257238, -0.057918, -0.499013, -0.494309, -0.453591]
  [-0.257776, -0.057968, -0.499008, -0.494316, -0.453323]
  [-0.257477, -0.057947, -0.499013, -0.494312, -0.453626]
  [-0.257488, -0.057848, -0.499011, -0.494306, -0.453662]
  [-0.257385, -0.057923, -0.499008, -0.494315, -0.453458]
  [-0.257245, -0.057916, -0.499011, -0.494316, -0.453565]
  [-0.257105, -0.057973, -0.499013, -0.494314, -0.454039]
  [-0.256935, -0.057949, -0.499012, -0.494316, -0.453719]
  [-0.257064, -0.057934, -0.499009, -0.494314, -0.453796]
  [-0.257892, -0.057886, -0.499014, -0.494318, -0.453919]
  [-0.257794, -0.057917, -0.499011, -0.494305, -0.453595]
  [-0.257105, -0.057863, -0.499007, -0.494299, -0.453212]
  [-0.257097, -0.057951, -0.499012, -0.494315, -0.453377]
  [-0.257383, -0.057924, -0.49901, -0.494303, -0.453293]
  [-0.257202, -0.057879, -0.499008, -0.494302, -0.453312]
  [-0.257627, -0.057862, -0.499007, -0.494311, -0.453977]
  [-0.257784, -0.057859, -0.499014, -0.494292, -0.453874]
  [-0.257853, -0.057842, -0.49901, -0.494309, -0.453282]
  [-0.257747, -0.057843, -0.499009, -0.494313, -0.453461]
  [-0.257796, -0.057923, -0.499008, -0.494304, -0.453607]
  [-0.257374, -0.057903, -0.499011, -0.494296, -0.453587]
  [-0.257859, -0.05789, -0.499014, -0.494315, -0.453539]
  [-0.257583, -0.057942, -0.499012, -0.494311, -0.454012]
  [-0.25719, -0.057924, -0.499008, -0.494298, -0.453552]
  [-0.257584, -0.057926, -0.499014, -0.494297, -0.454036]
  [-0.257853, -0.057911, -0.499012, -0.494294, -0.453652]
  [-0.257552, -0.057874, -0.499013, -0.494313, -0.453375]
  [-0.257397, -0.057965, -0.49901, -0.494315, -0.45322]
  [-0.256975, -0.05785, -0.499013, -0.494315, -0.453932]
  [-0.257225, -0.057961, -0.499011, -0.494303, -0.454041]
  [-0.257169, -0.05786, -0.49901, -0.494311, -0.454047]
  [-0.257175, -0.057891, -0.499008, -0.494295, -0.453301]
  [-0.257008, -0.057836, -0.499014, -0.494316, -0.453552]
  [-0.25766, -0.05791, -0.499009, -0.494301, -0.453425]
  [-0.257626, -0.057839, -0.499013, -0.494306, -0.453277]
  [-0.257349, -0.057928, -0.499008, -0.494308, -0.453854]
  [-0.257662, -0.057894, -0.499008, -0.494316, -0.453955]
  [-0.257014, -0.057873, -0.499015, -0.494294, -0.45393]
  [-0.257298, -0.057847, -0.499007, -0.494302, -0.453391]
  [-0.25741, -0.057925, -0.49901, -0.494296, -0.453544]
  [-0.257446, -0.057869, -0.499008, -0.494314, -0.4532]
  [-0.257264, -0.057905, -0.499009, -0.494304, -0.453238]
  [-0.257203, -0.057965, -0.49901, -0.494311, -0.453219]
  [-0.25696, -0.057945, -0.499008, -0.494316, -0.453507]
  [-0.257016, -0.057889, -0.499012, -0.494302, -0.453315]
  [-0.257257, -0.057898, -0.499015, -0.494311, -0.453452]
  [-0.257148, -0.057863, -0.499011, -0.494314, -0.453625]
  [-0.257453, -0.057895, -0.499007, -0.494304, -0.453479]
  [-0.257732, -0.057953, -0.499014, -0.494299, -0.453452]
  [-0.25696, -0.057894, -0.499007, -0.494298, -0.45352]
  [-0.25697, -0.057848, -0.49901, -0.494317, -0.453662]
  [-0.257453, -0.057911, -0.499015, -0.4943, -0.453944]
  [-0.257328, -0.057968, -0.499014, -0.494312, -0.453314]
  [-0.257029, -0.057968, -0.499014, -0.494317, -0.453947]
  [-0.257725, -0.057843, -0.499008, -0.494296, -0.453614]
  [-0.256959, -0.057865, -0.499008, -0.494315, -0.453993]
  [-0.257, -0.057884, -0.49901, -0.494315, -0.454]
  [-0.257601, -0.057944, -0.499009, -0.494316, -0.453657]
  [-0.257211, -0.057911, -0.499015, -0.494312, -0.453449]
  [-0.257648, -0.05788, -0.49901, -0.494301, -0.453732]
  [-0.257012, -0.057949, -0.499012, -0.494309, -0.453597]
  [-0.257433, -0.057858, -0.499012, -0.494302, -0.453786]
  [-0.257027, -0.057852, -0.499012, -0.494297, -0.453732]
  [-0.257504, -0.057883, -0.499013, -0.494315, -0.453343]
  [-0.257078, -0.057928, -0.49901, -0.494316, -0.453393]
  [-0.257633, -0.057951, -0.49901, -0.494304, -0.453486]
  [-0.257425, -0.05789, -0.499007, -0.494292, -0.453913]
  [-0.25745, -0.057842, -0.499012, -0.4943, -0.45391]
  [-0.257689, -0.057876, -0.499012, -0.494306, -0.453598]
  [-0.257043, -0.057867, -0.499008, -0.494309, -0.453693]
  [-0.257331, -0.057935, -0.499008, -0.494305, -0.453295]
  [-0.256941, -0.057902, -0.499011, -0.494313, -0.45368]
  [-0.257649, -0.057971, -0.499013, -0.4943, -0.453462]
  [-0.257606, -0.057855, -0.499008, -0.494308, -0.453546]
  [-0.257206, -0.057879, -0.499014, -0.494302, -0.4539]
  [-0.257601, -0.057843, -0.499013, -0.494301, -0.453943]
  [-0.2573, -0.057919, -0.499012, -0.494313, -0.453295]
  [-0.257023, -0.057856, -0.499011, -0.494296, -0.453271]
  [-0.257436, -0.057937, -0.499012, -0.494293, -0.453221]
  [-0.257346, -0.057968, -0.499011, -0.494316, -0.453765]
  [-0.257241, -0.05796, -0.499014, -0.494307, -0.45346]
  [-0.257551, -0.057905, -0.499012, -0.494293, -0.453431]
  [-0.257452, -0.05788, -0.499012, -0.494317, -0.453338]
  [-0.257065, -0.057928, -0.49901, -0.49431, -0.453507]
  [-0.257049, -0.057937, -0.499008, -0.494305, -0.453398]
  [-0.257279, -0.05793, -0.49901, -0.494314, -0.45384]
  [-0.257271, -0.057873, -0.499014, -0.494305, -0.453935]
  [-0.257341, -0.057844, -0.499015, -0.494308, -0.453398]
  [-0.257679, -0.05786, -0.499012, -0.494317, -0.453456]
  [-0.257219, -0.057901, -0.499012, -0.494304, -0.453226]
  [-0.257847, -0.057959, -0.49901, -0.494307, -0.453219]
  [-0.256958, -0.057978, -0.499012, -0.494312, -0.453364]
  [-0.256968, -0.057902, -0.499009, -0.494313, -0.453355]
  [-0.257395, -0.057921, -0.499008, -0.494311, -0.453567]
  [-0.257415, -0.057896, -0.499012, -0.494295, -0.453413]
  [-0.257458, -0.057864, -0.499008, -0.494306, -0.453909]
  [-0.257302, -0.057948, -0.499014, -0.494299, -0.453837]
  [-0.257805, -0.057915, -0.499007, -0.494315, -0.453812]
  [-0.2576, -0.057877, -0.499014, -0.494311, -0.453885]
  [-0.257021, -0.057967, -0.499012, -0.494309, -0.453918]
  [-0.257208, -0.05792, -0.499014, -0.494305, -0.45404]
  [-0.257021, -0.057909, -0.499013, -0.4943, -0.453865]
  [-0.256956, -0.057956, -0.499012, -0.494301, -0.453958]
  [-0.257644, -0.05788, -0.499014, -0.494298, -0.453491]
  [-0.257598, -0.057959, -0.499009, -0.494301, -0.453348]
  [-0.257533, -0.057885, -0.499012, -0.49431, -0.453986]
  [-0.257297, -0.057835, -0.499007, -0.494305, -0.454039]
  [-0.257071, -0.057935, -0.499009, -0.4943, -0.453537]
  [-0.25739, -0.057882, -0.499007, -0.494309, -0.453731]
  [-0.257657, -0.057943, -0.499009, -0.494298, -0.453425]
  [-0.257775, -0.057833, -0.499009, -0.494316, -0.453424]
  [-0.25698, -0.057888, -0.499014, -0.494313, -0.453253]
  [-0.257231, -0.057916, -0.499014, -0.494314, -0.453825]
  [-0.25758, -0.057947, -0.499014, -0.494306, -0.453682]
  [-0.257018, -0.057877, -0.49901, -0.494316, -0.453223]
  [-0.256968, -0.057897, -0.499014, -0.494293, -0.453832]
  [-0.257489, -0.057845, -0.499009, -0.494309, -0.45391]
  [-0.257181, -0.057975, -0.499012, -0.494315, -0.453181]
  [-0.257107, -0.057935, -0.499013, -0.494296, -0.453814]
  [-0.257584, -0.057845, -0.499013, -0.494298, -0.453525]
  [-0.257898, -0.057867, -0.499011, -0.494305, -0.453287]
  [-0.2579, -0.057867, -0.499011, -0.494305, -0.453287]
  [-0.257902, -0.057866, -0.499011, -0.494305, -0.453287]
  [-0.257904, -0.057866, -0.499011, -0.494305, -0.453289]
  [-0.257894, -0.057866, -0.499011, -0.494305, -0.453286]
  [-0.257894, -0.057867, -0.499011, -0.494305, -0.453287]
  [-0.257898, -0.057866, -0.499011, -0.494305, -0.453286]
  [-0.257899, -0.057866, -0.499011, -0.494305, -0.453288]
  [-0.257899, -0.057867, -0.499011, -0.494305, -0.453288]
  [-0.257897, -0.057866, -0.499011, -0.494305, -0.453287]
  [-0.2579, -0.057866, -0.499011, -0.494305, -0.453287]
  [-0.257899, -0.057866, -0.499011, -0.494305, -0.453289]
  [-0.257894, -0.057866, -0.499011, -0.494305, -0.453288]
  [-0.257899, -0.057867, -0.499011, -0.494305, -0.453289]
  [-0.257895, -0.057867, -0.499011, -0.494305, -0.45329]
  [-0.257894, -0.057866, -0.499011, -0.494305, -0.453287]
  [-0.257901, -0.057867, -0.499011, -0.494305, -0.453289]
  [-0.257901, -0.057866, -0.499011, -0.494305, -0.453288]
  [-0.257897, -0.057866, -0.499011, -0.494305, -0.453289]
  [-0.257893, -0.057867, -0.499011, -0.494305, -0.453289]
  [-0.257902, -0.057867, -0.499011, -0.494305, -0.453288]
  [-0.257904, -0.057867, -0.499011, -0.494305, -0.453289]
  [-0.257896, -0.057867, -0.499011, -0.494305, -0.453287]
  [-0.257896, -0.057867, -0.499011, -0.494305, -0.45329]
  [-0.257901, -0.057866, -0.499011, -0.494305, -0.453289]
  [-0.257902, -0.057866, -0.499011, -0.494305, -0.453286]
  [-0.257903, -0.057866, -0.499011, -0.494305, -0.453288]
  [-0.257901, -0.057866, -0.499011, -0.494305, -0.45329]
  [-0.257893, -0.057866, -0.499011, -0.494305, -0.453287]
  [-0.257902, -0.057867, -0.499011, -0.494305, -0.453286]
  [-0.257898, -0.057866, -0.499011, -0.494305, -0.453289]
  [-0.257902, -0.057866, -0.499011, -0.494305, -0.453289]
  [-0.257901, -0.057866, -0.499011, -0.494305, -0.453287]
  [-0.257895, -0.057867, -0.499011, -0.494305, -0.453289]
  [-0.257898, -0.057867, -0.499011, -0.494305, -0.45329]
  [-0.257893, -0.057866, -0.499011, -0.494305, -0.453289]
  [-0.2579, -0.057866, -0.499011, -0.494305, -0.453289]
  [-0.257899, -0.057867, -0.499011, -0.494305, -0.45329]
  [-0.257896, -0.057866, -0.499011, -0.494305, -0.45329]
  [-0.257904, -0.057866, -0.499011, -0.494305, -0.453287]
  [-0.257898, -0.057866, -0.499011, -0.494305, -0.453287]
  [-0.257899, -0.057867, -0.499011, -0.494305, -0.453287]
  [-0.257897, -0.057867, -0.499011, -0.494305, -0.453287]
  [-0.257902, -0.057866, -0.499011, -0.494305, -0.45329]
  [-0.257899, -0.057867, -0.499011, -0.494305, -0.453286]
  [-0.257896, -0.057866, -0.499011, -0.494305, -0.453287]
  [-0.2579, -0.057866, -0.499011, -0.494305, -0.45329]
  [-0.257903, -0.057867, -0.499011, -0.494305, -0.453288]
  [-0.257893, -0.057867, -0.499011, -0.494305, -0.453287]
  [-0.257903, -0.057866, -0.499011, -0.494305, -0.453286]
  [-0.257903, -0.057866, -0.499011, -0.494305, -0.45329]
  [-0.257897, -0.057867, -0.499011, -0.494305, -0.453289]
  [-0.257901, -0.057867, -0.499011, -0.494305, -0.453288]
  [-0.257895, -0.057866, -0.499011, -0.494305, -0.45329]
  [-0.257901, -0.057867, -0.499011, -0.494305, -0.453287]
  [-0.257904, -0.057866, -0.499011, -0.494305, -0.453288]
  [-0.257895, -0.057867, -0.499011, -0.494305, -0.453287]
  [-0.257903, -0.057866, -0.499011, -0.494305, -0.453289]
  [-0.257894, -0.057866, -0.499011, -0.494305, -0.453289]
  [-0.257904, -0.057867, -0.499011, -0.494305, -0.453288]
  [-0.2579, -0.057866, -0.499011, -0.494305, -0.453288]
  [-0.257904, -0.057867, -0.499011, -0.494305, -0.45329]
  [-0.257904, -0.057866, -0.499011, -0.494305, -0.45329]
  [-0.257898, -0.057866, -0.499011, -0.494305, -0.453288]
  [-0.257902, -0.057866, -0.499011, -0.494305, -0.453288]
  [-0.257897, -0.057867, -0.499011, -0.494305, -0.45329]
  [-0.257895, -0.057867, -0.499011, -0.494305, -0.453288]
  [-0.257901, -0.057866, -0.499011, -0.494305, -0.453286]
  [-0.257898, -0.057866, -0.499011, -0.494305, -0.45329]
  [-0.257893, -0.057866, -0.499011, -0.494305, -0.453288]
  [-0.257897, -0.057867, -0.499011, -0.494305, -0.453288]
  [-0.257903, -0.057867, -0.499011, -0.494305, -0.45329]
  [-0.257896, -0.057866, -0.499011, -0.494305, -0.453288]
  [-0.257899, -0.057866, -0.499011, -0.494305, -0.453286]
  [-0.257901, -0.057867, -0.499011, -0.494305, -0.453286]
  [-0.257895, -0.057866, -0.499011, -0.494305, -0.453287]
  [-0.257893, -0.057867, -0.499011, -0.494305, -0.453286]
  [-0.257895, -0.057866, -0.499011, -0.494305, -0.453289]
  [-0.257895, -0.057866, -0.499011, -0.494305, -0.453288]
  [-0.257898, -0.057867, -0.499011, -0.494305, -0.453289]
  [-0.257896, -0.057867, -0.499011, -0.494305, -0.453289]
  [-0.257893, -0.057867, -0.499011, -0.494305, -0.453288]
  [-0.2579, -0.057867, -0.499011, -0.494305, -0.453288]
  [-0.257894, -0.057867, -0.499011, -0.494305, -0.453286]
  [-0.257896, -0.057867, -0.499011, -0.494305, -0.453286]
  [-0.257896, -0.057866, -0.499011, -0.494305, -0.453289]
  [-0.257894, -0.057867, -0.499011, -0.494305, -0.45329]
  [-0.257896, -0.057867, -0.499011, -0.494305, -0.453288]
  [-0.257897, -0.057866, -0.499011, -0.494305, -0.453286]
  [-0.257896, -0.057866, -0.499011, -0.494305, -0.453286]
  [-0.257903, -0.057866, -0.499011, -0.494305, -0.453287]
  [-0.257898, -0.057867, -0.499011, -0.494305, -0.453288]
  [-0.257899, -0.057866, -0.499011, -0.494305, -0.453287]
  [-0.257893, -0.057866, -0.499011, -0.494305, -0.453286]
  [-0.257903, -0.057867, -0.499011, -0.494305, -0.453286]
  [-0.257903, -0.057867, -0.499011, -0.494305, -0.453289]
  [-0.257894, -0.057866, -0.499011, -0.494305, -0.45329]
  [-0.257902, -0.057867, -0.499011, -0.494305, -0.453287]
  [-0.257901, -0.057867, -0.499011, -0.494305, -0.45329]
  [-0.257904, -0.057867, -0.499011, -0.494305, -0.453286]
  [-0.257902, -0.057867, -0.499011, -0.494305, -0.453289]
  [-0.257897, -0.057866, -0.499011, -0.494305, -0.45329]
  [-0.257903, -0.057867, -0.499011, -0.494305, -0.453287]
  [-0.257904, -0.057867, -0.499011, -0.494305, -0.453287]
  [-0.2579, -0.057866, -0.499011, -0.494305, -0.453286]
  [-0.257898, -0.057867, -0.499011, -0.494305, -0.453286]
  [-0.257894, -0.057867, -0.499011, -0.494305, -0.453288]
  [-0.257897, -0.057866, -0.499011, -0.494305, -0.453288]
  [-0.257897, -0.057867, -0.499011, -0.494305, -0.453286]
  [-0.2579, -0.057867, -0.499011, -0.494305, -0.453286]
  [-0.2579, -0.057867, -0.499011, -0.494305, -0.453289]
  [-0.257899, -0.057866, -0.499011, -0.494305, -0.45329]
  [-0.257902, -0.057867, -0.499011, -0.494305, -0.45329]
  [-0.257893, -0.057867, -0.499011, -0.494305, -0.45329]
  [-0.2579, -0.057867, -0.499011, -0.494305, -0.45329]
  [-0.257895, -0.057866, -0.499011, -0.494305, -0.453286]
  [-0.257893, -0.057866, -0.499011, -0.494305, -0.45329]
  [-0.257895, -0.057867, -0.499011, -0.494305, -0.453286]
