Status: violated
Adversarial inputs found:
  [-0.279151, -0.046289, -0.498684, -0.474469, -0.419185]
  [-0.250361, -0.031965, -0.499019, -0.493052, -0.44992]
  [-0.241876, -0.043267, -0.499028, -0.458793, -0.489439]
  [-0.273813, -0.057625, -0.499917, -0.456209, -0.443444]
  [-0.290156, -0.045805, -0.499189, -0.487959, -0.436506]
  [-0.274563, -0.037047, -0.499702, -0.49749, -0.452826]
  [-0.264449, -0.050418, -0.499091, -0.462592, -0.468059]
  [-0.250978, -0.06093, -0.499302, -0.498308, -0.421456]
  [-0.226529, -0.031661, -0.499405, -0.473729, -0.4226]
  [-0.262708, -0.06086, -0.49984, -0.490143, -0.470187]
  [-0.284531, -0.056845, -0.498664, -0.493062, -0.390093]
  [-0.213876, -0.062935, -0.498537, -0.499115, -0.480477]
  [-0.279346, -0.040895, -0.499873, -0.495198, -0.434456]
  [-0.259004, -0.044438, -0.499738, -0.497883, -0.392126]
  [-0.227341, -0.035178, -0.499621, -0.480173, -0.468791]
  [-0.283054, -0.036501, -0.498661, -0.473453, -0.446346]
  [-0.265961, -0.056499, -0.499497, -0.456249, -0.458932]
  [-0.270977, -0.033126, -0.498894, -0.455033, -0.496973]
  [-0.258107, -0.03589, -0.499925, -0.469971, -0.421145]
  [-0.221863, -0.050011, -0.498623, -0.496657, -0.47845]
  [-0.283823, -0.024334, -0.49979, -0.455405, -0.384994]
  [-0.270069, -0.041625, -0.499969, -0.479499, -0.475527]
  [-0.240018, -0.056766, -0.498673, -0.494836, -0.384902]
  [-0.223203, -0.024157, -0.499838, -0.475734, -0.489969]
  [-0.220277, -0.058976, -0.499234, -0.491048, -0.473538]
  [-0.290346, -0.030926, -0.499371, -0.483325, -0.461675]
  [-0.255913, -0.053999, -0.499224, -0.493965, -0.473531]
  [-0.233327, -0.050409, -0.49923, -0.497201, -0.419703]
  [-0.254188, -0.061498, -0.499511, -0.465511, -0.481078]
  [-0.260358, -0.060771, -0.498484, -0.492751, -0.422863]
  [-0.288849, -0.023278, -0.499501, -0.496959, -0.377577]
  [-0.252716, -0.042624, -0.499818, -0.478992, -0.472998]
  [-0.218745, -0.052263, -0.499442, -0.485166, -0.409759]
  [-0.238772, -0.032464, -0.499138, -0.478017, -0.451367]
  [-0.263256, -0.04372, -0.499009, -0.456789, -0.393582]
  [-0.234314, -0.04498, -0.499877, -0.478482, -0.431691]
  [-0.272817, -0.024704, -0.499505, -0.466696, -0.429648]
  [-0.214742, -0.046481, -0.499917, -0.47726, -0.423428]
  [-0.244816, -0.045647, -0.499374, -0.498519, -0.413646]
  [-0.227255, -0.024011, -0.499336, -0.463241, -0.477331]
  [-0.262125, -0.036031, -0.498559, -0.478684, -0.379386]
  [-0.254396, -0.036578, -0.499062, -0.462466, -0.400226]
  [-0.285829, -0.026409, -0.499359, -0.462827, -0.404929]
  [-0.265886, -0.025767, -0.49902, -0.46458, -0.481818]
  [-0.253967, -0.032218, -0.499976, -0.48573, -0.387409]
  [-0.239551, -0.036036, -0.498421, -0.498725, -0.486083]
  [-0.221983, -0.027422, -0.498465, -0.494653, -0.436955]
  [-0.257897, -0.054058, -0.498879, -0.491565, -0.400635]
  [-0.24829, -0.032859, -0.49971, -0.459668, -0.476929]
  [-0.235655, -0.051519, -0.499488, -0.484312, -0.379536]
  [-0.283805, -0.051939, -0.498809, -0.47689, -0.49286]
  [-0.24727, -0.045614, -0.499695, -0.475889, -0.468308]
  [-0.233387, -0.037389, -0.499025, -0.491257, -0.390367]
  [-0.285901, -0.061996, -0.499176, -0.462776, -0.43464]
  [-0.228713, -0.030233, -0.499695, -0.488295, -0.443744]
  [-0.231725, -0.055428, -0.499092, -0.468186, -0.406364]
  [-0.229906, -0.039085, -0.498803, -0.470567, -0.383981]
  [-0.283125, -0.03653, -0.499697, -0.456791, -0.415905]
  [-0.256573, -0.040899, -0.499974, -0.497599, -0.490118]
  [-0.218831, -0.044456, -0.499884, -0.490287, -0.478983]
  [-0.245887, -0.032684, -0.499622, -0.470365, -0.444291]
  [-0.215101, -0.033638, -0.49973, -0.481261, -0.46109]
  [-0.264876, -0.049831, -0.498844, -0.489533, -0.478928]
  [-0.252256, -0.052558, -0.499629, -0.458095, -0.440895]
  [-0.288989, -0.025264, -0.498724, -0.497922, -0.413253]
  [-0.258747, -0.033076, -0.499758, -0.493433, -0.480349]
  [-0.25855, -0.045834, -0.499929, -0.473825, -0.388108]
  [-0.251123, -0.062317, -0.498631, -0.491187, -0.453302]
  [-0.249332, -0.037556, -0.498658, -0.462376, -0.448353]
  [-0.250166, -0.063185, -0.498717, -0.468764, -0.461828]
  [-0.277341, -0.052205, -0.498958, -0.456015, -0.423894]
  [-0.212684, -0.02578, -0.499508, -0.457847, -0.456196]
  [-0.219176, -0.028138, -0.499568, -0.463501, -0.41545]
  [-0.26424, -0.058975, -0.499959, -0.494022, -0.402994]
  [-0.219958, -0.052325, -0.498663, -0.47209, -0.416306]
  [-0.236616, -0.039486, -0.49877, -0.475167, -0.415168]
  [-0.282817, -0.061508, -0.498636, -0.461937, -0.422295]
  [-0.219421, -0.046118, -0.498563, -0.483754, -0.457225]
  [-0.237825, -0.023789, -0.499093, -0.492058, -0.496687]
  [-0.231535, -0.039516, -0.498722, -0.482869, -0.387276]
  [-0.220103, -0.054398, -0.499593, -0.49795, -0.460682]
  [-0.284626, -0.056979, -0.499282, -0.462269, -0.404134]
  [-0.246816, -0.062167, -0.499801, -0.488763, -0.449351]
  [-0.243262, -0.049219, -0.499738, -0.470578, -0.486671]
  [-0.214646, -0.053372, -0.499815, -0.493722, -0.454409]
  [-0.246471, -0.045153, -0.49857, -0.484257, -0.434632]
  [-0.247443, -0.027362, -0.499065, -0.48795, -0.385409]
  [-0.231345, -0.03767, -0.498972, -0.49023, -0.480262]
  [-0.23678, -0.048285, -0.498745, -0.495791, -0.429799]
  [-0.23685, -0.03447, -0.499633, -0.494795, -0.459251]
  [-0.223936, -0.025594, -0.499487, -0.458235, -0.389759]
  [-0.278607, -0.028797, -0.498702, -0.492699, -0.471131]
  [-0.214385, -0.029774, -0.498582, -0.464819, -0.490284]
  [-0.239389, -0.035179, -0.498558, -0.497627, -0.39126]
  [-0.273236, -0.028786, -0.498748, -0.462001, -0.389086]
  [-0.229025, -0.054254, -0.498942, -0.492864, -0.376617]
  [-0.216336, -0.024953, -0.498534, -0.48582, -0.498507]
  [-0.292578, -0.058945, -0.49893, -0.482508, -0.474286]
  [-0.251025, -0.054521, -0.499884, -0.454929, -0.441583]
  [-0.221269, -0.054059, -0.499114, -0.487447, -0.402945]
  [-0.276421, -0.046385, -0.499572, -0.472895, -0.420012]
  [-0.237182, -0.022822, -0.499483, -0.464905, -0.428863]
  [-0.212375, -0.045582, -0.499678, -0.477961, -0.492502]
  [-0.278452, -0.056897, -0.498944, -0.49708, -0.418514]
  [-0.229217, -0.028945, -0.499487, -0.463044, -0.410184]
  [-0.251234, -0.024745, -0.499318, -0.482702, -0.447433]
  [-0.292932, -0.030329, -0.499887, -0.494307, -0.395467]
  [-0.262361, -0.022782, -0.499168, -0.499213, -0.396109]
  [-0.256732, -0.036619, -0.498484, -0.492693, -0.438178]
  [-0.234951, -0.047385, -0.499862, -0.493037, -0.392525]
  [-0.268086, -0.038018, -0.499576, -0.485705, -0.38498]
  [-0.281709, -0.061227, -0.498573, -0.472347, -0.473801]
  [-0.280571, -0.040459, -0.499933, -0.490096, -0.401194]
  [-0.291611, -0.055099, -0.499932, -0.484613, -0.459464]
  [-0.227788, -0.06219, -0.499423, -0.45619, -0.475526]
  [-0.280407, -0.040992, -0.498517, -0.47782, -0.463466]
  [-0.216738, -0.053067, -0.499732, -0.489123, -0.451305]
  [-0.282853, -0.049073, -0.499002, -0.492016, -0.469699]
  [-0.25739, -0.036904, -0.499917, -0.470637, -0.455988]
  [-0.250128, -0.039031, -0.499821, -0.476372, -0.479581]
  [-0.234668, -0.03581, -0.499804, -0.479899, -0.383959]
  [-0.230807, -0.060352, -0.498891, -0.459792, -0.410967]
  [-0.267731, -0.059456, -0.498507, -0.464212, -0.38576]
  [-0.235179, -0.032143, -0.49906, -0.464356, -0.476198]
  [-0.269583, -0.046075, -0.498845, -0.4939, -0.43906]
  [-0.242851, -0.050233, -0.498607, -0.493858, -0.414432]
  [-0.25049, -0.03768, -0.49948, -0.487815, -0.456333]
  [-0.218548, -0.033444, -0.499107, -0.46777, -0.416896]
  [-0.267807, -0.041669, -0.498653, -0.49698, -0.426034]
  [-0.269585, -0.023188, -0.498793, -0.481113, -0.381681]
  [-0.27935, -0.031854, -0.498868, -0.46471, -0.499388]
  [-0.25572, -0.036257, -0.499236, -0.468108, -0.426488]
  [-0.290176, -0.052731, -0.499528, -0.483365, -0.491063]
  [-0.265465, -0.047053, -0.498891, -0.454752, -0.420771]
  [-0.216929, -0.035087, -0.498561, -0.473051, -0.392987]
  [-0.215334, -0.037266, -0.499752, -0.492483, -0.476924]
  [-0.230625, -0.031635, -0.498964, -0.48259, -0.420269]
  [-0.291317, -0.050915, -0.49975, -0.466502, -0.423228]
  [-0.25299, -0.062526, -0.499102, -0.488599, -0.497141]
  [-0.218241, -0.050638, -0.499523, -0.489558, -0.378213]
  [-0.279107, -0.033218, -0.499171, -0.485632, -0.458989]
  [-0.213217, -0.030721, -0.499585, -0.482599, -0.474197]
  [-0.246383, -0.054459, -0.499097, -0.472727, -0.474086]
  [-0.267109, -0.057954, -0.499137, -0.491925, -0.384887]
  [-0.213086, -0.061011, -0.498576, -0.465168, -0.485839]
  [-0.266749, -0.033656, -0.499635, -0.475586, -0.485136]
  [-0.274652, -0.061144, -0.499619, -0.495451, -0.477386]
  [-0.231545, -0.063225, -0.49891, -0.474594, -0.406029]
  [-0.248693, -0.050759, -0.499457, -0.494334, -0.380267]
  [-0.27162, -0.035831, -0.498915, -0.456119, -0.387283]
  [-0.217386, -0.057378, -0.49955, -0.482741, -0.379768]
  [-0.288766, -0.025618, -0.49949, -0.455609, -0.47383]
  [-0.268057, -0.040963, -0.499314, -0.471617, -0.459576]
  [-0.217149, -0.04613, -0.499893, -0.495161, -0.459694]
  [-0.221858, -0.02449, -0.49929, -0.475514, -0.410773]
  [-0.247753, -0.052544, -0.499817, -0.48749, -0.424633]
  [-0.242928, -0.056312, -0.498655, -0.487996, -0.387677]
  [-0.216468, -0.045247, -0.498878, -0.468414, -0.467365]
  [-0.226829, -0.059289, -0.498713, -0.480559, -0.497562]
  [-0.288385, -0.03401, -0.499537, -0.455785, -0.439079]
  [-0.264559, -0.026925, -0.499198, -0.464323, -0.487692]
  [-0.260987, -0.022864, -0.499774, -0.474741, -0.38687]
  [-0.252422, -0.030024, -0.499554, -0.476303, -0.489846]
  [-0.236103, -0.054588, -0.498466, -0.487965, -0.394268]
  [-0.268652, -0.035757, -0.49907, -0.468118, -0.478564]
  [-0.282748, -0.053301, -0.498481, -0.479913, -0.488335]
  [-0.235272, -0.060449, -0.499096, -0.492383, -0.429313]
  [-0.213852, -0.026373, -0.499584, -0.464132, -0.405573]
  [-0.288753, -0.027146, -0.498797, -0.463403, -0.417791]
  [-0.224351, -0.024573, -0.499372, -0.483252, -0.484147]
  [-0.274657, -0.059946, -0.499131, -0.497457, -0.439719]
  [-0.260395, -0.035665, -0.498729, -0.479304, -0.454283]
  [-0.240057, -0.041262, -0.499474, -0.477569, -0.376324]
  [-0.280038, -0.042571, -0.498632, -0.495313, -0.469145]
  [-0.219928, -0.040844, -0.499401, -0.498686, -0.376202]
  [-0.290368, -0.062122, -0.499734, -0.496065, -0.468395]
  [-0.216848, -0.050058, -0.498749, -0.489909, -0.376244]
  [-0.22865, -0.053854, -0.498981, -0.464132, -0.404713]
  [-0.228066, -0.027164, -0.49927, -0.476615, -0.439367]
  [-0.26508, -0.032197, -0.499532, -0.456867, -0.443399]
  [-0.277839, -0.041872, -0.499088, -0.484436, -0.422351]
  [-0.228849, -0.042626, -0.498621, -0.488127, -0.431596]
  [-0.290527, -0.046339, -0.499425, -0.459416, -0.454127]
  [-0.24812, -0.025419, -0.498774, -0.466486, -0.468367]
  [-0.226732, -0.036188, -0.499981, -0.498938, -0.48626]
  [-0.264853, -0.03118, -0.499377, -0.491195, -0.417973]
  [-0.269773, -0.025232, -0.499134, -0.48077, -0.441563]
  [-0.294597, -0.026316, -0.499016, -0.46523, -0.469254]
  [-0.217793, -0.044644, -0.499704, -0.465164, -0.495359]
  [-0.284726, -0.056298, -0.499502, -0.460206, -0.494568]
  [-0.214805, -0.030471, -0.499462, -0.469181, -0.473103]
  [-0.223721, -0.028943, -0.498633, -0.473447, -0.469068]
  [-0.285691, -0.047423, -0.499267, -0.480909, -0.483834]
  [-0.235569, -0.035133, -0.498738, -0.485567, -0.403368]
  [-0.282251, -0.057182, -0.49918, -0.487878, -0.402293]
  [-0.217046, -0.057036, -0.499978, -0.489992, -0.493567]
  [-0.253635, -0.050245, -0.498705, -0.479943, -0.489359]
  [-0.237554, -0.045773, -0.49958, -0.476903, -0.432428]
  [-0.242113, -0.054423, -0.498796, -0.461536, -0.430351]
  [-0.274382, -0.058538, -0.498662, -0.496908, -0.402385]
  [-0.239193, -0.024286, -0.499713, -0.461442, -0.390198]
  [-0.222824, -0.025052, -0.498886, -0.476326, -0.377813]
  [-0.265792, -0.038471, -0.49882, -0.496876, -0.499694]
  [-0.214736, -0.045925, -0.498977, -0.489389, -0.47665]
  [-0.239326, -0.045388, -0.49928, -0.485524, -0.436156]
  [-0.221679, -0.030989, -0.499992, -0.477233, -0.449205]
  [-0.24771, -0.053542, -0.499644, -0.499967, -0.386164]
  [-0.256912, -0.043183, -0.499528, -0.485281, -0.418399]
  [-0.251842, -0.02585, -0.499935, -0.482089, -0.447717]
  [-0.22974, -0.026801, -0.498715, -0.484626, -0.467537]
  [-0.230123, -0.058046, -0.498596, -0.459166, -0.40066]
  [-0.224345, -0.060449, -0.499578, -0.469636, -0.410706]
  [-0.292085, -0.048747, -0.49965, -0.475436, -0.399572]
  [-0.282931, -0.056982, -0.49857, -0.475291, -0.455664]
  [-0.270947, -0.042078, -0.498444, -0.493142, -0.414096]
  [-0.218513, -0.03617, -0.499582, -0.492436, -0.386165]
  [-0.217548, -0.044039, -0.499157, -0.490414, -0.464648]
  [-0.246267, -0.027815, -0.498628, -0.483351, -0.382275]
  [-0.253349, -0.035957, -0.499496, -0.470993, -0.384597]
  [-0.274999, -0.063518, -0.49848, -0.464111, -0.38754]
  [-0.284589, -0.042976, -0.498831, -0.476798, -0.377231]
  [-0.259898, -0.038436, -0.499469, -0.475413, -0.428836]
  [-0.293223, -0.062593, -0.49977, -0.471834, -0.390308]
  [-0.270261, -0.05029, -0.499698, -0.483721, -0.422466]
  [-0.235227, -0.041688, -0.499789, -0.488967, -0.415255]
  [-0.287763, -0.054681, -0.498416, -0.486655, -0.387999]
  [-0.293276, -0.037219, -0.49997, -0.458158, -0.438765]
  [-0.237685, -0.056282, -0.499989, -0.481275, -0.394471]
  [-0.220199, -0.063593, -0.498887, -0.475019, -0.435926]
  [-0.256838, -0.026522, -0.499293, -0.481321, -0.478636]
  [-0.226398, -0.025621, -0.499617, -0.495884, -0.46453]
  [-0.264602, -0.052403, -0.499669, -0.462626, -0.453921]
  [-0.245268, -0.052422, -0.499353, -0.494491, -0.375338]
  [-0.237011, -0.058649, -0.499245, -0.477215, -0.443419]
  [-0.255365, -0.054669, -0.499305, -0.488769, -0.427065]
  [-0.233358, -0.033615, -0.499932, -0.498261, -0.405768]
  [-0.281727, -0.062118, -0.499211, -0.490732, -0.460876]
  [-0.222347, -0.030768, -0.498622, -0.497333, -0.411147]
  [-0.239347, -0.026512, -0.499004, -0.480441, -0.48898]
  [-0.262116, -0.039027, -0.49952, -0.457665, -0.469666]
  [-0.234583, -0.063286, -0.498774, -0.455246, -0.45615]
  [-0.253389, -0.045903, -0.499529, -0.478176, -0.444403]
  [-0.217788, -0.05917, -0.498584, -0.493695, -0.453407]
  [-0.245076, -0.062257, -0.499191, -0.495832, -0.482211]
  [-0.245314, -0.042837, -0.499097, -0.491191, -0.457331]
  [-0.241783, -0.028952, -0.499409, -0.464766, -0.424147]
  [-0.23849, -0.057256, -0.498658, -0.458409, -0.457192]
  [-0.265679, -0.046351, -0.499202, -0.460015, -0.442001]
  [-0.246429, -0.047514, -0.498969, -0.499242, -0.49565]
  [-0.214368, -0.059149, -0.498545, -0.455098, -0.476988]
  [-0.226125, -0.049786, -0.498683, -0.461262, -0.378605]
  [-0.24314, -0.056845, -0.499831, -0.457472, -0.491984]
  [-0.220652, -0.057395, -0.499639, -0.49347, -0.491678]
  [-0.246606, -0.0285, -0.499305, -0.45776, -0.424591]
  [-0.244764, -0.041719, -0.499809, -0.461308, -0.403051]
  [-0.255747, -0.02773, -0.499542, -0.458707, -0.484212]
  [-0.281548, -0.023782, -0.499152, -0.481519, -0.378942]
  [-0.275008, -0.038821, -0.499422, -0.485421, -0.464238]
  [-0.245668, -0.027228, -0.498695, -0.48857, -0.391239]
  [-0.218992, -0.055103, -0.499107, -0.474935, -0.464094]
  [-0.291795, -0.050285, -0.499232, -0.460969, -0.463195]
  [-0.283733, -0.04407, -0.499251, -0.495767, -0.419518]
  [-0.21892, -0.048512, -0.498607, -0.469875, -0.417018]
  [-0.222856, -0.061393, -0.498987, -0.454747, -0.457044]
  [-0.22489, -0.037497, -0.499467, -0.471041, -0.383861]
  [-0.273416, -0.060054, -0.499568, -0.467774, -0.470734]
  [-0.268074, -0.026636, -0.499962, -0.46908, -0.446473]
  [-0.277357, -0.029318, -0.499508, -0.455721, -0.498002]
  [-0.243937, -0.031758, -0.499233, -0.468195, -0.407143]
  [-0.237773, -0.024633, -0.499187, -0.4597, -0.488127]
  [-0.288219, -0.060924, -0.49867, -0.48967, -0.435505]
  [-0.281355, -0.03841, -0.499267, -0.484756, -0.379122]
  [-0.213496, -0.022341, -0.498848, -0.464199, -0.496724]
  [-0.23896, -0.046578, -0.499103, -0.463868, -0.441201]
  [-0.28313, -0.063579, -0.499734, -0.458735, -0.470214]
  [-0.248697, -0.026989, -0.498811, -0.456007, -0.494951]
  [-0.234145, -0.02314, -0.499737, -0.476718, -0.375667]
  [-0.270254, -0.037572, -0.498476, -0.475845, -0.401628]
  [-0.253931, -0.055141, -0.498721, -0.47108, -0.44632]
  [-0.212516, -0.031953, -0.498843, -0.481448, -0.402679]
  [-0.272548, -0.045919, -0.499416, -0.488687, -0.418608]
  [-0.214445, -0.058663, -0.498558, -0.485871, -0.440347]
  [-0.258759, -0.030805, -0.498886, -0.468943, -0.486779]
  [-0.2383, -0.056557, -0.499573, -0.496808, -0.391399]
  [-0.266671, -0.033456, -0.498737, -0.457038, -0.465176]
  [-0.230989, -0.024498, -0.498493, -0.482592, -0.380181]
  [-0.272616, -0.057873, -0.499824, -0.491884, -0.41953]
  [-0.226085, -0.0469, -0.499613, -0.469625, -0.451125]
  [-0.249974, -0.042029, -0.498579, -0.497966, -0.470151]
  [-0.235393, -0.024858, -0.498501, -0.476407, -0.492554]
  [-0.266267, -0.033649, -0.499098, -0.482284, -0.488987]
  [-0.229385, -0.029582, -0.499831, -0.46507, -0.465527]
  [-0.223325, -0.036908, -0.498717, -0.47074, -0.492636]
  [-0.292229, -0.032137, -0.499127, -0.457029, -0.424881]
  [-0.276827, -0.043631, -0.499186, -0.475632, -0.426235]
  [-0.294505, -0.026409, -0.499231, -0.478823, -0.441431]
  [-0.284187, -0.056481, -0.49841, -0.479842, -0.445119]
  [-0.279902, -0.039706, -0.498735, -0.474307, -0.447957]
  [-0.268644, -0.04166, -0.499953, -0.457573, -0.400905]
  [-0.254041, -0.0605, -0.498533, -0.464915, -0.428228]
  [-0.291919, -0.045768, -0.499225, -0.455433, -0.441039]
  [-0.262332, -0.024094, -0.498838, -0.487981, -0.453729]
  [-0.274411, -0.022487, -0.499324, -0.463686, -0.465966]
  [-0.215856, -0.062448, -0.499272, -0.46674, -0.419466]
  [-0.273721, -0.052289, -0.499317, -0.468613, -0.482023]
  [-0.225399, -0.03105, -0.498953, -0.482324, -0.486184]
  [-0.228955, -0.037639, -0.499999, -0.491454, -0.395626]
  [-0.237957, -0.039308, -0.499399, -0.478127, -0.449124]
  [-0.262864, -0.037526, -0.499077, -0.499736, -0.462653]
  [-0.280007, -0.0393, -0.499074, -0.467937, -0.445163]
  [-0.2655, -0.04341, -0.498559, -0.487076, -0.431584]
  [-0.223078, -0.050493, -0.499917, -0.466713, -0.420864]
  [-0.250126, -0.048329, -0.499663, -0.491754, -0.395954]
  [-0.237375, -0.056648, -0.498598, -0.475698, -0.400259]
  [-0.229037, -0.058383, -0.499825, -0.45978, -0.41987]
  [-0.255271, -0.052409, -0.498451, -0.498241, -0.390234]
  [-0.267568, -0.050255, -0.498434, -0.457485, -0.496985]
  [-0.239335, -0.025634, -0.498799, -0.469773, -0.498537]
  [-0.221145, -0.05061, -0.498692, -0.465599, -0.461448]
  [-0.251629, -0.027997, -0.499181, -0.462826, -0.377799]
  [-0.273051, -0.029835, -0.499267, -0.478497, -0.395813]
  [-0.245415, -0.041431, -0.499226, -0.487138, -0.399812]
  [-0.243376, -0.061437, -0.498984, -0.487399, -0.444821]
  [-0.287113, -0.054452, -0.498878, -0.476395, -0.499421]
  [-0.237014, -0.027769, -0.499098, -0.464544, -0.412539]
  [-0.229517, -0.038345, -0.499759, -0.487971, -0.381404]
  [-0.271193, -0.045366, -0.498722, -0.499544, -0.445289]
  [-0.240131, -0.043594, -0.498873, -0.458826, -0.378904]
  [-0.282385, -0.059788, -0.499334, -0.483613, -0.477981]
  [-0.260002, -0.056428, -0.498474, -0.471023, -0.38554]
  [-0.224938, -0.034086, -0.499786, -0.466274, -0.441768]
  [-0.285735, -0.041119, -0.499037, -0.456141, -0.385842]
  [-0.212466, -0.061851, -0.49905, -0.469784, -0.452722]
  [-0.247586, -0.062318, -0.499115, -0.47894, -0.462859]
  [-0.232235, -0.035194, -0.499049, -0.495601, -0.414658]
  [-0.267936, -0.042876, -0.498669, -0.476657, -0.471751]
  [-0.233017, -0.043757, -0.498863, -0.479031, -0.452365]
  [-0.266033, -0.036396, -0.498565, -0.495062, -0.490081]
  [-0.25041, -0.029305, -0.499814, -0.480457, -0.498457]
  [-0.262395, -0.063157, -0.498434, -0.457635, -0.399803]
  [-0.287338, -0.031371, -0.499738, -0.472042, -0.430889]
  [-0.24199, -0.041994, -0.499082, -0.496326, -0.385789]
  [-0.247776, -0.033525, -0.499833, -0.486166, -0.404508]
  [-0.229101, -0.062715, -0.498623, -0.489759, -0.489214]
  [-0.271194, -0.047598, -0.498777, -0.487287, -0.414272]
  [-0.245245, -0.027794, -0.49867, -0.465203, -0.413869]
  [-0.273717, -0.043772, -0.499494, -0.482062, -0.494801]
  [-0.27261, -0.032248, -0.499942, -0.483914, -0.486929]
  [-0.244962, -0.041902, -0.499517, -0.471528, -0.384278]
  [-0.221663, -0.053389, -0.499492, -0.469583, -0.421249]
  [-0.229798, -0.055398, -0.499949, -0.474577, -0.498124]
  [-0.2415, -0.060825, -0.498564, -0.467365, -0.475259]
  [-0.291923, -0.052434, -0.498991, -0.469236, -0.462289]
  [-0.292975, -0.062786, -0.499439, -0.489642, -0.414322]
  [-0.269181, -0.059594, -0.498977, -0.465951, -0.483625]
  [-0.214338, -0.056512, -0.499423, -0.47073, -0.432679]
  [-0.221283, -0.044386, -0.499914, -0.462634, -0.424737]
  [-0.2935, -0.050126, -0.498879, -0.47203, -0.404733]
  [-0.252956, -0.035346, -0.49852, -0.469196, -0.420527]
  [-0.275122, -0.039874, -0.498505, -0.465115, -0.469897]
  [-0.234794, -0.052732, -0.499452, -0.494832, -0.451979]
  [-0.214711, -0.053377, -0.499245, -0.478166, -0.433399]
  [-0.253888, -0.048293, -0.499352, -0.485801, -0.49144]
  [-0.225922, -0.053152, -0.499847, -0.468412, -0.491921]
  [-0.237805, -0.028788, -0.498633, -0.468848, -0.495584]
  [-0.247761, -0.033053, -0.498627, -0.483893, -0.390922]
  [-0.286179, -0.04843, -0.498939, -0.455374, -0.468293]
  [-0.273794, -0.044421, -0.498693, -0.488528, -0.477929]
  [-0.268094, -0.038024, -0.49982, -0.489001, -0.492615]
  [-0.239037, -0.049334, -0.499547, -0.476509, -0.406446]
  [-0.276706, -0.062762, -0.499816, -0.468878, -0.414705]
  [-0.288481, -0.063606, -0.499775, -0.499383, -0.467291]
  [-0.253776, -0.045526, -0.499675, -0.48368, -0.466565]
  [-0.264305, -0.05705, -0.498599, -0.489689, -0.473727]
  [-0.246732, -0.046303, -0.498441, -0.48339, -0.436183]
  [-0.216882, -0.040963, -0.49945, -0.477066, -0.458759]
  [-0.213123, -0.023663, -0.499257, -0.476883, -0.449746]
  [-0.279358, -0.031533, -0.499321, -0.4624, -0.398771]
  [-0.255504, -0.059448, -0.499933, -0.460504, -0.467685]
  [-0.237264, -0.04607, -0.499968, -0.471337, -0.46428]
  [-0.264599, -0.052992, -0.498502, -0.493469, -0.394082]
  [-0.272881, -0.051553, -0.498995, -0.478007, -0.445817]
  [-0.259942, -0.023118, -0.498881, -0.487284, -0.426354]
  [-0.239271, -0.057304, -0.498608, -0.467446, -0.461993]
  [-0.237617, -0.05295, -0.498715, -0.462225, -0.452926]
  [-0.249244, -0.035355, -0.499797, -0.491496, -0.407696]
  [-0.259244, -0.063642, -0.499263, -0.456018, -0.483968]
  [-0.215692, -0.027246, -0.499857, -0.470737, -0.388708]
  [-0.248569, -0.049284, -0.498507, -0.481086, -0.4049]
  [-0.245986, -0.063621, -0.498469, -0.463984, -0.379033]
  [-0.236254, -0.056989, -0.499596, -0.485022, -0.43376]
  [-0.272113, -0.046021, -0.499597, -0.479551, -0.394818]
  [-0.278127, -0.026355, -0.499247, -0.464354, -0.400966]
  [-0.259375, -0.02556, -0.498647, -0.485307, -0.471609]
  [-0.228542, -0.037763, -0.499577, -0.460804, -0.466893]
  [-0.249405, -0.037299, -0.498623, -0.492521, -0.458414]
  [-0.241506, -0.039317, -0.499129, -0.466945, -0.495451]
  [-0.280072, -0.055796, -0.499417, -0.458652, -0.40562]
  [-0.253435, -0.038087, -0.49869, -0.478534, -0.486137]
  [-0.215917, -0.041763, -0.499523, -0.487848, -0.430054]
  [-0.243396, -0.063567, -0.499051, -0.494604, -0.379403]
  [-0.258993, -0.054709, -0.49858, -0.455678, -0.399853]
  [-0.223865, -0.043191, -0.498484, -0.478972, -0.387888]
  [-0.28381, -0.04104, -0.499054, -0.467696, -0.401489]
  [-0.223994, -0.05652, -0.499951, -0.467883, -0.397227]
  [-0.275325, -0.039146, -0.499715, -0.48852, -0.424238]
  [-0.265279, -0.036653, -0.4995, -0.47739, -0.418789]
  [-0.239958, -0.023463, -0.499008, -0.479435, -0.473372]
  [-0.257578, -0.024131, -0.499297, -0.476135, -0.448753]
  [-0.264211, -0.048748, -0.498825, -0.474915, -0.416689]
  [-0.24136, -0.054988, -0.498835, -0.464026, -0.484057]
  [-0.251636, -0.055839, -0.49854, -0.467505, -0.383191]
  [-0.271392, -0.061902, -0.498784, -0.498278, -0.42513]
  [-0.268111, -0.037653, -0.498932, -0.462413, -0.498433]
  [-0.273085, -0.049507, -0.498444, -0.455361, -0.384936]
  [-0.230774, -0.034814, -0.499476, -0.462116, -0.444478]
  [-0.26646, -0.050531, -0.499553, -0.476728, -0.462669]
  [-0.279439, -0.030353, -0.498412, -0.45489, -0.463769]
  [-0.271243, -0.057097, -0.498687, -0.471974, -0.456848]
  [-0.244108, -0.045664, -0.498621, -0.476413, -0.428887]
  [-0.279672, -0.036524, -0.498578, -0.4875, -0.423269]
  [-0.222026, -0.046125, -0.499799, -0.471234, -0.492281]
  [-0.221791, -0.035417, -0.498614, -0.465433, -0.434968]
  [-0.251997, -0.047362, -0.49864, -0.472032, -0.483799]
  [-0.231558, -0.046816, -0.499497, -0.476895, -0.382099]
  [-0.287749, -0.038254, -0.499178, -0.488986, -0.450449]
  [-0.256096, -0.053893, -0.498503, -0.485739, -0.471941]
  [-0.280271, -0.041717, -0.499813, -0.46397, -0.402297]
  [-0.239667, -0.055317, -0.499543, -0.475386, -0.414588]
  [-0.285234, -0.040824, -0.499735, -0.483408, -0.451323]
  [-0.231981, -0.029967, -0.498677, -0.496152, -0.463054]
  [-0.221216, -0.062969, -0.49863, -0.495317, -0.467545]
  [-0.275592, -0.044124, -0.498669, -0.456726, -0.48868]
  [-0.241376, -0.039754, -0.49849, -0.491563, -0.424926]
  [-0.292683, -0.043532, -0.499212, -0.472015, -0.403091]
  [-0.29036, -0.02765, -0.499477, -0.465952, -0.379655]
  [-0.294267, -0.055482, -0.498975, -0.493213, -0.391956]
  [-0.233964, -0.038077, -0.499278, -0.463968, -0.394617]
  [-0.263181, -0.029291, -0.499611, -0.489462, -0.496867]
  [-0.269596, -0.045585, -0.49947, -0.490719, -0.400302]
  [-0.217692, -0.061545, -0.499073, -0.477449, -0.441782]
  [-0.221719, -0.057828, -0.498544, -0.457023, -0.459529]
  [-0.227096, -0.0459, -0.499165, -0.459168, -0.404159]
  [-0.283311, -0.052198, -0.499411, -0.45614, -0.406644]
  [-0.213255, -0.058354, -0.499702, -0.482289, -0.459002]
  [-0.290705, -0.046688, -0.498986, -0.487184, -0.425955]
  [-0.224624, -0.059616, -0.499842, -0.491762, -0.444098]
  [-0.287199, -0.056919, -0.499762, -0.471103, -0.44187]
  [-0.218973, -0.058233, -0.498427, -0.486123, -0.436503]
  [-0.25171, -0.058933, -0.499245, -0.489603, -0.40978]
  [-0.21346, -0.063043, -0.498543, -0.499015, -0.480439]
  [-0.213763, -0.062926, -0.498529, -0.498992, -0.480436]
  [-0.213891, -0.062949, -0.498539, -0.498981, -0.480475]
  [-0.213847, -0.062898, -0.498535, -0.498882, -0.480495]
  [-0.213705, -0.062904, -0.498546, -0.498975, -0.480454]
  [-0.213741, -0.062928, -0.498519, -0.498979, -0.480426]
  [-0.213617, -0.063073, -0.498524, -0.499106, -0.480504]
  [-0.213729, -0.062969, -0.498544, -0.499046, -0.480455]
  [-0.213493, -0.062964, -0.498523, -0.499112, -0.480443]
  [-0.21355, -0.062902, -0.498525, -0.498869, -0.480433]
  [-0.213618, -0.06303, -0.498532, -0.499122, -0.480465]
  [-0.213929, -0.062959, -0.498527, -0.499027, -0.480473]
  [-0.213495, -0.062964, -0.498541, -0.499093, -0.480488]
  [-0.213616, -0.062906, -0.498525, -0.498965, -0.480496]
  [-0.213785, -0.062987, -0.498538, -0.498911, -0.48051]
  [-0.213604, -0.062986, -0.498546, -0.498936, -0.480505]
  [-0.213619, -0.063046, -0.498525, -0.499139, -0.480483]
  [-0.21386, -0.062911, -0.498525, -0.498921, -0.480463]
  [-0.213671, -0.063008, -0.498546, -0.498888, -0.480496]
  [-0.213607, -0.063, -0.49854, -0.499061, -0.480467]
  [-0.21367, -0.06297, -0.498523, -0.498896, -0.480432]
  [-0.213901, -0.062969, -0.49852, -0.498945, -0.480525]
  [-0.213947, -0.06299, -0.498531, -0.499038, -0.480448]
  [-0.213648, -0.062908, -0.498526, -0.498887, -0.480446]
  [-0.213601, -0.062951, -0.498538, -0.499087, -0.480468]
  [-0.213773, -0.063015, -0.498529, -0.498877, -0.480425]
  [-0.213622, -0.063058, -0.498524, -0.498917, -0.480457]
  [-0.213733, -0.063052, -0.498523, -0.498987, -0.48049]
  [-0.213955, -0.062927, -0.498529, -0.499068, -0.480436]
  [-0.213541, -0.062906, -0.498542, -0.498883, -0.480513]
  [-0.213723, -0.06309, -0.498537, -0.498918, -0.480495]
  [-0.213636, -0.063064, -0.498541, -0.499115, -0.480445]
  [-0.213699, -0.062906, -0.49852, -0.498904, -0.480499]
  [-0.213815, -0.062958, -0.498522, -0.499121, -0.480508]
  [-0.213476, -0.062946, -0.498535, -0.49908, -0.480456]
  [-0.213612, -0.062987, -0.498536, -0.499123, -0.480474]
  [-0.213942, -0.06304, -0.498524, -0.499053, -0.480523]
  [-0.213643, -0.062901, -0.498539, -0.498996, -0.48046]
  [-0.213823, -0.063062, -0.498538, -0.498954, -0.480478]
  [-0.213845, -0.062928, -0.498541, -0.4991, -0.480521]
  [-0.213955, -0.062915, -0.498532, -0.499095, -0.480485]
  [-0.213828, -0.062925, -0.498532, -0.499006, -0.480512]
  [-0.213756, -0.063037, -0.498545, -0.499093, -0.48044]
  [-0.21385, -0.063052, -0.498527, -0.498991, -0.480521]
  [-0.213834, -0.062926, -0.498532, -0.499064, -0.480448]
  [-0.213567, -0.063057, -0.498543, -0.498952, -0.480474]
  [-0.213826, -0.063024, -0.498542, -0.499, -0.48049]
  [-0.213882, -0.062931, -0.498531, -0.499057, -0.480498]
  [-0.213834, -0.063081, -0.498528, -0.498926, -0.480516]
  [-0.213936, -0.062962, -0.498544, -0.498934, -0.48045]
  [-0.213983, -0.06297, -0.498535, -0.499064, -0.480519]
  [-0.213963, -0.063027, -0.498541, -0.499082, -0.480441]
  [-0.213477, -0.062968, -0.498535, -0.499027, -0.480478]
  [-0.213675, -0.063089, -0.498523, -0.49908, -0.480449]
  [-0.213694, -0.063033, -0.498543, -0.498891, -0.480451]
  [-0.213521, -0.062927, -0.498521, -0.498995, -0.480446]
  [-0.213515, -0.062906, -0.498519, -0.49903, -0.480438]
  [-0.213512, -0.062962, -0.498534, -0.499051, -0.480451]
  [-0.213816, -0.06308, -0.498527, -0.499068, -0.480517]
  [-0.213859, -0.062989, -0.498531, -0.49913, -0.480466]
  [-0.213909, -0.063087, -0.498532, -0.49899, -0.480468]
  [-0.213877, -0.06292, -0.498541, -0.498981, -0.480474]
  [-0.213767, -0.062953, -0.498525, -0.499107, -0.480517]
  [-0.213791, -0.062987, -0.498537, -0.499002, -0.480498]
  [-0.213937, -0.062973, -0.49854, -0.499131, -0.480448]
  [-0.213642, -0.062936, -0.498525, -0.499021, -0.480433]
  [-0.213717, -0.063035, -0.498522, -0.499087, -0.480461]
  [-0.213816, -0.063002, -0.498529, -0.499011, -0.48052]
  [-0.213485, -0.062966, -0.49854, -0.4989, -0.480497]
  [-0.213727, -0.063027, -0.498529, -0.499095, -0.480517]
  [-0.213478, -0.062947, -0.498533, -0.499139, -0.480496]
  [-0.213485, -0.062925, -0.498528, -0.498924, -0.480452]
  [-0.213894, -0.062964, -0.498519, -0.499098, -0.480473]
  [-0.213865, -0.062971, -0.498542, -0.498986, -0.48047]
  [-0.213984, -0.062954, -0.498546, -0.499031, -0.480423]
  [-0.213619, -0.062945, -0.498534, -0.499075, -0.480522]
  [-0.213871, -0.063097, -0.49853, -0.499121, -0.480432]
  [-0.213918, -0.063027, -0.498532, -0.498882, -0.480453]
  [-0.213882, -0.063016, -0.498527, -0.499103, -0.48045]
  [-0.213562, -0.062933, -0.498522, -0.499099, -0.480508]
  [-0.213544, -0.063058, -0.49853, -0.499136, -0.480501]
  [-0.213467, -0.063054, -0.498529, -0.499096, -0.480479]
  [-0.213729, -0.062972, -0.498542, -0.499053, -0.480484]
  [-0.213495, -0.062901, -0.498519, -0.499103, -0.480423]
  [-0.21347, -0.063024, -0.498541, -0.499009, -0.480486]
  [-0.213557, -0.063029, -0.498538, -0.498877, -0.48048]
  [-0.213852, -0.06308, -0.498523, -0.498956, -0.480469]
  [-0.213763, -0.062948, -0.498527, -0.499005, -0.48043]
  [-0.213966, -0.062897, -0.498528, -0.499082, -0.480512]
  [-0.213659, -0.063033, -0.498528, -0.49908, -0.480474]
  [-0.213838, -0.062987, -0.498519, -0.499101, -0.480467]
  [-0.213911, -0.063063, -0.498539, -0.499037, -0.480465]
  [-0.21349, -0.062909, -0.49853, -0.499102, -0.480456]
  [-0.213895, -0.063045, -0.498534, -0.498973, -0.480453]
  [-0.213901, -0.062949, -0.498525, -0.499098, -0.480486]
  [-0.213627, -0.063043, -0.498543, -0.499057, -0.480452]
  [-0.213535, -0.063085, -0.498544, -0.499136, -0.480468]
  [-0.213525, -0.062974, -0.498545, -0.499121, -0.480523]
  [-0.213547, -0.062936, -0.498524, -0.499107, -0.480443]
  [-0.213533, -0.062964, -0.498538, -0.498924, -0.480451]
  [-0.213978, -0.062903, -0.498519, -0.49907, -0.480525]
  [-0.213709, -0.063061, -0.498525, -0.49902, -0.480438]
  [-0.213742, -0.062943, -0.498538, -0.499107, -0.480472]
  [-0.213965, -0.063019, -0.498525, -0.499116, -0.48044]
  [-0.213983, -0.062945, -0.498528, -0.499042, -0.480505]
  [-0.213462, -0.06294, -0.498542, -0.499134, -0.480485]
  [-0.213679, -0.06291, -0.498525, -0.499022, -0.480451]
  [-0.213527, -0.063016, -0.498528, -0.49898, -0.480512]
  [-0.213769, -0.06299, -0.49852, -0.499111, -0.480456]
  [-0.213674, -0.063073, -0.498537, -0.498884, -0.480487]
  [-0.213739, -0.062905, -0.498531, -0.498891, -0.480512]
  [-0.213741, -0.062951, -0.498539, -0.49888, -0.480432]
  [-0.213783, -0.062946, -0.498535, -0.499008, -0.480509]
  [-0.213464, -0.063018, -0.49852, -0.499089, -0.480433]
  [-0.213907, -0.062937, -0.498541, -0.498993, -0.480525]
  [-0.213885, -0.063076, -0.498544, -0.498896, -0.480434]
  [-0.213514, -0.063075, -0.498533, -0.499067, -0.480488]
  [-0.213597, -0.06296, -0.498541, -0.498877, -0.480438]
  [-0.21367, -0.063039, -0.498526, -0.499087, -0.480518]
  [-0.213483, -0.063066, -0.498533, -0.499099, -0.480469]
  [-0.213728, -0.063054, -0.498545, -0.4991, -0.480502]
  [-0.213882, -0.063085, -0.498535, -0.49895, -0.480446]
  [-0.213979, -0.063076, -0.498536, -0.49905, -0.480487]
  [-0.213667, -0.063013, -0.498527, -0.499134, -0.480438]
  [-0.213957, -0.063064, -0.498524, -0.498913, -0.480508]
  [-0.213634, -0.063082, -0.498525, -0.498989, -0.480477]
  [-0.213962, -0.062992, -0.498541, -0.498959, -0.480492]
  [-0.213583, -0.062947, -0.498521, -0.498952, -0.480478]
  [-0.213647, -0.062939, -0.49852, -0.499015, -0.480453]
  [-0.213815, -0.062922, -0.498521, -0.499, -0.480422]
  [-0.213941, -0.062919, -0.498535, -0.49911, -0.480477]
  [-0.213543, -0.063012, -0.498536, -0.499037, -0.480523]
  [-0.21365, -0.06291, -0.498541, -0.499112, -0.480511]
  [-0.213606, -0.062997, -0.498533, -0.49891, -0.480456]
  [-0.213957, -0.062939, -0.498534, -0.498877, -0.48049]
  [-0.213492, -0.063073, -0.498532, -0.49895, -0.480476]
  [-0.213818, -0.062899, -0.498524, -0.498948, -0.480487]
  [-0.213627, -0.06301, -0.498519, -0.498961, -0.480423]
  [-0.213582, -0.062955, -0.498542, -0.499088, -0.480499]
  [-0.213791, -0.063019, -0.498522, -0.498936, -0.480497]
  [-0.21376, -0.06292, -0.49853, -0.498991, -0.480498]
  [-0.213861, -0.062995, -0.498534, -0.499099, -0.480508]
  [-0.21383, -0.062928, -0.498537, -0.498889, -0.480441]
  [-0.213671, -0.063095, -0.498526, -0.49894, -0.480428]
  [-0.213877, -0.063044, -0.498539, -0.499057, -0.480521]
  [-0.213654, -0.062958, -0.498521, -0.49903, -0.480504]
  [-0.213795, -0.063087, -0.498522, -0.499, -0.480476]
  [-0.213466, -0.063047, -0.498534, -0.499114, -0.480495]
  [-0.213966, -0.062961, -0.498518, -0.499128, -0.480516]
  [-0.213773, -0.062913, -0.498525, -0.499039, -0.480432]
  [-0.213844, -0.062952, -0.498521, -0.498955, -0.480514]
  [-0.213801, -0.062976, -0.498543, -0.499117, -0.480475]
  [-0.213701, -0.063, -0.498522, -0.498902, -0.480479]
  [-0.213632, -0.06303, -0.498541, -0.499099, -0.480523]
  [-0.213529, -0.062925, -0.498543, -0.499128, -0.480458]
  [-0.213505, -0.062991, -0.498541, -0.498986, -0.480445]
  [-0.213788, -0.06307, -0.498523, -0.49894, -0.480524]
  [-0.213714, -0.063066, -0.498532, -0.498969, -0.480454]
  [-0.213467, -0.062981, -0.498535, -0.499025, -0.480518]
  [-0.213575, -0.062926, -0.498536, -0.499056, -0.480475]
  [-0.213595, -0.062967, -0.498542, -0.498933, -0.480515]
  [-0.213532, -0.063032, -0.498519, -0.498953, -0.4805]
  [-0.213912, -0.063005, -0.49852, -0.498941, -0.480459]
  [-0.213684, -0.063025, -0.49852, -0.498937, -0.480501]
  [-0.213986, -0.06292, -0.498537, -0.499039, -0.480519]
  [-0.21376, -0.063091, -0.49852, -0.498927, -0.480499]
  [-0.213763, -0.062953, -0.498522, -0.499072, -0.480465]
  [-0.21363, -0.062901, -0.498545, -0.499014, -0.4805]
  [-0.213465, -0.063073, -0.498541, -0.498942, -0.480437]
  [-0.2138, -0.063056, -0.498527, -0.498947, -0.480428]
  [-0.213838, -0.063089, -0.498525, -0.498887, -0.480515]
  [-0.2137, -0.062988, -0.498525, -0.499134, -0.480513]
  [-0.213974, -0.063044, -0.498536, -0.498974, -0.480432]
  [-0.213653, -0.063044, -0.498519, -0.499074, -0.48044]
  [-0.213851, -0.06293, -0.498529, -0.499102, -0.480515]
  [-0.213923, -0.062901, -0.498522, -0.499094, -0.480515]
  [-0.213683, -0.06296, -0.498536, -0.499035, -0.480475]
  [-0.213732, -0.063026, -0.498532, -0.498968, -0.480519]
  [-0.21386, -0.06295, -0.498545, -0.499059, -0.480517]
  [-0.213598, -0.062944, -0.498529, -0.498917, -0.480512]
  [-0.213462, -0.06301, -0.498546, -0.499081, -0.480489]
  [-0.213655, -0.062945, -0.498529, -0.498935, -0.480458]
  [-0.213701, -0.063036, -0.49852, -0.498931, -0.480465]
  [-0.213667, -0.062941, -0.498544, -0.499116, -0.480507]
  [-0.21377, -0.063053, -0.498525, -0.498926, -0.480526]
  [-0.213879, -0.063025, -0.498537, -0.498868, -0.480488]
  [-0.213584, -0.063097, -0.498538, -0.499014, -0.48044]
  [-0.213483, -0.062996, -0.498533, -0.499134, -0.480435]
  [-0.21375, -0.062924, -0.498533, -0.499066, -0.480471]
  [-0.213466, -0.063069, -0.498543, -0.499046, -0.480498]
  [-0.213916, -0.062954, -0.498546, -0.499045, -0.480423]
  [-0.213554, -0.063035, -0.498523, -0.498956, -0.4805]
  [-0.213616, -0.062896, -0.498539, -0.499139, -0.480508]
  [-0.213594, -0.063039, -0.498545, -0.499019, -0.480505]
  [-0.213719, -0.062913, -0.49852, -0.499137, -0.480434]
  [-0.213634, -0.062977, -0.498535, -0.499035, -0.480491]
  [-0.213595, -0.062923, -0.498542, -0.498945, -0.480431]
  [-0.213642, -0.063, -0.498518, -0.499053, -0.480468]
  [-0.213568, -0.063041, -0.498519, -0.498906, -0.480497]
  [-0.213682, -0.062944, -0.498529, -0.499092, -0.480471]
  [-0.213521, -0.063048, -0.49854, -0.498941, -0.480473]
  [-0.213737, -0.062988, -0.498543, -0.49892, -0.480476]
  [-0.213846, -0.063093, -0.498535, -0.499127, -0.480477]
  [-0.213963, -0.063015, -0.498526, -0.49907, -0.480505]
  [-0.213696, -0.062913, -0.498534, -0.499111, -0.480473]
  [-0.213538, -0.063006, -0.49854, -0.499109, -0.480427]
  [-0.213839, -0.063017, -0.49853, -0.499137, -0.480479]
  [-0.213853, -0.063073, -0.498528, -0.498918, -0.480436]
  [-0.213708, -0.063078, -0.498527, -0.499134, -0.480422]
  [-0.213742, -0.062965, -0.498532, -0.498965, -0.480458]
  [-0.213607, -0.062921, -0.498536, -0.499025, -0.480428]
  [-0.213482, -0.063045, -0.498543, -0.49905, -0.480473]
  [-0.213742, -0.063055, -0.498544, -0.499079, -0.480519]
  [-0.213962, -0.06292, -0.498533, -0.499082, -0.480426]
  [-0.21377, -0.063084, -0.498522, -0.499139, -0.480497]
  [-0.213636, -0.06302, -0.498545, -0.498974, -0.48046]
  [-0.213884, -0.063066, -0.498532, -0.498887, -0.480461]
  [-0.213708, -0.063002, -0.49852, -0.499011, -0.480501]
  [-0.213656, -0.062943, -0.498532, -0.498991, -0.480503]
  [-0.213489, -0.063088, -0.498521, -0.498891, -0.480502]
  [-0.213983, -0.063092, -0.498537, -0.499083, -0.480491]
  [-0.213779, -0.063045, -0.498528, -0.49914, -0.480486]
  [-0.213771, -0.063085, -0.498538, -0.499096, -0.480492]
  [-0.213699, -0.062943, -0.498526, -0.498868, -0.480454]
  [-0.213782, -0.063065, -0.498528, -0.498982, -0.480501]
  [-0.213455, -0.063075, -0.498533, -0.499124, -0.480462]
  [-0.213537, -0.062966, -0.498542, -0.499102, -0.480473]
  [-0.213874, -0.06293, -0.498537, -0.498984, -0.480485]
  [-0.213536, -0.063065, -0.498543, -0.49901, -0.480427]
  [-0.213665, -0.06299, -0.498525, -0.498997, -0.480432]
  [-0.213761, -0.063042, -0.498528, -0.499076, -0.480488]
  [-0.213488, -0.062925, -0.498542, -0.498955, -0.480438]
  [-0.213957, -0.062914, -0.498525, -0.499093, -0.48043]
  [-0.213815, -0.06291, -0.498523, -0.49911, -0.480441]
  [-0.213962, -0.062963, -0.498524, -0.498952, -0.480491]
  [-0.213758, -0.06298, -0.498535, -0.49897, -0.480516]
  [-0.213984, -0.062978, -0.49853, -0.499083, -0.480485]
  [-0.213764, -0.063081, -0.498541, -0.499116, -0.48044]
  [-0.213864, -0.062921, -0.498522, -0.498927, -0.480454]
  [-0.213687, -0.062896, -0.498534, -0.498947, -0.480504]
  [-0.213686, -0.063062, -0.498545, -0.498978, -0.480443]
  [-0.2137, -0.062975, -0.498527, -0.499036, -0.480478]
  [-0.213737, -0.063023, -0.498534, -0.499, -0.480523]
  [-0.213906, -0.062934, -0.498543, -0.498936, -0.480505]
  [-0.213533, -0.062952, -0.49853, -0.499119, -0.480479]
  [-0.213632, -0.063057, -0.498538, -0.499069, -0.480524]
  [-0.213774, -0.06296, -0.498527, -0.498878, -0.480506]
  [-0.213597, -0.062992, -0.498527, -0.49896, -0.480446]
  [-0.213503, -0.062909, -0.498542, -0.498965, -0.480486]
  [-0.21354, -0.063075, -0.498522, -0.499012, -0.480518]
  [-0.213854, -0.062995, -0.498522, -0.498907, -0.480524]
  [-0.213459, -0.063034, -0.498518, -0.498888, -0.480525]
  [-0.213787, -0.062986, -0.498521, -0.498876, -0.480513]
  [-0.21392, -0.063092, -0.498527, -0.499067, -0.480485]
  [-0.213636, -0.062966, -0.49852, -0.499, -0.480457]
  [-0.213818, -0.062932, -0.498525, -0.499078, -0.480471]
  [-0.213564, -0.063096, -0.49852, -0.499049, -0.480435]
  [-0.213878, -0.062909, -0.498528, -0.498999, -0.480462]
  [-0.213609, -0.063068, -0.498531, -0.498919, -0.480485]
  [-0.213942, -0.063091, -0.498531, -0.498993, -0.480434]
  [-0.213564, -0.063058, -0.498534, -0.498933, -0.48048]
  [-0.213944, -0.062975, -0.498534, -0.499005, -0.480452]
  [-0.213472, -0.062996, -0.498524, -0.499119, -0.480513]
  [-0.213625, -0.062915, -0.498538, -0.498992, -0.480444]
  [-0.213613, -0.062911, -0.49852, -0.498937, -0.480522]
  [-0.213652, -0.06301, -0.498524, -0.499115, -0.480427]
  [-0.213629, -0.063014, -0.498527, -0.498887, -0.4805]
  [-0.213897, -0.063079, -0.498543, -0.49903, -0.480423]
  [-0.213777, -0.063048, -0.49852, -0.499002, -0.480498]
  [-0.213724, -0.06304, -0.498523, -0.498928, -0.480496]
  [-0.213835, -0.062951, -0.498521, -0.499025, -0.480487]
  [-0.213539, -0.06308, -0.498534, -0.499132, -0.480514]
  [-0.213903, -0.063093, -0.498525, -0.498984, -0.480471]
  [-0.213773, -0.062979, -0.498522, -0.498902, -0.480516]
  [-0.213679, -0.063091, -0.498543, -0.498938, -0.480525]
  [-0.21369, -0.063013, -0.498526, -0.499055, -0.480517]
  [-0.213767, -0.062938, -0.498521, -0.498936, -0.480442]
  [-0.213497, -0.062944, -0.498529, -0.498888, -0.480452]
  [-0.213843, -0.062942, -0.498536, -0.498994, -0.480486]
  [-0.213802, -0.062983, -0.498538, -0.499024, -0.480517]
  [-0.213721, -0.062917, -0.498527, -0.499026, -0.480437]
  [-0.213914, -0.062962, -0.498534, -0.498983, -0.480448]
  [-0.21354, -0.06307, -0.498521, -0.499009, -0.480505]
  [-0.213522, -0.06309, -0.498535, -0.498916, -0.480489]
  [-0.213546, -0.063043, -0.498533, -0.499094, -0.480504]
  [-0.213563, -0.062933, -0.498541, -0.499124, -0.48045]
  [-0.213787, -0.063013, -0.498527, -0.499008, -0.480509]
  [-0.213461, -0.063076, -0.498538, -0.499097, -0.480513]
  [-0.21361, -0.063001, -0.498522, -0.498987, -0.480481]
  [-0.213805, -0.062951, -0.498521, -0.499082, -0.480443]
  [-0.213722, -0.062919, -0.498523, -0.498959, -0.480468]
  [-0.213834, -0.062902, -0.498534, -0.498907, -0.480423]
  [-0.213532, -0.06305, -0.498529, -0.498941, -0.48045]
  [-0.213954, -0.06298, -0.498543, -0.499037, -0.480461]
  [-0.213823, -0.063051, -0.498521, -0.498996, -0.480506]
  [-0.213591, -0.063009, -0.49853, -0.499133, -0.480429]
  [-0.213925, -0.063072, -0.498544, -0.498932, -0.480474]
  [-0.213475, -0.063061, -0.498522, -0.498978, -0.480449]
  [-0.213461, -0.06294, -0.498518, -0.499048, -0.480523]
  [-0.213947, -0.062957, -0.498527, -0.499081, -0.480486]
  [-0.213721, -0.063072, -0.498531, -0.499104, -0.480525]
  [-0.213747, -0.063051, -0.498533, -0.498983, -0.480479]
  [-0.213458, -0.062909, -0.498534, -0.499087, -0.48044]
  [-0.213515, -0.062989, -0.498518, -0.49891, -0.480513]
  [-0.213482, -0.062974, -0.498543, -0.499115, -0.480494]
  [-0.213898, -0.062999, -0.498541, -0.499092, -0.480458]
  [-0.213909, -0.062941, -0.498521, -0.499051, -0.480456]
  [-0.213834, -0.06301, -0.498546, -0.499102, -0.480449]
  [-0.213951, -0.063028, -0.498545, -0.498933, -0.480442]
  [-0.213732, -0.063, -0.498519, -0.498914, -0.480464]
  [-0.213817, -0.063093, -0.498535, -0.498926, -0.480426]
  [-0.213537, -0.063084, -0.498532, -0.498896, -0.480516]
  [-0.21367, -0.063039, -0.498536, -0.498974, -0.480473]
  [-0.213826, -0.062973, -0.498538, -0.499066, -0.480461]
  [-0.21383, -0.063043, -0.49853, -0.498876, -0.480438]
  [-0.213552, -0.063044, -0.498528, -0.49899, -0.480506]
  [-0.213891, -0.063006, -0.498536, -0.49911, -0.480507]
  [-0.213746, -0.063068, -0.498533, -0.499071, -0.480467]
  [-0.213888, -0.062992, -0.498543, -0.499049, -0.480478]
  [-0.213607, -0.06298, -0.498526, -0.498983, -0.480472]
  [-0.21358, -0.062966, -0.498533, -0.499089, -0.480513]
  [-0.213877, -0.062939, -0.49854, -0.499087, -0.480427]
  [-0.213873, -0.062964, -0.49854, -0.499012, -0.480434]
  [-0.213712, -0.063031, -0.498521, -0.498978, -0.480489]
  [-0.213946, -0.062967, -0.498545, -0.499026, -0.480476]
  [-0.213966, -0.062971, -0.498518, -0.499118, -0.480433]
  [-0.213549, -0.062958, -0.498519, -0.498969, -0.480484]
  [-0.213592, -0.06306, -0.498543, -0.49908, -0.480443]
  [-0.21393, -0.062999, -0.498522, -0.498899, -0.480511]
  [-0.213938, -0.062991, -0.498521, -0.499136, -0.480476]
  [-0.213794, -0.06296, -0.498532, -0.499107, -0.480522]
  [-0.21358, -0.063064, -0.498536, -0.499019, -0.480515]
  [-0.213678, -0.06304, -0.498519, -0.499127, -0.480456]
  [-0.213657, -0.063074, -0.49852, -0.499018, -0.480449]
  [-0.213578, -0.063063, -0.498545, -0.499137, -0.480459]
  [-0.213952, -0.062994, -0.498539, -0.498958, -0.480434]
  [-0.213865, -0.063077, -0.498538, -0.498907, -0.480507]
  [-0.213485, -0.062985, -0.49852, -0.498932, -0.480485]
  [-0.213835, -0.062932, -0.498528, -0.498892, -0.480438]
  [-0.213955, -0.062971, -0.498544, -0.49904, -0.480435]
  [-0.213812, -0.062934, -0.498538, -0.49898, -0.480487]
  [-0.213749, -0.062999, -0.498522, -0.498986, -0.480491]
  [-0.213547, -0.062917, -0.498522, -0.498899, -0.480524]
  [-0.213583, -0.063064, -0.498537, -0.498962, -0.480517]
  [-0.213664, -0.063028, -0.498538, -0.498921, -0.480477]
  [-0.21349, -0.063071, -0.498536, -0.499036, -0.480506]
  [-0.21389, -0.0629, -0.498539, -0.498962, -0.480517]
  [-0.213523, -0.06298, -0.498536, -0.499128, -0.480481]
  [-0.213619, -0.063054, -0.498545, -0.499068, -0.480431]
  [-0.213846, -0.062918, -0.498523, -0.499053, -0.480522]
  [-0.21348, -0.063067, -0.498521, -0.499001, -0.480518]
  [-0.213762, -0.062959, -0.49854, -0.498897, -0.480429]
  [-0.213956, -0.062927, -0.49854, -0.499047, -0.480467]
  [-0.213743, -0.062918, -0.498525, -0.498881, -0.480517]
  [-0.213899, -0.062962, -0.498529, -0.499094, -0.480445]
  [-0.213458, -0.063022, -0.498538, -0.498987, -0.48046]
  [-0.213869, -0.062975, -0.498521, -0.498987, -0.480449]
  [-0.213673, -0.062926, -0.498519, -0.499006, -0.480492]
  [-0.213761, -0.062995, -0.498535, -0.498878, -0.480451]
  [-0.213962, -0.062963, -0.498524, -0.499063, -0.480474]
  [-0.213917, -0.063004, -0.498521, -0.499075, -0.480447]
  [-0.213476, -0.062978, -0.498529, -0.499026, -0.480428]
  [-0.213514, -0.063067, -0.498527, -0.499045, -0.480476]
  [-0.213847, -0.062961, -0.498546, -0.499027, -0.48052]
  [-0.213885, -0.06299, -0.498538, -0.498875, -0.480512]
  [-0.213897, -0.063018, -0.498522, -0.499069, -0.480442]
  [-0.213897, -0.063045, -0.498518, -0.499085, -0.480447]
  [-0.213912, -0.06292, -0.498529, -0.499061, -0.480516]
  [-0.213864, -0.063002, -0.498526, -0.498985, -0.480459]
  [-0.213749, -0.063001, -0.498533, -0.499036, -0.480502]
  [-0.213848, -0.062921, -0.498526, -0.498947, -0.480454]
  [-0.213587, -0.063026, -0.498538, -0.499044, -0.48043]
  [-0.213888, -0.063075, -0.498532, -0.499083, -0.48046]
  [-0.213886, -0.063076, -0.498541, -0.498988, -0.480456]
  [-0.21389, -0.062906, -0.498534, -0.499003, -0.480477]
  [-0.213509, -0.06303, -0.498532, -0.499035, -0.480516]
  [-0.213774, -0.063078, -0.498543, -0.498898, -0.480511]
  [-0.213741, -0.062922, -0.498534, -0.49896, -0.4805]
  [-0.213795, -0.063033, -0.498534, -0.499054, -0.480451]
  [-0.213721, -0.063019, -0.498536, -0.499075, -0.480472]
  [-0.21376, -0.062958, -0.498524, -0.498911, -0.480426]
  [-0.213722, -0.062936, -0.498525, -0.49903, -0.480437]
  [-0.213966, -0.063053, -0.49853, -0.498905, -0.480446]
  [-0.213689, -0.06302, -0.498524, -0.498933, -0.48045]
  [-0.213984, -0.063023, -0.498524, -0.499056, -0.480442]
  [-0.213856, -0.063052, -0.498526, -0.498987, -0.480503]
  [-0.213787, -0.063021, -0.498539, -0.499062, -0.480454]
  [-0.213476, -0.062995, -0.498527, -0.499133, -0.480518]
  [-0.213896, -0.062914, -0.498527, -0.499114, -0.480499]
  [-0.213938, -0.063095, -0.498538, -0.498879, -0.48052]
  [-0.213719, -0.063011, -0.498532, -0.499127, -0.480476]
  [-0.213496, -0.062955, -0.498522, -0.499057, -0.480446]
  [-0.21359, -0.06306, -0.498526, -0.498948, -0.480474]
  [-0.213672, -0.063002, -0.498531, -0.499106, -0.480424]
  [-0.213508, -0.063083, -0.498545, -0.499036, -0.480466]
  [-0.213747, -0.063038, -0.498542, -0.498995, -0.480449]
  [-0.213645, -0.062922, -0.498539, -0.498916, -0.480506]
  [-0.213875, -0.063087, -0.498543, -0.499072, -0.480452]
  [-0.213683, -0.06299, -0.498529, -0.498939, -0.480491]
  [-0.213694, -0.06292, -0.498526, -0.498904, -0.480461]
  [-0.213587, -0.063011, -0.498528, -0.499108, -0.480493]
  [-0.213614, -0.062975, -0.498543, -0.499094, -0.480502]
  [-0.213915, -0.062982, -0.49853, -0.498907, -0.480441]
  [-0.213603, -0.062961, -0.498527, -0.498984, -0.480429]
  [-0.213681, -0.062963, -0.498523, -0.499027, -0.48043]
  [-0.213841, -0.062919, -0.498531, -0.499082, -0.48045]
  [-0.213514, -0.062984, -0.498536, -0.498965, -0.480462]
  [-0.213537, -0.062916, -0.498541, -0.499007, -0.480463]
  [-0.213737, -0.063029, -0.498529, -0.498999, -0.480496]
  [-0.213534, -0.06293, -0.498527, -0.499015, -0.480513]
  [-0.213819, -0.06295, -0.498541, -0.499134, -0.480426]
  [-0.213773, -0.063076, -0.498539, -0.498922, -0.48051]
  [-0.213695, -0.062996, -0.498519, -0.499098, -0.480429]
  [-0.213729, -0.063026, -0.498535, -0.499131, -0.480471]
  [-0.213902, -0.062943, -0.49853, -0.498882, -0.480489]
  [-0.213491, -0.063096, -0.498533, -0.499041, -0.48046]
  [-0.21396, -0.06295, -0.498526, -0.499052, -0.480422]
  [-0.21369, -0.063001, -0.498543, -0.499065, -0.480498]
  [-0.213778, -0.063095, -0.498528, -0.499062, -0.480429]
  [-0.213582, -0.062976, -0.498532, -0.498912, -0.480461]
  [-0.213482, -0.062955, -0.498533, -0.498982, -0.480484]
  [-0.213639, -0.062922, -0.498525, -0.499123, -0.480436]
  [-0.213632, -0.06307, -0.498526, -0.499138, -0.480522]
  [-0.213665, -0.063038, -0.498523, -0.498868, -0.480513]
  [-0.213676, -0.062904, -0.498535, -0.49895, -0.480451]
  [-0.213642, -0.062934, -0.498535, -0.498905, -0.480515]
  [-0.213618, -0.063089, -0.498529, -0.499098, -0.480517]
  [-0.213977, -0.062978, -0.498523, -0.498911, -0.480492]
  [-0.213871, -0.063047, -0.498528, -0.498902, -0.480512]
  [-0.213713, -0.063049, -0.498534, -0.498943, -0.480443]
  [-0.213796, -0.062958, -0.49852, -0.499136, -0.480464]
  [-0.213618, -0.06299, -0.498537, -0.499, -0.480499]
  [-0.213468, -0.06307, -0.498545, -0.498953, -0.480499]
  [-0.213675, -0.063076, -0.498521, -0.499135, -0.480497]
  [-0.213856, -0.062955, -0.498531, -0.499033, -0.480487]
  [-0.213531, -0.062937, -0.498535, -0.499083, -0.480519]
  [-0.213819, -0.062963, -0.498527, -0.498878, -0.480452]
  [-0.213737, -0.062955, -0.498537, -0.498899, -0.480509]
  [-0.213677, -0.063013, -0.498525, -0.498955, -0.48047]
  [-0.213499, -0.062992, -0.49854, -0.499107, -0.480467]
  [-0.213495, -0.063013, -0.498541, -0.498874, -0.480479]
  [-0.213921, -0.063029, -0.49852, -0.498931, -0.480453]
  [-0.213699, -0.062934, -0.498522, -0.499125, -0.480518]
  [-0.213838, -0.06305, -0.498541, -0.498982, -0.480457]
  [-0.213487, -0.062941, -0.498539, -0.499012, -0.480499]
  [-0.213488, -0.063005, -0.498525, -0.499004, -0.48048]
  [-0.213812, -0.062937, -0.498544, -0.498979, -0.480485]
  [-0.213605, -0.063048, -0.498519, -0.498919, -0.480471]
  [-0.213602, -0.062964, -0.498532, -0.499044, -0.480508]
  [-0.213756, -0.063053, -0.49853, -0.498954, -0.480517]
  [-0.21398, -0.062902, -0.498519, -0.49907, -0.480525]
  [-0.21398, -0.062903, -0.498519, -0.49907, -0.480526]
  [-0.213982, -0.062902, -0.498519, -0.49907, -0.480526]
  [-0.213981, -0.062902, -0.498519, -0.49907, -0.480525]
  [-0.213978, -0.062903, -0.498519, -0.49907, -0.480526]
  [-0.213979, -0.062902, -0.498519, -0.49907, -0.480526]
  [-0.213979, -0.062902, -0.498519, -0.49907, -0.480525]
  [-0.213978, -0.062902, -0.498519, -0.49907, -0.480526]
  [-0.21398, -0.062903, -0.498519, -0.49907, -0.480525]
  [-0.213981, -0.062903, -0.498519, -0.49907, -0.480525]
  [-0.213979, -0.062903, -0.498519, -0.49907, -0.480526]
  [-0.213979, -0.062903, -0.498519, -0.49907, -0.480525]
  [-0.213983, -0.062903, -0.498519, -0.49907, -0.480526]
  [-0.213982, -0.062902, -0.498519, -0.49907, -0.480525]
  [-0.213982, -0.062903, -0.498519, -0.49907, -0.480526]
  [-0.213981, -0.062902, -0.498519, -0.49907, -0.480526]
  [-0.21398, -0.062902, -0.498519, -0.49907, -0.480526]
  [-0.213981, -0.062903, -0.498519, -0.49907, -0.480526]
  [-0.213983, -0.062902, -0.498519, -0.49907, -0.480526]
  [-0.213982, -0.062903, -0.498519, -0.49907, -0.480525]
  [-0.213983, -0.062902, -0.498519, -0.49907, -0.480525]
  [-0.213983, -0.062903, -0.498519, -0.49907, -0.480525]
  [-0.213978, -0.062902, -0.498519, -0.49907, -0.480525]
