Status: violated
Adversarial inputs found:
  [-0.238327, -0.051804, -0.498486, -0.498302, -0.445947]
  [-0.257012, -0.047787, -0.499995, -0.491302, -0.47262]
  [-0.272479, -0.047456, -0.498731, -0.480493, -0.415291]
  [-0.251049, -0.025441, -0.499953, -0.487831, -0.376411]
  [-0.247865, -0.05165, -0.498873, -0.499677, -0.376824]
  [-0.265334, -0.03886, -0.499325, -0.49178, -0.375948]
  [-0.242027, -0.029965, -0.499168, -0.482182, -0.392761]
  [-0.213197, -0.02648, -0.498676, -0.470689, -0.380889]
  [-0.234858, -0.037542, -0.49988, -0.463145, -0.467807]
  [-0.286018, -0.032437, -0.499518, -0.477499, -0.461432]
  [-0.278694, -0.038379, -0.499599, -0.458545, -0.416475]
  [-0.260013, -0.055347, -0.499888, -0.45663, -0.41507]
  [-0.215994, -0.052021, -0.499513, -0.491707, -0.378594]
  [-0.281052, -0.027427, -0.499353, -0.462988, -0.392396]
  [-0.273837, -0.029568, -0.499178, -0.490233, -0.442308]
  [-0.277157, -0.061295, -0.499899, -0.471611, -0.396977]
  [-0.279862, -0.034108, -0.499122, -0.496229, -0.392821]
  [-0.264925, -0.052067, -0.499724, -0.493112, -0.394439]
  [-0.284213, -0.051434, -0.498488, -0.482374, -0.437413]
  [-0.269448, -0.029008, -0.499418, -0.459835, -0.498403]
  [-0.264154, -0.035555, -0.499479, -0.459089, -0.42861]
  [-0.225629, -0.050803, -0.49925, -0.455036, -0.469328]
  [-0.29334, -0.047712, -0.498837, -0.468962, -0.439757]
  [-0.279135, -0.055406, -0.499199, -0.491277, -0.393041]
  [-0.242762, -0.038915, -0.498714, -0.465352, -0.47915]
  [-0.240201, -0.04301, -0.498784, -0.471823, -0.45558]
  [-0.24172, -0.05357, -0.499977, -0.477438, -0.375731]
  [-0.277336, -0.040682, -0.498505, -0.490459, -0.479108]
  [-0.216682, -0.036968, -0.498782, -0.464087, -0.385202]
  [-0.26673, -0.04678, -0.499816, -0.468545, -0.379078]
  [-0.258864, -0.035127, -0.499712, -0.458248, -0.489193]
  [-0.251854, -0.023191, -0.499347, -0.470748, -0.38174]
  [-0.261805, -0.033729, -0.499903, -0.469591, -0.409252]
  [-0.279076, -0.050461, -0.499745, -0.495187, -0.474231]
  [-0.291664, -0.032952, -0.499366, -0.474198, -0.419422]
  [-0.246472, -0.043545, -0.498448, -0.491614, -0.479267]
  [-0.250214, -0.035507, -0.49997, -0.463639, -0.40078]
  [-0.231624, -0.05417, -0.49863, -0.457928, -0.38576]
  [-0.278499, -0.026658, -0.498759, -0.458971, -0.394593]
  [-0.219871, -0.040507, -0.49851, -0.472329, -0.493765]
  [-0.258074, -0.052461, -0.498887, -0.490269, -0.436626]
  [-0.224842, -0.051712, -0.498975, -0.468612, -0.428572]
  [-0.260799, -0.04194, -0.498447, -0.483229, -0.492082]
  [-0.26574, -0.06343, -0.499896, -0.475695, -0.460246]
  [-0.263139, -0.039731, -0.499297, -0.456159, -0.478514]
  [-0.245295, -0.053856, -0.499315, -0.46541, -0.476696]
  [-0.232913, -0.037066, -0.499604, -0.455621, -0.397328]
  [-0.282962, -0.025714, -0.499521, -0.463173, -0.389695]
  [-0.232438, -0.054976, -0.499852, -0.45868, -0.404094]
  [-0.272108, -0.026868, -0.49986, -0.494048, -0.473921]
  [-0.259745, -0.046602, -0.499847, -0.477205, -0.476943]
  [-0.219538, -0.028997, -0.499863, -0.475983, -0.428781]
  [-0.262095, -0.031637, -0.498711, -0.477715, -0.429504]
  [-0.237407, -0.057847, -0.49997, -0.48958, -0.399432]
  [-0.287282, -0.050347, -0.499879, -0.49965, -0.488004]
  [-0.263038, -0.063357, -0.499049, -0.474909, -0.389825]
  [-0.252404, -0.036424, -0.498935, -0.460391, -0.400801]
  [-0.221514, -0.033295, -0.49957, -0.462439, -0.405696]
  [-0.281401, -0.048848, -0.498975, -0.457413, -0.465232]
  [-0.277536, -0.043023, -0.499378, -0.498887, -0.450715]
  [-0.250353, -0.062442, -0.499332, -0.45513, -0.478582]
  [-0.220101, -0.041018, -0.498611, -0.491312, -0.418264]
  [-0.271536, -0.038752, -0.499443, -0.455258, -0.497612]
  [-0.23646, -0.051482, -0.499718, -0.480184, -0.408405]
  [-0.275419, -0.04078, -0.498659, -0.478821, -0.490214]
  [-0.275224, -0.058134, -0.499793, -0.496254, -0.438201]
  [-0.291165, -0.059562, -0.499422, -0.469107, -0.405547]
  [-0.26937, -0.034655, -0.499032, -0.457453, -0.470848]
  [-0.251447, -0.023905, -0.499725, -0.464581, -0.441671]
  [-0.213729, -0.03359, -0.498868, -0.482807, -0.406633]
  [-0.256912, -0.053017, -0.4993, -0.471678, -0.392145]
  [-0.251182, -0.025349, -0.499248, -0.481739, -0.416938]
  [-0.224641, -0.024648, -0.49994, -0.455428, -0.407304]
  [-0.25715, -0.027274, -0.498686, -0.495931, -0.498574]
  [-0.230898, -0.062196, -0.499605, -0.498058, -0.408831]
  [-0.230324, -0.059453, -0.499629, -0.489016, -0.444216]
  [-0.24347, -0.060456, -0.49973, -0.489138, -0.388544]
  [-0.246448, -0.032716, -0.49994, -0.488286, -0.411112]
  [-0.241435, -0.041881, -0.499017, -0.47024, -0.496662]
  [-0.226342, -0.049071, -0.499422, -0.492938, -0.496529]
  [-0.290924, -0.051621, -0.499323, -0.472513, -0.491336]
  [-0.213658, -0.046114, -0.498497, -0.466861, -0.44167]
  [-0.224288, -0.023465, -0.499541, -0.459629, -0.491408]
  [-0.22774, -0.032664, -0.499749, -0.476216, -0.447691]
  [-0.265026, -0.046269, -0.499439, -0.466231, -0.496603]
  [-0.230332, -0.033486, -0.498961, -0.486977, -0.453484]
  [-0.271485, -0.037091, -0.499993, -0.463718, -0.438923]
  [-0.213355, -0.03575, -0.499962, -0.487214, -0.396546]
  [-0.234464, -0.024524, -0.498577, -0.482017, -0.414764]
  [-0.218102, -0.055884, -0.499645, -0.484417, -0.38077]
  [-0.221856, -0.036018, -0.498849, -0.458008, -0.499242]
  [-0.271317, -0.030984, -0.499713, -0.466436, -0.408624]
  [-0.259032, -0.036551, -0.498828, -0.497793, -0.438641]
  [-0.265961, -0.033122, -0.498619, -0.475645, -0.385262]
  [-0.251915, -0.056953, -0.499094, -0.480326, -0.395709]
  [-0.29106, -0.062661, -0.499305, -0.459418, -0.456471]
  [-0.256824, -0.029777, -0.499689, -0.460982, -0.397146]
  [-0.228116, -0.057268, -0.498743, -0.499243, -0.404841]
  [-0.269115, -0.050919, -0.498981, -0.468159, -0.423051]
  [-0.230356, -0.045124, -0.499075, -0.483652, -0.375371]
  [-0.215164, -0.049738, -0.499833, -0.4778, -0.443009]
  [-0.279948, -0.053437, -0.499694, -0.461497, -0.402215]
  [-0.290539, -0.052052, -0.498681, -0.475405, -0.443478]
  [-0.283039, -0.02551, -0.498829, -0.461092, -0.385538]
  [-0.234163, -0.036064, -0.499241, -0.469832, -0.443758]
  [-0.236905, -0.040561, -0.498435, -0.482032, -0.461098]
  [-0.257628, -0.036448, -0.498708, -0.4738, -0.406825]
  [-0.234863, -0.051346, -0.499489, -0.464569, -0.469808]
  [-0.228165, -0.0245, -0.498732, -0.459455, -0.390979]
  [-0.220122, -0.057521, -0.499298, -0.497908, -0.479376]
  [-0.271553, -0.051511, -0.499342, -0.495723, -0.425096]
  [-0.229986, -0.055279, -0.498753, -0.497034, -0.44992]
  [-0.227722, -0.025829, -0.499186, -0.496525, -0.43859]
  [-0.26442, -0.038761, -0.498646, -0.473367, -0.397771]
  [-0.267602, -0.022658, -0.499557, -0.470409, -0.495433]
  [-0.246834, -0.027507, -0.498533, -0.470163, -0.419156]
  [-0.219782, -0.040573, -0.499654, -0.491439, -0.421245]
  [-0.284507, -0.04001, -0.499696, -0.4822, -0.381375]
  [-0.291065, -0.035984, -0.499321, -0.464248, -0.388747]
  [-0.283181, -0.042943, -0.499863, -0.483368, -0.392996]
  [-0.25114, -0.04951, -0.499442, -0.477474, -0.462001]
  [-0.252649, -0.039534, -0.498996, -0.480435, -0.445671]
  [-0.245043, -0.045774, -0.499003, -0.461355, -0.49498]
  [-0.222641, -0.046718, -0.499498, -0.496588, -0.452029]
  [-0.273977, -0.037621, -0.49857, -0.472617, -0.443764]
  [-0.229675, -0.040093, -0.498899, -0.468971, -0.381664]
  [-0.237232, -0.063411, -0.499293, -0.494552, -0.442255]
  [-0.27414, -0.057056, -0.499316, -0.474562, -0.385443]
  [-0.287322, -0.026485, -0.498762, -0.475945, -0.4774]
  [-0.291758, -0.045698, -0.499633, -0.475108, -0.472898]
  [-0.219448, -0.054009, -0.498705, -0.463294, -0.446136]
  [-0.226195, -0.054107, -0.499517, -0.467801, -0.491961]
  [-0.275561, -0.055408, -0.499759, -0.498336, -0.494494]
  [-0.228901, -0.049528, -0.498917, -0.467546, -0.439362]
  [-0.219166, -0.030232, -0.499875, -0.485767, -0.406375]
  [-0.247707, -0.03253, -0.499804, -0.494829, -0.444029]
  [-0.220014, -0.028834, -0.49982, -0.46763, -0.470676]
  [-0.246304, -0.044484, -0.499082, -0.469218, -0.47599]
  [-0.213075, -0.03553, -0.499116, -0.466415, -0.470868]
  [-0.231148, -0.02614, -0.49924, -0.46564, -0.377037]
  [-0.256057, -0.042267, -0.499962, -0.473938, -0.468626]
  [-0.21708, -0.051679, -0.498703, -0.489614, -0.470213]
  [-0.260448, -0.038465, -0.4997, -0.484578, -0.399022]
  [-0.251102, -0.053299, -0.499507, -0.477793, -0.425238]
  [-0.235425, -0.035098, -0.498901, -0.475997, -0.377738]
  [-0.244603, -0.029132, -0.498614, -0.494904, -0.425093]
  [-0.240926, -0.055475, -0.499357, -0.455869, -0.385608]
  [-0.242408, -0.026362, -0.499514, -0.461057, -0.388067]
  [-0.281729, -0.047622, -0.499779, -0.490584, -0.388366]
  [-0.26937, -0.030827, -0.499064, -0.472535, -0.423267]
  [-0.245909, -0.035275, -0.498791, -0.483364, -0.421741]
  [-0.23112, -0.037309, -0.498883, -0.483061, -0.441215]
  [-0.230861, -0.060478, -0.499109, -0.466232, -0.405084]
  [-0.288498, -0.041994, -0.499083, -0.45687, -0.418244]
  [-0.234292, -0.049199, -0.498416, -0.454867, -0.486456]
  [-0.255173, -0.058582, -0.49928, -0.456413, -0.385849]
  [-0.23156, -0.022629, -0.498897, -0.493474, -0.486592]
  [-0.258212, -0.058793, -0.498937, -0.462397, -0.43296]
  [-0.251076, -0.03987, -0.499269, -0.464757, -0.428014]
  [-0.24725, -0.041046, -0.499274, -0.467576, -0.390224]
  [-0.232323, -0.061041, -0.499023, -0.480846, -0.49833]
  [-0.264278, -0.034858, -0.499366, -0.476538, -0.389232]
  [-0.282135, -0.044592, -0.498854, -0.467226, -0.473173]
  [-0.29116, -0.059841, -0.498727, -0.480011, -0.402348]
  [-0.219584, -0.059694, -0.499722, -0.469567, -0.399203]
  [-0.229937, -0.046932, -0.499094, -0.476643, -0.44041]
  [-0.264789, -0.05047, -0.498658, -0.486437, -0.46136]
  [-0.248013, -0.046663, -0.49975, -0.495671, -0.465151]
  [-0.232052, -0.063428, -0.498938, -0.471083, -0.380465]
  [-0.248259, -0.037024, -0.49879, -0.48576, -0.465626]
  [-0.21946, -0.041219, -0.49862, -0.469763, -0.42165]
  [-0.220471, -0.043502, -0.498539, -0.474389, -0.463465]
  [-0.22802, -0.06223, -0.498946, -0.487475, -0.466011]
  [-0.289286, -0.057933, -0.499752, -0.469254, -0.498247]
  [-0.2498, -0.028449, -0.499227, -0.484069, -0.394315]
  [-0.241621, -0.047411, -0.498688, -0.458154, -0.484545]
  [-0.271862, -0.022331, -0.499901, -0.465799, -0.383847]
  [-0.239607, -0.05543, -0.498662, -0.495306, -0.479039]
  [-0.268601, -0.044194, -0.499763, -0.468469, -0.443174]
  [-0.252768, -0.032884, -0.499511, -0.476801, -0.378364]
  [-0.239048, -0.057394, -0.499521, -0.493166, -0.469792]
  [-0.291222, -0.039995, -0.499393, -0.472548, -0.377257]
  [-0.220186, -0.057765, -0.499007, -0.464977, -0.485712]
  [-0.21861, -0.029969, -0.499473, -0.483561, -0.4307]
  [-0.286414, -0.061273, -0.49951, -0.464982, -0.486628]
  [-0.238982, -0.035674, -0.498686, -0.49277, -0.401037]
  [-0.272583, -0.042326, -0.499782, -0.462147, -0.44193]
  [-0.290413, -0.023079, -0.499756, -0.45855, -0.473869]
  [-0.220601, -0.027741, -0.499511, -0.470154, -0.443675]
  [-0.247913, -0.051633, -0.499455, -0.454727, -0.392097]
  [-0.21355, -0.055021, -0.499775, -0.490061, -0.476169]
  [-0.253006, -0.023522, -0.499215, -0.482193, -0.416247]
  [-0.256177, -0.024862, -0.499759, -0.460836, -0.476706]
  [-0.251658, -0.059195, -0.498821, -0.463205, -0.481772]
  [-0.231673, -0.027338, -0.498944, -0.494674, -0.441456]
  [-0.22162, -0.062242, -0.498511, -0.465286, -0.422564]
  [-0.263676, -0.057986, -0.499682, -0.466608, -0.414495]
  [-0.225212, -0.050304, -0.499694, -0.493865, -0.471735]
  [-0.228292, -0.036203, -0.499398, -0.483776, -0.472181]
  [-0.215725, -0.057841, -0.498605, -0.472149, -0.385397]
  [-0.246717, -0.046523, -0.498671, -0.479317, -0.410063]
  [-0.213198, -0.05926, -0.499156, -0.499325, -0.445862]
  [-0.245081, -0.043824, -0.499032, -0.482764, -0.432957]
  [-0.212558, -0.053209, -0.499624, -0.49749, -0.378832]
  [-0.2434, -0.044095, -0.498419, -0.483062, -0.47131]
  [-0.253252, -0.032803, -0.499956, -0.483535, -0.470571]
  [-0.216214, -0.051657, -0.498722, -0.460794, -0.407049]
  [-0.217751, -0.059838, -0.499617, -0.461328, -0.449972]
  [-0.238497, -0.038336, -0.499751, -0.461383, -0.411706]
  [-0.268333, -0.041777, -0.49963, -0.466368, -0.429996]
  [-0.287231, -0.047359, -0.499, -0.480475, -0.499242]
  [-0.28219, -0.045446, -0.499254, -0.472527, -0.375169]
  [-0.275651, -0.044816, -0.499883, -0.476159, -0.47348]
  [-0.232637, -0.053549, -0.498986, -0.496799, -0.405482]
  [-0.244922, -0.049913, -0.498848, -0.473835, -0.449604]
  [-0.266203, -0.038421, -0.498529, -0.458527, -0.41253]
  [-0.244148, -0.055904, -0.498472, -0.458831, -0.412388]
  [-0.270897, -0.049477, -0.499087, -0.457657, -0.44479]
  [-0.222896, -0.042936, -0.498562, -0.475403, -0.386239]
  [-0.238914, -0.039431, -0.499601, -0.4742, -0.453411]
  [-0.27095, -0.054117, -0.499912, -0.459058, -0.462629]
  [-0.279183, -0.046685, -0.499266, -0.458615, -0.426149]
  [-0.264806, -0.061513, -0.499068, -0.480567, -0.498465]
  [-0.219788, -0.029729, -0.498855, -0.464732, -0.39609]
  [-0.217298, -0.045252, -0.499855, -0.460569, -0.410933]
  [-0.273113, -0.062513, -0.498559, -0.466744, -0.449873]
  [-0.273581, -0.054337, -0.499827, -0.473144, -0.436621]
  [-0.248657, -0.045634, -0.499861, -0.486487, -0.392901]
  [-0.283403, -0.026788, -0.499486, -0.47513, -0.382779]
  [-0.242409, -0.058571, -0.499859, -0.490779, -0.470716]
  [-0.216182, -0.035457, -0.499944, -0.475983, -0.459312]
  [-0.273702, -0.047203, -0.498429, -0.494179, -0.499964]
  [-0.262059, -0.062645, -0.498755, -0.466803, -0.48347]
  [-0.235234, -0.063461, -0.499662, -0.466727, -0.441785]
  [-0.239431, -0.032526, -0.499912, -0.496833, -0.452419]
  [-0.23179, -0.042547, -0.499256, -0.463903, -0.47405]
  [-0.231846, -0.050836, -0.499134, -0.47865, -0.405839]
  [-0.251506, -0.035893, -0.498543, -0.469069, -0.401633]
  [-0.220145, -0.047859, -0.498852, -0.491015, -0.377657]
  [-0.248073, -0.051039, -0.49881, -0.475673, -0.389682]
  [-0.2642, -0.046398, -0.499281, -0.459314, -0.470435]
  [-0.27386, -0.037517, -0.498979, -0.494676, -0.454053]
  [-0.232117, -0.048238, -0.499409, -0.454639, -0.485641]
  [-0.292692, -0.025389, -0.499663, -0.458177, -0.419978]
  [-0.231047, -0.040632, -0.499105, -0.467368, -0.474598]
  [-0.271417, -0.033204, -0.498527, -0.49987, -0.404851]
  [-0.213761, -0.048482, -0.499917, -0.491208, -0.418162]
  [-0.225758, -0.058348, -0.498936, -0.458955, -0.463196]
  [-0.219184, -0.030969, -0.498866, -0.49682, -0.430765]
  [-0.273225, -0.047321, -0.498735, -0.471607, -0.448686]
  [-0.271303, -0.03108, -0.498851, -0.480123, -0.391511]
  [-0.260377, -0.057848, -0.499971, -0.493972, -0.459841]
  [-0.270848, -0.03424, -0.499035, -0.48526, -0.457687]
  [-0.250082, -0.046014, -0.498639, -0.489604, -0.415422]
  [-0.28052, -0.049767, -0.498621, -0.472579, -0.40561]
  [-0.294964, -0.022614, -0.499483, -0.499116, -0.388085]
  [-0.280739, -0.049662, -0.498968, -0.499484, -0.431753]
  [-0.235687, -0.056324, -0.499668, -0.456241, -0.423871]
  [-0.231388, -0.024232, -0.49902, -0.494252, -0.418263]
  [-0.27853, -0.051186, -0.499611, -0.49732, -0.461527]
  [-0.222357, -0.045736, -0.499298, -0.470391, -0.410647]
  [-0.214581, -0.062799, -0.499803, -0.499463, -0.440309]
  [-0.234202, -0.04544, -0.498925, -0.474843, -0.447017]
  [-0.258952, -0.027803, -0.499364, -0.492805, -0.460403]
  [-0.240465, -0.063068, -0.499983, -0.489941, -0.459784]
  [-0.218262, -0.047989, -0.498503, -0.499487, -0.415467]
  [-0.286192, -0.05963, -0.498472, -0.463159, -0.440859]
  [-0.218858, -0.045002, -0.499237, -0.477376, -0.435145]
  [-0.265151, -0.048599, -0.4995, -0.490902, -0.485532]
  [-0.242733, -0.028881, -0.498635, -0.482304, -0.470884]
  [-0.220309, -0.043077, -0.499281, -0.48785, -0.403124]
  [-0.213005, -0.052174, -0.499984, -0.489272, -0.488051]
  [-0.295062, -0.04236, -0.49871, -0.465547, -0.472993]
  [-0.229517, -0.050517, -0.498694, -0.493792, -0.379009]
  [-0.262887, -0.046407, -0.498961, -0.48047, -0.414434]
  [-0.284166, -0.031032, -0.49941, -0.483289, -0.491812]
  [-0.294113, -0.029522, -0.498731, -0.473953, -0.390918]
  [-0.229087, -0.025779, -0.498741, -0.493075, -0.411196]
  [-0.246723, -0.02811, -0.498522, -0.498095, -0.425884]
  [-0.294376, -0.02706, -0.498688, -0.498233, -0.456578]
  [-0.217451, -0.053028, -0.498653, -0.463228, -0.493839]
  [-0.27736, -0.040984, -0.499216, -0.463658, -0.4441]
  [-0.293251, -0.035351, -0.499548, -0.455291, -0.443781]
  [-0.224858, -0.054006, -0.499459, -0.456665, -0.446951]
  [-0.276076, -0.040633, -0.499846, -0.456671, -0.494062]
  [-0.222609, -0.036694, -0.499147, -0.473571, -0.456737]
  [-0.239162, -0.050234, -0.499938, -0.459994, -0.450028]
  [-0.223512, -0.046158, -0.498611, -0.475224, -0.40403]
  [-0.278001, -0.060705, -0.498775, -0.455327, -0.430919]
  [-0.2657, -0.056326, -0.499959, -0.468501, -0.392518]
  [-0.235704, -0.04727, -0.498961, -0.462875, -0.431681]
  [-0.265237, -0.054002, -0.499303, -0.465586, -0.447945]
  [-0.216898, -0.033852, -0.498694, -0.454733, -0.450654]
  [-0.223843, -0.052844, -0.499861, -0.457258, -0.430921]
  [-0.232477, -0.06308, -0.499554, -0.485262, -0.468551]
  [-0.219211, -0.036459, -0.499722, -0.498179, -0.474772]
  [-0.227899, -0.048264, -0.498737, -0.490502, -0.495026]
  [-0.272733, -0.035112, -0.498952, -0.499768, -0.399193]
  [-0.248802, -0.051187, -0.499501, -0.456819, -0.417309]
  [-0.289671, -0.037022, -0.499456, -0.461753, -0.446704]
  [-0.253111, -0.053355, -0.498609, -0.47235, -0.486835]
  [-0.244792, -0.024714, -0.499861, -0.497436, -0.417519]
  [-0.24404, -0.025929, -0.498673, -0.494039, -0.426914]
  [-0.218669, -0.044891, -0.498465, -0.49604, -0.49052]
  [-0.246019, -0.036845, -0.499226, -0.497041, -0.458606]
  [-0.244878, -0.061812, -0.499936, -0.481458, -0.379098]
  [-0.266664, -0.060876, -0.498792, -0.460408, -0.400779]
  [-0.276575, -0.050731, -0.499351, -0.462261, -0.376693]
  [-0.256326, -0.043997, -0.49952, -0.478009, -0.439322]
  [-0.217557, -0.054854, -0.498413, -0.491105, -0.480147]
  [-0.265169, -0.0504, -0.499403, -0.485972, -0.486067]
  [-0.237964, -0.049201, -0.498591, -0.455287, -0.377042]
  [-0.272159, -0.052016, -0.499719, -0.483764, -0.410769]
  [-0.269192, -0.03312, -0.499719, -0.485808, -0.479342]
  [-0.293617, -0.03493, -0.49843, -0.455292, -0.471284]
  [-0.283659, -0.035947, -0.498593, -0.476221, -0.448663]
  [-0.257775, -0.035244, -0.498807, -0.469153, -0.426687]
  [-0.24741, -0.03285, -0.49992, -0.48323, -0.448823]
  [-0.269535, -0.058982, -0.499088, -0.488938, -0.417186]
  [-0.216109, -0.043544, -0.498483, -0.461037, -0.419376]
  [-0.215302, -0.05185, -0.498997, -0.472256, -0.486397]
  [-0.234695, -0.037585, -0.499373, -0.468154, -0.463732]
  [-0.256867, -0.028947, -0.499624, -0.47986, -0.403731]
  [-0.252019, -0.052711, -0.498981, -0.455516, -0.490822]
  [-0.2692, -0.027212, -0.498475, -0.493785, -0.397571]
  [-0.289679, -0.040774, -0.498703, -0.490416, -0.452248]
  [-0.21627, -0.025417, -0.499054, -0.466884, -0.431288]
  [-0.276188, -0.044662, -0.499241, -0.486595, -0.418566]
  [-0.235988, -0.035699, -0.498861, -0.487387, -0.487298]
  [-0.274093, -0.034792, -0.498754, -0.469462, -0.472436]
  [-0.266983, -0.037581, -0.499813, -0.470697, -0.468529]
  [-0.260019, -0.02774, -0.499857, -0.498996, -0.43227]
  [-0.283221, -0.03962, -0.498928, -0.484275, -0.414562]
  [-0.247995, -0.039634, -0.499442, -0.461883, -0.430399]
  [-0.232578, -0.035015, -0.499964, -0.481506, -0.463306]
  [-0.290595, -0.053019, -0.49875, -0.485578, -0.487006]
  [-0.222764, -0.059292, -0.498621, -0.492978, -0.388823]
  [-0.243982, -0.026929, -0.498696, -0.480357, -0.381146]
  [-0.293144, -0.050959, -0.498429, -0.497834, -0.423606]
  [-0.237729, -0.035948, -0.498789, -0.486791, -0.469627]
  [-0.214849, -0.029906, -0.499526, -0.462984, -0.383914]
  [-0.237987, -0.03121, -0.498467, -0.478664, -0.483795]
  [-0.256927, -0.029085, -0.499327, -0.487825, -0.379447]
  [-0.213751, -0.04268, -0.498877, -0.475522, -0.381618]
  [-0.249563, -0.026421, -0.499436, -0.455258, -0.398178]
  [-0.263058, -0.027805, -0.499749, -0.499756, -0.449888]
  [-0.273334, -0.050803, -0.499611, -0.478918, -0.393721]
  [-0.237491, -0.042059, -0.499171, -0.466582, -0.401493]
  [-0.25526, -0.055639, -0.499195, -0.461486, -0.410772]
  [-0.274658, -0.02297, -0.498975, -0.462176, -0.452351]
  [-0.269986, -0.057602, -0.499996, -0.459269, -0.416311]
  [-0.231277, -0.061313, -0.499039, -0.482829, -0.392473]
  [-0.216625, -0.058614, -0.499065, -0.490526, -0.390621]
  [-0.274859, -0.059635, -0.499227, -0.489001, -0.396468]
  [-0.284537, -0.055091, -0.499036, -0.484684, -0.418789]
  [-0.249233, -0.051254, -0.499032, -0.496284, -0.378218]
  [-0.227866, -0.044704, -0.499287, -0.462094, -0.384785]
  [-0.259793, -0.046728, -0.499032, -0.463824, -0.473439]
  [-0.265248, -0.036599, -0.498721, -0.471371, -0.454578]
  [-0.287834, -0.03618, -0.498696, -0.496706, -0.459046]
  [-0.248472, -0.053855, -0.499653, -0.456093, -0.426964]
  [-0.232313, -0.05453, -0.499372, -0.494487, -0.449267]
  [-0.259329, -0.042233, -0.498503, -0.478045, -0.382746]
  [-0.214075, -0.032974, -0.498672, -0.47061, -0.395546]
  [-0.223978, -0.060969, -0.499134, -0.46634, -0.496435]
  [-0.266799, -0.032213, -0.499978, -0.460367, -0.422104]
  [-0.237132, -0.046757, -0.498563, -0.487573, -0.391121]
  [-0.269155, -0.024929, -0.49924, -0.495718, -0.496931]
  [-0.245923, -0.052798, -0.499893, -0.499095, -0.40363]
  [-0.244144, -0.04824, -0.499077, -0.497112, -0.393679]
  [-0.284193, -0.048412, -0.499671, -0.495138, -0.422888]
  [-0.26642, -0.047581, -0.499028, -0.475436, -0.443952]
  [-0.219408, -0.030159, -0.499441, -0.473816, -0.396]
  [-0.219219, -0.058303, -0.499747, -0.470082, -0.429637]
  [-0.268723, -0.042087, -0.499203, -0.493586, -0.424371]
  [-0.220122, -0.032452, -0.499392, -0.499399, -0.399938]
  [-0.263211, -0.062847, -0.499206, -0.474544, -0.471105]
  [-0.280624, -0.027601, -0.498873, -0.456797, -0.460638]
  [-0.246522, -0.038421, -0.498697, -0.47476, -0.452212]
  [-0.246638, -0.055064, -0.499473, -0.499963, -0.388316]
  [-0.250542, -0.057066, -0.499895, -0.462038, -0.385566]
  [-0.212921, -0.051103, -0.498962, -0.473873, -0.473173]
  [-0.256326, -0.036394, -0.499749, -0.474137, -0.417899]
  [-0.272274, -0.04168, -0.498942, -0.491942, -0.450648]
  [-0.24907, -0.057942, -0.499759, -0.498021, -0.489429]
  [-0.274584, -0.051778, -0.499785, -0.456362, -0.447833]
  [-0.229185, -0.036306, -0.499646, -0.457796, -0.419991]
  [-0.242485, -0.028459, -0.498986, -0.482432, -0.400199]
  [-0.24063, -0.059712, -0.498913, -0.469813, -0.495447]
  [-0.280619, -0.059364, -0.498749, -0.473862, -0.434715]
  [-0.247355, -0.02745, -0.498538, -0.482505, -0.47985]
  [-0.227857, -0.037672, -0.499965, -0.471885, -0.483011]
  [-0.287429, -0.045745, -0.498662, -0.460228, -0.49513]
  [-0.227517, -0.04447, -0.499764, -0.482273, -0.390002]
  [-0.216656, -0.052642, -0.498955, -0.473155, -0.491581]
  [-0.260136, -0.050948, -0.498788, -0.482485, -0.421925]
  [-0.294081, -0.046944, -0.499513, -0.487487, -0.398848]
  [-0.260129, -0.055633, -0.498663, -0.470746, -0.401994]
  [-0.283047, -0.063247, -0.498976, -0.463446, -0.462923]
  [-0.273247, -0.041008, -0.498991, -0.459278, -0.394418]
  [-0.232137, -0.053297, -0.499621, -0.468855, -0.39614]
  [-0.281838, -0.040464, -0.498703, -0.461935, -0.414369]
  [-0.272631, -0.055923, -0.499206, -0.483257, -0.428632]
  [-0.22991, -0.041263, -0.498899, -0.493043, -0.451991]
  [-0.279244, -0.057199, -0.499954, -0.473294, -0.457268]
  [-0.247989, -0.037102, -0.49884, -0.459375, -0.406935]
  [-0.215831, -0.031961, -0.499562, -0.488542, -0.487307]
  [-0.26915, -0.036282, -0.498954, -0.481148, -0.377368]
  [-0.291222, -0.054603, -0.499046, -0.488572, -0.38865]
  [-0.224421, -0.043952, -0.499745, -0.486749, -0.38891]
  [-0.220239, -0.040531, -0.499374, -0.476656, -0.448323]
  [-0.233948, -0.035679, -0.499033, -0.499417, -0.468553]
  [-0.232818, -0.024253, -0.499115, -0.468854, -0.389641]
  [-0.243201, -0.044995, -0.499019, -0.484959, -0.381659]
  [-0.248039, -0.026128, -0.498432, -0.461192, -0.464334]
  [-0.293416, -0.040283, -0.499359, -0.477945, -0.444477]
  [-0.239345, -0.027568, -0.499603, -0.460065, -0.450791]
  [-0.239734, -0.034069, -0.49945, -0.471287, -0.393489]
  [-0.271643, -0.043361, -0.499399, -0.475817, -0.432339]
  [-0.233579, -0.036632, -0.4993, -0.466025, -0.439869]
  [-0.274194, -0.027951, -0.498537, -0.485851, -0.429002]
  [-0.242876, -0.04474, -0.499808, -0.472245, -0.44814]
  [-0.269377, -0.038904, -0.499763, -0.491975, -0.404312]
  [-0.224922, -0.027645, -0.49982, -0.460642, -0.412634]
  [-0.270063, -0.043455, -0.499125, -0.488284, -0.461267]
  [-0.293087, -0.047908, -0.498553, -0.47617, -0.468695]
  [-0.258278, -0.058591, -0.498962, -0.491568, -0.414669]
  [-0.287518, -0.055675, -0.499473, -0.457014, -0.496273]
  [-0.249157, -0.039705, -0.499308, -0.476392, -0.493257]
  [-0.288825, -0.031382, -0.499317, -0.466311, -0.408937]
  [-0.225527, -0.059633, -0.499137, -0.467209, -0.442981]
  [-0.286568, -0.024159, -0.499725, -0.471719, -0.448416]
  [-0.236858, -0.058849, -0.499753, -0.470231, -0.422518]
  [-0.285216, -0.042746, -0.498428, -0.471585, -0.44684]
  [-0.215941, -0.030497, -0.499995, -0.475276, -0.489349]
  [-0.236285, -0.052209, -0.498449, -0.468222, -0.415324]
  [-0.232367, -0.032932, -0.498536, -0.458034, -0.433654]
  [-0.261241, -0.049042, -0.498864, -0.497159, -0.388458]
  [-0.278543, -0.026362, -0.499902, -0.490639, -0.438706]
  [-0.224754, -0.037217, -0.499829, -0.456724, -0.492175]
  [-0.248028, -0.044897, -0.498761, -0.490424, -0.424895]
  [-0.240167, -0.04747, -0.498765, -0.482964, -0.446595]
  [-0.225517, -0.047744, -0.499642, -0.458145, -0.430451]
  [-0.246324, -0.02485, -0.499955, -0.47642, -0.380552]
  [-0.236666, -0.039543, -0.499941, -0.471883, -0.438826]
  [-0.239408, -0.031369, -0.499116, -0.490182, -0.494964]
  [-0.289032, -0.062379, -0.499761, -0.471027, -0.48764]
  [-0.250534, -0.039785, -0.499929, -0.47583, -0.38898]
  [-0.226143, -0.043073, -0.499659, -0.45753, -0.470348]
  [-0.277225, -0.034563, -0.499233, -0.461646, -0.421333]
  [-0.260511, -0.057798, -0.499971, -0.494008, -0.459996]
  [-0.26047, -0.057898, -0.499973, -0.493887, -0.459809]
  [-0.260376, -0.057812, -0.499973, -0.493934, -0.459985]
  [-0.260424, -0.05785, -0.49997, -0.493868, -0.460057]
  [-0.260566, -0.057872, -0.499973, -0.494002, -0.459986]
  [-0.260482, -0.057812, -0.499973, -0.49399, -0.459822]
  [-0.260568, -0.057888, -0.499971, -0.493875, -0.460236]
  [-0.260557, -0.05789, -0.499974, -0.49401, -0.45987]
  [-0.260592, -0.0578, -0.499975, -0.493969, -0.460022]
  [-0.260514, -0.057827, -0.499971, -0.494002, -0.460038]
  [-0.260559, -0.057833, -0.499971, -0.494034, -0.459865]
  [-0.260564, -0.057867, -0.49997, -0.493889, -0.45988]
  [-0.260387, -0.057825, -0.49997, -0.494022, -0.459997]
  [-0.260543, -0.057887, -0.499974, -0.493901, -0.459858]
  [-0.260582, -0.057874, -0.499973, -0.494042, -0.460196]
  [-0.260521, -0.057826, -0.499971, -0.493928, -0.459829]
  [-0.260435, -0.057805, -0.499972, -0.493961, -0.459813]
  [-0.260585, -0.057811, -0.499972, -0.493871, -0.46023]
  [-0.260609, -0.05784, -0.499971, -0.493928, -0.460169]
  [-0.260489, -0.057885, -0.499974, -0.493949, -0.459988]
  [-0.2604, -0.0579, -0.499972, -0.494026, -0.460164]
  [-0.26049, -0.057883, -0.499971, -0.493976, -0.459853]
  [-0.260492, -0.057891, -0.49997, -0.493895, -0.460197]
  [-0.260435, -0.057867, -0.499972, -0.493937, -0.460211]
  [-0.260493, -0.057831, -0.499973, -0.493893, -0.459821]
  [-0.260492, -0.057873, -0.49997, -0.493958, -0.460149]
  [-0.260598, -0.057896, -0.499971, -0.494003, -0.459881]
  [-0.260406, -0.057818, -0.49997, -0.493924, -0.459983]
  [-0.260569, -0.057897, -0.499975, -0.494001, -0.460111]
  [-0.260428, -0.057825, -0.499975, -0.493889, -0.4601]
  [-0.260489, -0.057823, -0.499971, -0.494, -0.459817]
  [-0.260463, -0.057857, -0.499971, -0.493957, -0.459901]
  [-0.260579, -0.057847, -0.499971, -0.494042, -0.4603]
  [-0.260455, -0.05786, -0.499973, -0.493896, -0.460164]
  [-0.260528, -0.057889, -0.499973, -0.493936, -0.459819]
  [-0.2606, -0.057883, -0.499972, -0.494003, -0.459837]
  [-0.260509, -0.057821, -0.499971, -0.493979, -0.460107]
  [-0.260456, -0.057817, -0.499974, -0.494023, -0.459886]
  [-0.260419, -0.057822, -0.499972, -0.493906, -0.4601]
  [-0.260399, -0.057818, -0.499974, -0.493876, -0.460125]
  [-0.260413, -0.057803, -0.499974, -0.494037, -0.45983]
  [-0.260481, -0.057801, -0.499973, -0.493983, -0.460133]
  [-0.260461, -0.057818, -0.499972, -0.493923, -0.460046]
  [-0.260446, -0.057878, -0.499973, -0.494018, -0.460034]
  [-0.260484, -0.057797, -0.499975, -0.493906, -0.460264]
  [-0.260379, -0.057829, -0.499971, -0.493874, -0.460022]
  [-0.260388, -0.05784, -0.499971, -0.493901, -0.460136]
  [-0.260545, -0.057814, -0.499975, -0.493964, -0.460291]
  [-0.260482, -0.057874, -0.49997, -0.493987, -0.459898]
  [-0.260453, -0.057857, -0.49997, -0.493925, -0.46]
  [-0.260452, -0.057885, -0.499975, -0.493979, -0.460259]
  [-0.260509, -0.057883, -0.499973, -0.493876, -0.46025]
  [-0.260546, -0.057893, -0.499971, -0.494007, -0.460215]
  [-0.260579, -0.057887, -0.499974, -0.49401, -0.459844]
  [-0.260466, -0.057798, -0.499973, -0.494039, -0.459963]
  [-0.260581, -0.057901, -0.49997, -0.493983, -0.460032]
  [-0.260467, -0.057797, -0.49997, -0.494022, -0.460179]
  [-0.260417, -0.057838, -0.499971, -0.493908, -0.460127]
  [-0.26051, -0.057866, -0.499972, -0.493962, -0.460192]
  [-0.260442, -0.057902, -0.499975, -0.493945, -0.460116]
  [-0.260601, -0.057844, -0.499971, -0.493969, -0.46026]
  [-0.260443, -0.057814, -0.499972, -0.493888, -0.459923]
  [-0.260397, -0.057871, -0.499974, -0.49398, -0.459885]
  [-0.260386, -0.057886, -0.499971, -0.493891, -0.460187]
  [-0.26054, -0.057865, -0.499974, -0.493963, -0.459989]
  [-0.260401, -0.057881, -0.499973, -0.493984, -0.460027]
  [-0.260467, -0.057872, -0.499972, -0.494027, -0.460106]
  [-0.26052, -0.057847, -0.499974, -0.493953, -0.460046]
  [-0.260385, -0.057878, -0.499974, -0.493991, -0.46008]
  [-0.260605, -0.057882, -0.499974, -0.494015, -0.459871]
  [-0.260563, -0.057864, -0.49997, -0.493943, -0.459902]
  [-0.260491, -0.057838, -0.49997, -0.494012, -0.459999]
  [-0.260459, -0.057876, -0.499971, -0.494026, -0.459947]
  [-0.26053, -0.057825, -0.49997, -0.493999, -0.45994]
  [-0.260485, -0.057872, -0.499973, -0.493931, -0.460096]
  [-0.260527, -0.057881, -0.499975, -0.494005, -0.459813]
  [-0.260571, -0.057809, -0.499973, -0.494042, -0.459914]
  [-0.260578, -0.057861, -0.499975, -0.494001, -0.460236]
  [-0.260609, -0.057868, -0.499971, -0.494037, -0.460044]
  [-0.260383, -0.057829, -0.499974, -0.493925, -0.460204]
  [-0.260473, -0.057898, -0.499974, -0.494017, -0.460077]
  [-0.260611, -0.057886, -0.499971, -0.493973, -0.459858]
  [-0.260557, -0.057841, -0.499972, -0.493928, -0.46005]
  [-0.26055, -0.057812, -0.499974, -0.49395, -0.459948]
  [-0.260445, -0.057825, -0.499975, -0.493888, -0.460275]
  [-0.260408, -0.057801, -0.499972, -0.493996, -0.46002]
  [-0.260446, -0.057809, -0.499973, -0.493963, -0.460285]
  [-0.260387, -0.057869, -0.49997, -0.493936, -0.460263]
  [-0.260485, -0.057872, -0.499972, -0.49402, -0.460268]
  [-0.260581, -0.057866, -0.499971, -0.494027, -0.460301]
  [-0.260603, -0.057804, -0.499971, -0.493948, -0.46028]
  [-0.26059, -0.057901, -0.499974, -0.493889, -0.46011]
  [-0.260488, -0.057803, -0.499971, -0.493908, -0.460141]
  [-0.260416, -0.05784, -0.499972, -0.493899, -0.460209]
  [-0.26045, -0.057845, -0.499975, -0.493912, -0.460092]
  [-0.260509, -0.05788, -0.499974, -0.493892, -0.460178]
  [-0.260576, -0.057858, -0.499975, -0.494019, -0.460137]
  [-0.260563, -0.057804, -0.499972, -0.493974, -0.460166]
  [-0.26052, -0.057867, -0.499972, -0.493991, -0.460031]
  [-0.260615, -0.057853, -0.499974, -0.493996, -0.460004]
  [-0.26049, -0.057844, -0.49997, -0.493977, -0.460253]
  [-0.260524, -0.057839, -0.499973, -0.493953, -0.460292]
  [-0.260428, -0.057802, -0.49997, -0.493904, -0.459978]
  [-0.26057, -0.057896, -0.499974, -0.494035, -0.460024]
  [-0.260389, -0.057868, -0.499971, -0.494016, -0.460189]
  [-0.26047, -0.057803, -0.499975, -0.493938, -0.460225]
  [-0.260431, -0.057818, -0.499972, -0.493905, -0.459933]
  [-0.260482, -0.057811, -0.499973, -0.493892, -0.460199]
  [-0.260461, -0.057899, -0.499974, -0.494041, -0.460238]
  [-0.26052, -0.057879, -0.499975, -0.493976, -0.45984]
  [-0.260534, -0.057843, -0.499973, -0.493911, -0.460103]
  [-0.260457, -0.057797, -0.499973, -0.493931, -0.460156]
  [-0.260534, -0.057797, -0.499974, -0.493977, -0.460218]
  [-0.260592, -0.057839, -0.49997, -0.49394, -0.459855]
  [-0.260402, -0.05783, -0.49997, -0.493945, -0.460185]
  [-0.260461, -0.057879, -0.499975, -0.493975, -0.459824]
  [-0.260461, -0.057823, -0.499974, -0.494033, -0.459942]
  [-0.260511, -0.057837, -0.499971, -0.493987, -0.460108]
  [-0.260451, -0.057805, -0.499971, -0.493949, -0.460222]
  [-0.260444, -0.057886, -0.499971, -0.494025, -0.459878]
  [-0.260557, -0.057814, -0.499974, -0.494043, -0.459838]
  [-0.260507, -0.057897, -0.499972, -0.493944, -0.460242]
  [-0.260405, -0.057855, -0.499973, -0.493888, -0.459969]
  [-0.260447, -0.057865, -0.49997, -0.494034, -0.459952]
  [-0.260452, -0.057881, -0.499972, -0.494037, -0.459886]
  [-0.260548, -0.057879, -0.499974, -0.493895, -0.459937]
  [-0.260605, -0.057883, -0.499971, -0.49397, -0.459979]
  [-0.260613, -0.0579, -0.499973, -0.493874, -0.460167]
  [-0.260524, -0.057847, -0.499975, -0.493881, -0.460198]
  [-0.260499, -0.057827, -0.499972, -0.493897, -0.460052]
  [-0.2604, -0.057833, -0.499972, -0.493877, -0.460167]
  [-0.260434, -0.057901, -0.499974, -0.493885, -0.460038]
  [-0.260465, -0.057836, -0.499971, -0.493897, -0.460194]
  [-0.260564, -0.057841, -0.499971, -0.493903, -0.460019]
  [-0.260405, -0.057883, -0.499972, -0.494038, -0.460296]
  [-0.260579, -0.057816, -0.499974, -0.493898, -0.460192]
  [-0.260541, -0.057839, -0.499973, -0.49404, -0.460123]
  [-0.260419, -0.057824, -0.499972, -0.493907, -0.459972]
  [-0.260404, -0.057848, -0.499973, -0.493909, -0.460124]
  [-0.260439, -0.057871, -0.49997, -0.493906, -0.459964]
  [-0.260591, -0.057878, -0.499973, -0.493932, -0.460115]
  [-0.260504, -0.057895, -0.499972, -0.493893, -0.459849]
  [-0.26038, -0.057891, -0.499973, -0.493917, -0.459934]
  [-0.260516, -0.057855, -0.49997, -0.493978, -0.460174]
  [-0.260499, -0.057846, -0.499971, -0.493967, -0.459983]
  [-0.260507, -0.05789, -0.499972, -0.494023, -0.460032]
  [-0.260463, -0.057833, -0.499975, -0.494, -0.460186]
  [-0.260537, -0.057885, -0.499972, -0.494016, -0.460171]
  [-0.2605, -0.05786, -0.499973, -0.494041, -0.459849]
  [-0.26049, -0.057833, -0.499971, -0.493903, -0.459833]
  [-0.260513, -0.05788, -0.499973, -0.493939, -0.460271]
  [-0.260538, -0.057877, -0.499973, -0.494016, -0.459975]
  [-0.260426, -0.057887, -0.499972, -0.493919, -0.459838]
  [-0.260478, -0.057869, -0.499974, -0.494006, -0.459833]
  [-0.260613, -0.057862, -0.499971, -0.493957, -0.460045]
  [-0.260383, -0.057883, -0.49997, -0.493913, -0.460078]
  [-0.260442, -0.057821, -0.499974, -0.493912, -0.460093]
  [-0.260582, -0.057885, -0.499972, -0.493924, -0.459829]
  [-0.260527, -0.057864, -0.499975, -0.493891, -0.46006]
  [-0.260436, -0.057803, -0.499974, -0.494015, -0.46008]
  [-0.260514, -0.057862, -0.499972, -0.493942, -0.460104]
  [-0.260507, -0.057822, -0.499972, -0.493943, -0.459857]
  [-0.260508, -0.057811, -0.49997, -0.493978, -0.460148]
  [-0.26061, -0.057876, -0.499971, -0.493981, -0.460141]
  [-0.260395, -0.057882, -0.499971, -0.493961, -0.46021]
  [-0.260432, -0.057866, -0.499972, -0.493872, -0.460216]
  [-0.260582, -0.057801, -0.499972, -0.493887, -0.4599]
  [-0.260386, -0.057828, -0.499973, -0.493888, -0.460184]
  [-0.26053, -0.057853, -0.499973, -0.493952, -0.459982]
  [-0.260529, -0.05782, -0.499972, -0.493977, -0.459985]
  [-0.260581, -0.057839, -0.499971, -0.493876, -0.460026]
  [-0.260529, -0.057829, -0.49997, -0.493868, -0.4601]
  [-0.260577, -0.057861, -0.499974, -0.493979, -0.460034]
  [-0.260549, -0.057851, -0.499972, -0.493931, -0.459993]
  [-0.260602, -0.057823, -0.499974, -0.493981, -0.460258]
  [-0.260383, -0.057855, -0.49997, -0.493904, -0.459956]
  [-0.260553, -0.057858, -0.499971, -0.493989, -0.459958]
  [-0.260419, -0.057857, -0.49997, -0.494022, -0.459977]
  [-0.260428, -0.057849, -0.499975, -0.493975, -0.460123]
  [-0.260533, -0.057813, -0.499973, -0.493941, -0.460213]
  [-0.26041, -0.05782, -0.499975, -0.493991, -0.459829]
  [-0.260607, -0.057864, -0.49997, -0.493992, -0.46027]
  [-0.260435, -0.057797, -0.499971, -0.493998, -0.459826]
  [-0.260419, -0.057875, -0.499974, -0.494009, -0.459917]
  [-0.2605, -0.05786, -0.499974, -0.493959, -0.460286]
  [-0.260499, -0.057804, -0.499972, -0.493986, -0.460021]
  [-0.260589, -0.057825, -0.499971, -0.493952, -0.460052]
  [-0.260401, -0.057869, -0.499971, -0.494026, -0.459909]
  [-0.260427, -0.057855, -0.499973, -0.494009, -0.459826]
  [-0.260536, -0.05789, -0.499972, -0.493939, -0.459832]
  [-0.260599, -0.057892, -0.499974, -0.49402, -0.460223]
  [-0.260526, -0.057806, -0.499971, -0.493994, -0.459825]
  [-0.260505, -0.057862, -0.499974, -0.493885, -0.460124]
  [-0.260438, -0.057864, -0.499975, -0.493906, -0.460177]
  [-0.260594, -0.057856, -0.499971, -0.493885, -0.460104]
  [-0.260443, -0.057841, -0.499971, -0.494028, -0.460039]
  [-0.260594, -0.057887, -0.499972, -0.494036, -0.460258]
  [-0.260381, -0.057819, -0.499975, -0.494011, -0.460159]
  [-0.260466, -0.057868, -0.499971, -0.494012, -0.459988]
  [-0.260453, -0.057821, -0.499971, -0.493983, -0.460067]
  [-0.260459, -0.057819, -0.499971, -0.494034, -0.460079]
  [-0.260501, -0.057812, -0.499974, -0.494045, -0.460205]
  [-0.260442, -0.057821, -0.499973, -0.493951, -0.4602]
  [-0.260391, -0.057882, -0.499972, -0.493998, -0.460215]
  [-0.260548, -0.057877, -0.499974, -0.493942, -0.460038]
  [-0.260401, -0.057816, -0.499974, -0.493984, -0.460018]
  [-0.260517, -0.057815, -0.499971, -0.493921, -0.460251]
  [-0.260476, -0.057806, -0.499973, -0.494035, -0.460192]
  [-0.26051, -0.057895, -0.499973, -0.494033, -0.460197]
  [-0.260444, -0.057811, -0.499974, -0.49391, -0.45988]
  [-0.260381, -0.057814, -0.49997, -0.494029, -0.459899]
  [-0.260612, -0.057895, -0.499971, -0.493875, -0.4599]
  [-0.260563, -0.057873, -0.499973, -0.493873, -0.460205]
  [-0.260605, -0.057829, -0.49997, -0.493876, -0.459861]
  [-0.260425, -0.057848, -0.499973, -0.493943, -0.459895]
  [-0.260607, -0.057825, -0.499975, -0.493951, -0.460069]
  [-0.260562, -0.057829, -0.499972, -0.493907, -0.460041]
  [-0.260554, -0.05787, -0.499974, -0.494011, -0.460118]
  [-0.260456, -0.057872, -0.499974, -0.493946, -0.460001]
  [-0.260419, -0.057845, -0.499971, -0.493909, -0.460086]
  [-0.260455, -0.057886, -0.499973, -0.493888, -0.460147]
  [-0.260563, -0.057862, -0.499973, -0.493917, -0.459985]
  [-0.260491, -0.057893, -0.499971, -0.493916, -0.460153]
  [-0.26045, -0.057812, -0.499972, -0.493917, -0.459863]
  [-0.260523, -0.057802, -0.499971, -0.49395, -0.459987]
  [-0.260575, -0.057809, -0.499972, -0.493922, -0.460003]
  [-0.260402, -0.057868, -0.499972, -0.493909, -0.460072]
  [-0.260418, -0.057875, -0.49997, -0.49402, -0.46013]
  [-0.260438, -0.057831, -0.499972, -0.494012, -0.46005]
  [-0.260502, -0.057888, -0.499971, -0.493992, -0.460233]
  [-0.260464, -0.057844, -0.499974, -0.494014, -0.46019]
  [-0.260608, -0.057896, -0.49997, -0.493972, -0.460185]
  [-0.260554, -0.05786, -0.49997, -0.494038, -0.459924]
  [-0.260507, -0.057853, -0.499971, -0.493975, -0.460157]
  [-0.260547, -0.057902, -0.499975, -0.494015, -0.460048]
  [-0.26059, -0.057841, -0.499973, -0.493983, -0.460158]
  [-0.260552, -0.057803, -0.499973, -0.494014, -0.460176]
  [-0.260376, -0.057868, -0.499971, -0.494025, -0.460294]
  [-0.260608, -0.0579, -0.499973, -0.493981, -0.460062]
  [-0.260523, -0.057881, -0.499973, -0.493974, -0.460118]
  [-0.260491, -0.057885, -0.499974, -0.493932, -0.459866]
  [-0.260399, -0.057834, -0.499975, -0.493988, -0.460224]
  [-0.260549, -0.057892, -0.499971, -0.494027, -0.459968]
  [-0.260507, -0.057817, -0.499972, -0.49401, -0.460023]
  [-0.260511, -0.057816, -0.49997, -0.493885, -0.459914]
  [-0.260414, -0.057809, -0.499974, -0.493931, -0.46026]
  [-0.260507, -0.057838, -0.499974, -0.493938, -0.460227]
  [-0.260475, -0.057813, -0.499971, -0.493987, -0.460274]
  [-0.260511, -0.057873, -0.499971, -0.493991, -0.46016]
  [-0.260439, -0.057872, -0.49997, -0.493992, -0.459828]
  [-0.260614, -0.057818, -0.499973, -0.493916, -0.459984]
  [-0.260529, -0.057871, -0.499971, -0.493887, -0.459955]
  [-0.260547, -0.057796, -0.499972, -0.494006, -0.459942]
  [-0.260443, -0.057881, -0.499971, -0.493918, -0.459972]
  [-0.26042, -0.057814, -0.499974, -0.493903, -0.46018]
  [-0.260494, -0.057893, -0.499973, -0.494007, -0.45988]
  [-0.260387, -0.057858, -0.499974, -0.493916, -0.460174]
  [-0.260495, -0.057896, -0.499973, -0.493965, -0.460164]
  [-0.260456, -0.057851, -0.499971, -0.49401, -0.460251]
  [-0.260426, -0.057848, -0.49997, -0.494007, -0.459993]
  [-0.260387, -0.057834, -0.499972, -0.494004, -0.459986]
  [-0.260509, -0.057802, -0.499973, -0.493978, -0.459814]
  [-0.260455, -0.05789, -0.499972, -0.493948, -0.460219]
  [-0.260484, -0.05787, -0.499973, -0.49397, -0.460125]
  [-0.260609, -0.057855, -0.499975, -0.493879, -0.460101]
  [-0.260388, -0.057882, -0.499973, -0.493962, -0.459863]
  [-0.260386, -0.057836, -0.499972, -0.49389, -0.460282]
  [-0.260516, -0.0579, -0.499974, -0.494033, -0.460148]
  [-0.26046, -0.057812, -0.499974, -0.493944, -0.460047]
  [-0.260608, -0.057828, -0.499973, -0.49401, -0.460236]
  [-0.260396, -0.057879, -0.49997, -0.49397, -0.460163]
  [-0.260406, -0.057802, -0.499973, -0.494037, -0.460077]
  [-0.260478, -0.057839, -0.499973, -0.494023, -0.460128]
  [-0.260605, -0.057847, -0.499974, -0.493887, -0.460183]
  [-0.260609, -0.057833, -0.499972, -0.493895, -0.459846]
  [-0.260517, -0.057885, -0.499975, -0.493913, -0.459987]
  [-0.26038, -0.057868, -0.499972, -0.493982, -0.46012]
  [-0.260587, -0.057796, -0.499971, -0.493988, -0.460248]
  [-0.260402, -0.057799, -0.499971, -0.493915, -0.460053]
  [-0.260458, -0.057849, -0.499974, -0.493956, -0.459826]
  [-0.26041, -0.057866, -0.499974, -0.494027, -0.460226]
  [-0.26056, -0.057855, -0.499974, -0.493877, -0.460016]
  [-0.260504, -0.057874, -0.499974, -0.494032, -0.460101]
  [-0.260441, -0.05784, -0.499971, -0.49387, -0.45983]
  [-0.260384, -0.057864, -0.499974, -0.494045, -0.459833]
  [-0.260564, -0.057815, -0.499973, -0.493973, -0.459818]
  [-0.260543, -0.057878, -0.499972, -0.493973, -0.460215]
  [-0.260381, -0.057863, -0.499973, -0.493938, -0.460231]
  [-0.260525, -0.057874, -0.499972, -0.493886, -0.460149]
  [-0.260384, -0.057876, -0.499975, -0.493973, -0.460063]
  [-0.26046, -0.057897, -0.499971, -0.493969, -0.460179]
  [-0.260525, -0.057812, -0.499973, -0.493976, -0.460004]
  [-0.260496, -0.057828, -0.499974, -0.493973, -0.460134]
  [-0.260385, -0.057902, -0.499973, -0.493902, -0.460195]
  [-0.260569, -0.057878, -0.499972, -0.494, -0.460014]
  [-0.260453, -0.057853, -0.499971, -0.493869, -0.460125]
  [-0.260465, -0.057852, -0.499975, -0.49403, -0.460032]
  [-0.260431, -0.057813, -0.499974, -0.493908, -0.460124]
  [-0.260448, -0.057809, -0.49997, -0.494041, -0.45998]
  [-0.260498, -0.057828, -0.499973, -0.493883, -0.459935]
  [-0.26041, -0.05789, -0.499971, -0.49398, -0.460246]
  [-0.260549, -0.057821, -0.499973, -0.494038, -0.460029]
  [-0.260499, -0.057873, -0.499973, -0.49388, -0.459907]
  [-0.260593, -0.057839, -0.499972, -0.493954, -0.460192]
  [-0.260542, -0.057832, -0.499971, -0.493932, -0.460298]
  [-0.260535, -0.057799, -0.499971, -0.493969, -0.459995]
  [-0.260584, -0.057839, -0.499972, -0.493883, -0.460202]
  [-0.260551, -0.057838, -0.499972, -0.494031, -0.46007]
  [-0.260569, -0.05782, -0.499974, -0.493892, -0.459884]
  [-0.260378, -0.057857, -0.499974, -0.49397, -0.460255]
  [-0.260389, -0.057855, -0.499971, -0.493884, -0.460059]
  [-0.260473, -0.057847, -0.499971, -0.493873, -0.46012]
  [-0.260391, -0.0578, -0.499972, -0.494042, -0.460088]
  [-0.260579, -0.057846, -0.499971, -0.493973, -0.459876]
  [-0.260422, -0.057857, -0.499975, -0.49396, -0.459858]
  [-0.260377, -0.057884, -0.499975, -0.494, -0.460163]
  [-0.260598, -0.057825, -0.499973, -0.493907, -0.459979]
  [-0.260486, -0.057799, -0.49997, -0.493895, -0.46029]
  [-0.260427, -0.057828, -0.499973, -0.493894, -0.459819]
  [-0.260492, -0.057837, -0.499972, -0.493964, -0.459975]
  [-0.260508, -0.057882, -0.499972, -0.493879, -0.459968]
  [-0.260601, -0.057884, -0.499972, -0.493888, -0.460148]
  [-0.260575, -0.057823, -0.499971, -0.493917, -0.459975]
  [-0.260557, -0.057834, -0.499972, -0.493968, -0.459835]
  [-0.260464, -0.057849, -0.499973, -0.493885, -0.460114]
  [-0.260506, -0.057814, -0.499972, -0.49394, -0.459855]
  [-0.2604, -0.057886, -0.499974, -0.49395, -0.459886]
  [-0.26039, -0.057854, -0.499972, -0.493928, -0.460018]
  [-0.260419, -0.057817, -0.49997, -0.494045, -0.46006]
  [-0.260575, -0.057813, -0.499974, -0.494028, -0.459969]
  [-0.260387, -0.057805, -0.49997, -0.494033, -0.459962]
  [-0.260523, -0.057885, -0.499971, -0.493962, -0.460243]
  [-0.260498, -0.057811, -0.49997, -0.494043, -0.459923]
  [-0.260424, -0.057888, -0.499971, -0.493914, -0.460233]
  [-0.260431, -0.057897, -0.499974, -0.49392, -0.459817]
  [-0.260484, -0.057885, -0.499973, -0.494041, -0.459992]
  [-0.260526, -0.057838, -0.499972, -0.493988, -0.460221]
  [-0.260404, -0.05786, -0.499974, -0.493877, -0.460113]
  [-0.260508, -0.057834, -0.49997, -0.493978, -0.460238]
  [-0.26046, -0.057874, -0.499974, -0.493998, -0.460301]
  [-0.260509, -0.057869, -0.499972, -0.494001, -0.459894]
  [-0.260511, -0.057868, -0.499972, -0.493882, -0.460068]
  [-0.260589, -0.057847, -0.499972, -0.49403, -0.460005]
  [-0.260387, -0.057851, -0.499973, -0.493977, -0.459886]
  [-0.260567, -0.057801, -0.499973, -0.493968, -0.460168]
  [-0.260533, -0.057873, -0.499974, -0.493968, -0.459939]
  [-0.260453, -0.05786, -0.499973, -0.493967, -0.459996]
  [-0.260567, -0.057878, -0.499975, -0.493929, -0.460115]
  [-0.260583, -0.05788, -0.499971, -0.493954, -0.460035]
  [-0.260567, -0.057822, -0.499972, -0.49388, -0.459926]
  [-0.260467, -0.057867, -0.499975, -0.493977, -0.460275]
  [-0.260586, -0.05783, -0.499972, -0.493868, -0.459858]
  [-0.260454, -0.057829, -0.499975, -0.494039, -0.459977]
  [-0.260455, -0.057883, -0.499975, -0.493963, -0.460158]
  [-0.260531, -0.057888, -0.499971, -0.493946, -0.459914]
  [-0.260608, -0.057805, -0.499973, -0.494022, -0.460152]
  [-0.260537, -0.057839, -0.499972, -0.493955, -0.460142]
  [-0.260419, -0.057864, -0.499974, -0.493887, -0.460065]
  [-0.260446, -0.057807, -0.499974, -0.494034, -0.45991]
  [-0.26061, -0.057819, -0.499971, -0.493895, -0.460004]
  [-0.260381, -0.057871, -0.499975, -0.493935, -0.460229]
  [-0.260611, -0.057902, -0.499974, -0.49392, -0.460019]
  [-0.260383, -0.057859, -0.499973, -0.493893, -0.46029]
  [-0.260558, -0.057825, -0.499971, -0.493932, -0.460044]
  [-0.260504, -0.057863, -0.499973, -0.493869, -0.460125]
  [-0.260461, -0.05782, -0.499972, -0.493883, -0.460248]
  [-0.260406, -0.057865, -0.499971, -0.493958, -0.460184]
  [-0.260455, -0.057869, -0.499971, -0.494043, -0.459937]
  [-0.260537, -0.057812, -0.499972, -0.493891, -0.460027]
  [-0.260599, -0.057816, -0.499971, -0.493945, -0.460222]
  [-0.260611, -0.057798, -0.499974, -0.493926, -0.460277]
  [-0.260522, -0.057809, -0.499971, -0.493947, -0.460234]
  [-0.26053, -0.057825, -0.499973, -0.493928, -0.460003]
  [-0.260381, -0.057803, -0.499973, -0.494033, -0.460043]
  [-0.260575, -0.057863, -0.499974, -0.493919, -0.460076]
  [-0.260558, -0.057796, -0.499975, -0.493956, -0.460244]
  [-0.260596, -0.057885, -0.499972, -0.493898, -0.459954]
  [-0.260537, -0.057895, -0.499971, -0.493922, -0.460129]
  [-0.260501, -0.057851, -0.499971, -0.493937, -0.46027]
  [-0.260498, -0.05789, -0.499971, -0.494017, -0.459895]
  [-0.260418, -0.057874, -0.499975, -0.493927, -0.459887]
  [-0.260448, -0.05789, -0.499971, -0.493999, -0.459919]
  [-0.260549, -0.057888, -0.499973, -0.493919, -0.460008]
  [-0.260577, -0.057872, -0.499975, -0.493955, -0.45996]
  [-0.260476, -0.0579, -0.499971, -0.493974, -0.460132]
  [-0.260614, -0.057835, -0.499974, -0.494, -0.460164]
  [-0.260551, -0.057896, -0.49997, -0.494042, -0.460237]
  [-0.260401, -0.05784, -0.49997, -0.494, -0.459928]
  [-0.260614, -0.057837, -0.49997, -0.493915, -0.45994]
  [-0.260566, -0.057819, -0.49997, -0.493876, -0.460119]
  [-0.260482, -0.05789, -0.499974, -0.493877, -0.459901]
  [-0.260608, -0.057838, -0.499972, -0.493943, -0.460301]
  [-0.260394, -0.057797, -0.499971, -0.493969, -0.459856]
  [-0.260582, -0.057814, -0.499971, -0.493929, -0.460193]
  [-0.260421, -0.057891, -0.499975, -0.493916, -0.460095]
  [-0.260561, -0.057883, -0.499971, -0.493891, -0.460103]
  [-0.260537, -0.05784, -0.499971, -0.493965, -0.459816]
  [-0.260454, -0.057834, -0.499971, -0.494037, -0.46026]
  [-0.260566, -0.057875, -0.49997, -0.493881, -0.460252]
  [-0.26059, -0.057889, -0.499971, -0.493918, -0.460012]
  [-0.260484, -0.057812, -0.499971, -0.494018, -0.460192]
  [-0.260608, -0.057831, -0.499972, -0.494037, -0.460124]
  [-0.260481, -0.057851, -0.499971, -0.49397, -0.460198]
  [-0.260447, -0.057852, -0.499973, -0.493943, -0.45992]
  [-0.260436, -0.057873, -0.499973, -0.493969, -0.459873]
  [-0.260589, -0.057846, -0.499971, -0.494001, -0.460102]
  [-0.260552, -0.057834, -0.49997, -0.493991, -0.459854]
  [-0.260532, -0.057879, -0.499974, -0.493946, -0.459997]
  [-0.260489, -0.057832, -0.499972, -0.493946, -0.459945]
  [-0.26039, -0.057899, -0.499973, -0.493974, -0.460096]
  [-0.260512, -0.057871, -0.499975, -0.493904, -0.460194]
  [-0.260382, -0.057818, -0.499972, -0.493945, -0.460213]
  [-0.26047, -0.057861, -0.499975, -0.493957, -0.459877]
  [-0.260376, -0.057898, -0.499974, -0.4939, -0.459923]
  [-0.260425, -0.057871, -0.499972, -0.494008, -0.459836]
  [-0.260472, -0.057856, -0.499974, -0.493924, -0.459975]
  [-0.260383, -0.057901, -0.499973, -0.493915, -0.459852]
  [-0.260465, -0.057859, -0.49997, -0.493889, -0.459937]
  [-0.260596, -0.057833, -0.499972, -0.493888, -0.459911]
  [-0.260519, -0.0579, -0.499974, -0.493913, -0.459833]
  [-0.260474, -0.057806, -0.499975, -0.494039, -0.460293]
  [-0.260435, -0.057887, -0.499974, -0.494033, -0.460034]
  [-0.260394, -0.057891, -0.499974, -0.493898, -0.459888]
  [-0.260428, -0.057875, -0.499974, -0.493998, -0.460038]
  [-0.260537, -0.057807, -0.499972, -0.493907, -0.460011]
  [-0.260611, -0.057859, -0.499974, -0.49398, -0.459922]
  [-0.260449, -0.057881, -0.499971, -0.493937, -0.460107]
  [-0.260466, -0.057799, -0.499974, -0.494044, -0.459864]
  [-0.260436, -0.057886, -0.499972, -0.493986, -0.460118]
  [-0.260508, -0.05786, -0.499972, -0.494007, -0.460007]
  [-0.260448, -0.057857, -0.499972, -0.49402, -0.459889]
  [-0.260487, -0.057804, -0.499972, -0.49402, -0.460296]
  [-0.260564, -0.057812, -0.499974, -0.493956, -0.460278]
  [-0.260603, -0.057877, -0.499971, -0.493892, -0.460127]
  [-0.260418, -0.057815, -0.499973, -0.493904, -0.460221]
  [-0.2605, -0.057857, -0.499971, -0.494002, -0.459984]
  [-0.26041, -0.057833, -0.499972, -0.493901, -0.460002]
  [-0.260606, -0.057856, -0.499974, -0.49388, -0.460275]
  [-0.26038, -0.057816, -0.499972, -0.493888, -0.460211]
  [-0.26049, -0.057863, -0.499971, -0.493906, -0.46018]
  [-0.260597, -0.057868, -0.499975, -0.493902, -0.460235]
  [-0.26041, -0.057824, -0.499974, -0.493978, -0.460238]
  [-0.260431, -0.057799, -0.499971, -0.494043, -0.459857]
  [-0.260576, -0.05782, -0.499972, -0.494038, -0.460128]
  [-0.260477, -0.057799, -0.499971, -0.494016, -0.460241]
  [-0.260451, -0.057866, -0.499974, -0.49398, -0.460281]
  [-0.260388, -0.057852, -0.499972, -0.494029, -0.459813]
  [-0.260556, -0.057797, -0.499972, -0.493907, -0.460204]
  [-0.260594, -0.057867, -0.499974, -0.493936, -0.460245]
  [-0.260404, -0.057818, -0.49997, -0.494028, -0.460164]
  [-0.260601, -0.057882, -0.499972, -0.494003, -0.459834]
  [-0.260602, -0.057882, -0.499972, -0.494003, -0.459835]
  [-0.260602, -0.057883, -0.499972, -0.494003, -0.459834]
  [-0.260601, -0.057883, -0.499972, -0.494003, -0.459833]
  [-0.260601, -0.057882, -0.499972, -0.494003, -0.459835]
  [-0.260602, -0.057883, -0.499972, -0.494003, -0.459836]
  [-0.260601, -0.057883, -0.499972, -0.494003, -0.459834]
  [-0.260602, -0.057883, -0.499972, -0.494003, -0.459833]
  [-0.260601, -0.057882, -0.499972, -0.494003, -0.459836]
  [-0.260602, -0.057883, -0.499972, -0.494003, -0.459832]
  [-0.2606, -0.057883, -0.499972, -0.494003, -0.459833]
  [-0.2606, -0.057882, -0.499972, -0.494003, -0.459834]
  [-0.260601, -0.057883, -0.499972, -0.494003, -0.459837]
  [-0.260602, -0.057883, -0.499972, -0.494003, -0.459837]
  [-0.260602, -0.057882, -0.499972, -0.494003, -0.459837]
  [-0.260601, -0.057882, -0.499972, -0.494003, -0.459833]
  [-0.260602, -0.057883, -0.499972, -0.494003, -0.459838]
  [-0.2606, -0.057882, -0.499972, -0.494003, -0.459832]
  [-0.260601, -0.057882, -0.499972, -0.494003, -0.459837]
  [-0.260601, -0.057883, -0.499972, -0.494003, -0.459836]
  [-0.260601, -0.057883, -0.499972, -0.494003, -0.459832]
  [-0.2606, -0.057883, -0.499972, -0.494003, -0.459836]
  [-0.2606, -0.057882, -0.499972, -0.494003, -0.459837]
  [-0.260602, -0.057882, -0.499972, -0.494003, -0.459833]
  [-0.260601, -0.057883, -0.499972, -0.494003, -0.459835]
  [-0.2606, -0.057882, -0.499972, -0.494003, -0.459833]
  [-0.260601, -0.057882, -0.499972, -0.494003, -0.459838]
  [-0.2606, -0.057883, -0.499972, -0.494003, -0.459832]
  [-0.260602, -0.057882, -0.499972, -0.494003, -0.459834]
  [-0.2606, -0.057883, -0.499972, -0.494003, -0.459834]
  [-0.2606, -0.057882, -0.499972, -0.494003, -0.459838]
  [-0.2606, -0.057882, -0.499972, -0.494003, -0.459835]
  [-0.260602, -0.057882, -0.499972, -0.494003, -0.459836]
  [-0.260602, -0.057882, -0.499972, -0.494003, -0.459838]
  [-0.2606, -0.057883, -0.499972, -0.494003, -0.459838]
  [-0.260602, -0.057883, -0.499972, -0.494003, -0.459835]
  [-0.2606, -0.057882, -0.499972, -0.494003, -0.459836]
  [-0.260601, -0.057882, -0.499972, -0.494003, -0.459832]
  [-0.260601, -0.057883, -0.499972, -0.494003, -0.459838]
  [-0.2606, -0.057883, -0.499972, -0.494003, -0.459835]
  [-0.260602, -0.057882, -0.499972, -0.494003, -0.459832]
