Status: violated
Adversarial inputs found:
  [-0.238263, -0.02585, -0.498847, -0.460024, -0.391434]
  [-0.285607, -0.042528, -0.498929, -0.481234, -0.396131]
  [-0.286066, -0.036428, -0.498733, -0.498028, -0.377595]
  [-0.245343, -0.024474, -0.498845, -0.482432, -0.498127]
  [-0.225509, -0.033778, -0.499865, -0.4773, -0.466704]
  [-0.27043, -0.057447, -0.49931, -0.467807, -0.456451]
  [-0.217085, -0.041712, -0.499373, -0.486216, -0.414649]
  [-0.264594, -0.041825, -0.49907, -0.458266, -0.378539]
  [-0.2155, -0.048324, -0.499282, -0.494855, -0.447614]
  [-0.217082, -0.040321, -0.499565, -0.454991, -0.379184]
  [-0.294841, -0.036309, -0.498413, -0.498624, -0.467633]
  [-0.249325, -0.05343, -0.49867, -0.475951, -0.435818]
  [-0.270589, -0.055024, -0.499289, -0.494208, -0.478905]
  [-0.274346, -0.062264, -0.499957, -0.494877, -0.40969]
  [-0.239551, -0.057891, -0.499598, -0.48613, -0.482853]
  [-0.269712, -0.06268, -0.498982, -0.478084, -0.405785]
  [-0.251961, -0.033563, -0.499383, -0.455324, -0.450478]
  [-0.278961, -0.061449, -0.499663, -0.495118, -0.473522]
  [-0.270463, -0.039174, -0.498754, -0.478411, -0.431764]
  [-0.226746, -0.045535, -0.499941, -0.483507, -0.448883]
  [-0.246373, -0.053978, -0.499209, -0.473377, -0.496578]
  [-0.294945, -0.053772, -0.499495, -0.475152, -0.392674]
  [-0.264642, -0.043455, -0.498419, -0.47972, -0.440101]
  [-0.224554, -0.036917, -0.499579, -0.490162, -0.473302]
  [-0.291684, -0.02623, -0.498474, -0.473576, -0.473239]
  [-0.221557, -0.023667, -0.499732, -0.465755, -0.409168]
  [-0.247892, -0.028924, -0.499706, -0.473616, -0.482104]
  [-0.26623, -0.039603, -0.498554, -0.470141, -0.457669]
  [-0.223229, -0.040646, -0.499322, -0.464426, -0.471268]
  [-0.242818, -0.038761, -0.49865, -0.498042, -0.394178]
  [-0.27579, -0.0255, -0.498989, -0.469483, -0.429635]
  [-0.215034, -0.052953, -0.499869, -0.470548, -0.449812]
  [-0.224518, -0.055203, -0.499456, -0.456944, -0.497163]
  [-0.266921, -0.031769, -0.499083, -0.454618, -0.469624]
  [-0.283085, -0.034643, -0.499668, -0.488797, -0.391091]
  [-0.270369, -0.058072, -0.498705, -0.494836, -0.375482]
  [-0.248861, -0.025516, -0.498865, -0.464534, -0.465256]
  [-0.256601, -0.053435, -0.499645, -0.49179, -0.431685]
  [-0.23542, -0.04553, -0.498946, -0.488718, -0.423559]
  [-0.266562, -0.0465, -0.499846, -0.479804, -0.423001]
  [-0.216938, -0.040396, -0.49964, -0.48634, -0.483213]
  [-0.286397, -0.024445, -0.498914, -0.483827, -0.460813]
  [-0.255953, -0.027277, -0.499047, -0.469715, -0.41725]
  [-0.238536, -0.048496, -0.498982, -0.493002, -0.37733]
  [-0.249443, -0.025447, -0.498645, -0.463267, -0.427485]
  [-0.242455, -0.0622, -0.498541, -0.495641, -0.434525]
  [-0.241589, -0.042816, -0.49878, -0.487014, -0.430035]
  [-0.269115, -0.060039, -0.499499, -0.497411, -0.476399]
  [-0.239698, -0.037082, -0.498992, -0.498969, -0.431833]
  [-0.214232, -0.026629, -0.498587, -0.480252, -0.397922]
  [-0.230899, -0.058623, -0.499211, -0.495342, -0.380492]
  [-0.270012, -0.05123, -0.499793, -0.468771, -0.45052]
  [-0.234399, -0.062601, -0.499705, -0.454781, -0.436072]
  [-0.212648, -0.039955, -0.49889, -0.469194, -0.444312]
  [-0.271182, -0.040756, -0.498834, -0.487855, -0.399776]
  [-0.293772, -0.062175, -0.498547, -0.493855, -0.454539]
  [-0.254478, -0.0609, -0.499306, -0.463351, -0.43118]
  [-0.279359, -0.048841, -0.499414, -0.491728, -0.464976]
  [-0.24466, -0.052477, -0.498847, -0.490816, -0.494518]
  [-0.226281, -0.030235, -0.498426, -0.499823, -0.458232]
  [-0.219245, -0.048485, -0.498806, -0.455721, -0.45969]
  [-0.294591, -0.024852, -0.49971, -0.465622, -0.411733]
  [-0.251318, -0.032972, -0.499261, -0.467921, -0.435201]
  [-0.278502, -0.055491, -0.499333, -0.46788, -0.460824]
  [-0.266425, -0.052747, -0.499763, -0.493136, -0.478058]
  [-0.28191, -0.047293, -0.499702, -0.490774, -0.468327]
  [-0.213568, -0.035505, -0.499385, -0.457151, -0.424263]
  [-0.216762, -0.032857, -0.498415, -0.491454, -0.485898]
  [-0.291439, -0.061784, -0.499838, -0.475632, -0.478544]
  [-0.27379, -0.040073, -0.499318, -0.460019, -0.392332]
  [-0.219381, -0.051638, -0.499935, -0.481302, -0.460862]
  [-0.214891, -0.052382, -0.499879, -0.475627, -0.469903]
  [-0.247385, -0.027258, -0.499286, -0.469833, -0.397037]
  [-0.2357, -0.049719, -0.499622, -0.482488, -0.455349]
  [-0.228344, -0.029638, -0.499231, -0.474128, -0.472611]
  [-0.232244, -0.047178, -0.499001, -0.478111, -0.454679]
  [-0.270317, -0.054193, -0.498904, -0.463505, -0.487963]
  [-0.288495, -0.062351, -0.49893, -0.456304, -0.446315]
  [-0.277488, -0.030364, -0.499496, -0.461792, -0.418803]
  [-0.241684, -0.042592, -0.499114, -0.47733, -0.377105]
  [-0.241749, -0.04841, -0.498784, -0.484828, -0.483224]
  [-0.224203, -0.05878, -0.49903, -0.473004, -0.404645]
  [-0.260428, -0.026875, -0.499299, -0.481771, -0.382916]
  [-0.250701, -0.049686, -0.499064, -0.484124, -0.467834]
  [-0.288007, -0.04362, -0.498736, -0.487978, -0.458979]
  [-0.262456, -0.036181, -0.498626, -0.482088, -0.492103]
  [-0.273813, -0.033429, -0.49859, -0.490345, -0.427776]
  [-0.232865, -0.051395, -0.49944, -0.496457, -0.476564]
  [-0.264026, -0.037429, -0.499069, -0.455461, -0.390718]
  [-0.245986, -0.05842, -0.499465, -0.485098, -0.462299]
  [-0.216591, -0.035463, -0.499153, -0.471757, -0.464129]
  [-0.238944, -0.049948, -0.499091, -0.457187, -0.382462]
  [-0.21782, -0.057372, -0.499283, -0.467553, -0.475097]
  [-0.27525, -0.044063, -0.499273, -0.480072, -0.49224]
  [-0.213506, -0.054119, -0.498698, -0.492122, -0.482415]
  [-0.288408, -0.032833, -0.499258, -0.494959, -0.407325]
  [-0.239186, -0.051523, -0.499333, -0.4951, -0.399643]
  [-0.285024, -0.058909, -0.49972, -0.496377, -0.49863]
  [-0.225636, -0.051852, -0.499402, -0.497176, -0.420382]
  [-0.235966, -0.048767, -0.499032, -0.467268, -0.419715]
  [-0.2141, -0.035449, -0.498981, -0.466158, -0.47306]
  [-0.226059, -0.027816, -0.498586, -0.48444, -0.421556]
  [-0.217884, -0.022392, -0.499061, -0.488232, -0.399668]
  [-0.281049, -0.029378, -0.499333, -0.495148, -0.390708]
  [-0.27427, -0.05593, -0.499731, -0.480022, -0.390192]
  [-0.263965, -0.02771, -0.499473, -0.457247, -0.454286]
  [-0.275039, -0.028794, -0.499736, -0.462995, -0.482932]
  [-0.284814, -0.032286, -0.49941, -0.480838, -0.459516]
  [-0.248621, -0.061616, -0.499233, -0.476729, -0.393327]
  [-0.251584, -0.043583, -0.499437, -0.49938, -0.409586]
  [-0.233663, -0.052113, -0.498529, -0.480143, -0.481702]
  [-0.241401, -0.031618, -0.498896, -0.494353, -0.446168]
  [-0.227057, -0.025546, -0.499207, -0.490126, -0.409358]
  [-0.256376, -0.034911, -0.499809, -0.492959, -0.405828]
  [-0.274101, -0.027826, -0.499722, -0.486709, -0.377923]
  [-0.245446, -0.043187, -0.499227, -0.486714, -0.380752]
  [-0.264595, -0.033845, -0.49859, -0.473723, -0.469005]
  [-0.222828, -0.041111, -0.498746, -0.471358, -0.401079]
  [-0.282861, -0.058325, -0.498658, -0.490559, -0.415458]
  [-0.256097, -0.060568, -0.499191, -0.497114, -0.409366]
  [-0.276529, -0.040689, -0.498843, -0.472294, -0.400744]
  [-0.287847, -0.031154, -0.498573, -0.456072, -0.495994]
  [-0.250386, -0.030101, -0.499484, -0.46279, -0.405757]
  [-0.236081, -0.023258, -0.499601, -0.463771, -0.453132]
  [-0.277709, -0.037562, -0.499595, -0.474836, -0.463271]
  [-0.224422, -0.061742, -0.499855, -0.462535, -0.469482]
  [-0.218715, -0.045952, -0.498943, -0.489018, -0.439575]
  [-0.224521, -0.062732, -0.499633, -0.463053, -0.489231]
  [-0.284387, -0.055932, -0.499111, -0.497222, -0.471281]
  [-0.276746, -0.025773, -0.498463, -0.476495, -0.448117]
  [-0.252646, -0.06148, -0.498946, -0.479752, -0.470409]
  [-0.273366, -0.0331, -0.498457, -0.456903, -0.470672]
  [-0.249414, -0.051876, -0.499062, -0.488692, -0.45189]
  [-0.256371, -0.058661, -0.499884, -0.459343, -0.387775]
  [-0.250519, -0.023635, -0.49996, -0.466886, -0.498265]
  [-0.257885, -0.040689, -0.498806, -0.493452, -0.478678]
  [-0.229176, -0.058755, -0.498859, -0.47111, -0.397775]
  [-0.233475, -0.04208, -0.499751, -0.471683, -0.490656]
  [-0.241935, -0.030228, -0.49986, -0.46444, -0.496081]
  [-0.213385, -0.029239, -0.49845, -0.487823, -0.462399]
  [-0.212692, -0.05494, -0.499496, -0.456383, -0.429201]
  [-0.251041, -0.036648, -0.498893, -0.477073, -0.403761]
  [-0.262425, -0.032473, -0.499398, -0.455737, -0.445058]
  [-0.281338, -0.05428, -0.499114, -0.490873, -0.481505]
  [-0.248403, -0.059505, -0.499692, -0.457465, -0.4656]
  [-0.261198, -0.044726, -0.498607, -0.466949, -0.447165]
  [-0.271218, -0.030227, -0.499998, -0.480178, -0.416456]
  [-0.257126, -0.035449, -0.49914, -0.454794, -0.48162]
  [-0.28592, -0.058627, -0.499171, -0.470138, -0.380953]
  [-0.234135, -0.042641, -0.498447, -0.476942, -0.44027]
  [-0.270515, -0.063129, -0.49845, -0.492692, -0.403766]
  [-0.23675, -0.036805, -0.499609, -0.463192, -0.380232]
  [-0.235777, -0.023474, -0.499847, -0.467033, -0.450861]
  [-0.284361, -0.024195, -0.499003, -0.460107, -0.387759]
  [-0.259412, -0.022326, -0.498922, -0.479139, -0.381449]
  [-0.279633, -0.047009, -0.499363, -0.487742, -0.445848]
  [-0.262983, -0.059998, -0.498528, -0.485118, -0.377719]
  [-0.226972, -0.03508, -0.498932, -0.484938, -0.416075]
  [-0.271124, -0.062235, -0.499074, -0.487325, -0.459001]
  [-0.224894, -0.050878, -0.499456, -0.456229, -0.498484]
  [-0.285117, -0.033796, -0.499468, -0.459901, -0.397155]
  [-0.278306, -0.055888, -0.498792, -0.460529, -0.481612]
  [-0.256696, -0.029578, -0.499773, -0.49866, -0.498331]
  [-0.276525, -0.022643, -0.499536, -0.483291, -0.38838]
  [-0.269515, -0.023613, -0.498459, -0.491279, -0.487403]
  [-0.2654, -0.057557, -0.498938, -0.499818, -0.406219]
  [-0.287299, -0.061392, -0.498936, -0.458774, -0.444126]
  [-0.264773, -0.061655, -0.499163, -0.48315, -0.404946]
  [-0.219071, -0.062702, -0.499533, -0.461119, -0.406867]
  [-0.218651, -0.047752, -0.499114, -0.476272, -0.466707]
  [-0.241936, -0.023913, -0.499882, -0.499529, -0.439901]
  [-0.218672, -0.047599, -0.498854, -0.496358, -0.484539]
  [-0.250567, -0.03274, -0.499479, -0.489657, -0.390577]
  [-0.289908, -0.060485, -0.499248, -0.481394, -0.4009]
  [-0.242074, -0.063407, -0.499011, -0.457495, -0.439701]
  [-0.260506, -0.028623, -0.499361, -0.47016, -0.40551]
  [-0.222825, -0.032781, -0.499774, -0.482411, -0.405063]
  [-0.294323, -0.035594, -0.499804, -0.494595, -0.407215]
  [-0.27911, -0.042332, -0.49991, -0.458936, -0.457025]
  [-0.276813, -0.04981, -0.499698, -0.4718, -0.437363]
  [-0.224777, -0.059995, -0.499158, -0.491351, -0.47809]
  [-0.243308, -0.063242, -0.498688, -0.460012, -0.476671]
  [-0.243936, -0.040159, -0.499567, -0.474094, -0.49505]
  [-0.281242, -0.030216, -0.499017, -0.485106, -0.492685]
  [-0.255696, -0.047342, -0.499995, -0.458684, -0.38472]
  [-0.227588, -0.055553, -0.499371, -0.471416, -0.45876]
  [-0.294964, -0.022724, -0.499723, -0.464589, -0.46816]
  [-0.272654, -0.05898, -0.499418, -0.486868, -0.38864]
  [-0.215528, -0.027219, -0.499907, -0.456016, -0.400878]
  [-0.226137, -0.034508, -0.49904, -0.485155, -0.453718]
  [-0.280012, -0.032997, -0.499338, -0.458114, -0.458148]
  [-0.24408, -0.038457, -0.498967, -0.466811, -0.410952]
  [-0.266744, -0.054997, -0.499134, -0.475225, -0.431487]
  [-0.247223, -0.027331, -0.499992, -0.476386, -0.476193]
  [-0.283728, -0.035934, -0.49921, -0.499583, -0.459923]
  [-0.234162, -0.035974, -0.499173, -0.463798, -0.476879]
  [-0.268306, -0.052638, -0.499451, -0.468653, -0.442584]
  [-0.272371, -0.023548, -0.498617, -0.470027, -0.416444]
  [-0.294214, -0.042107, -0.499259, -0.466185, -0.436465]
  [-0.28338, -0.036513, -0.49923, -0.456246, -0.417652]
  [-0.285835, -0.042369, -0.498524, -0.494728, -0.435632]
  [-0.226249, -0.045774, -0.499426, -0.484026, -0.419915]
  [-0.286566, -0.029856, -0.49905, -0.472502, -0.457115]
  [-0.251533, -0.054119, -0.498923, -0.498828, -0.481345]
  [-0.229318, -0.043703, -0.498714, -0.496031, -0.42837]
  [-0.267431, -0.048131, -0.49925, -0.457976, -0.41471]
  [-0.225006, -0.055398, -0.498946, -0.456888, -0.482155]
  [-0.21389, -0.059271, -0.498485, -0.495292, -0.421706]
  [-0.214012, -0.059247, -0.499076, -0.466592, -0.457027]
  [-0.282201, -0.055303, -0.499692, -0.460776, -0.417074]
  [-0.217792, -0.031387, -0.499856, -0.496046, -0.409087]
  [-0.219867, -0.037989, -0.498847, -0.457465, -0.454473]
  [-0.263245, -0.04593, -0.498734, -0.469064, -0.398053]
  [-0.252103, -0.028938, -0.498864, -0.494579, -0.384715]
  [-0.263294, -0.051458, -0.499503, -0.47723, -0.49053]
  [-0.216708, -0.025215, -0.499422, -0.485094, -0.453273]
  [-0.244107, -0.047083, -0.498677, -0.498096, -0.426107]
  [-0.281405, -0.041222, -0.498885, -0.456067, -0.421151]
  [-0.266644, -0.055819, -0.49933, -0.46681, -0.401083]
  [-0.260108, -0.061978, -0.499184, -0.485517, -0.392848]
  [-0.276233, -0.051141, -0.499689, -0.489414, -0.455307]
  [-0.255544, -0.057236, -0.499393, -0.473479, -0.494144]
  [-0.212951, -0.061805, -0.499648, -0.487379, -0.43743]
  [-0.255035, -0.056868, -0.499663, -0.486782, -0.481881]
  [-0.286896, -0.055619, -0.499081, -0.461612, -0.434639]
  [-0.23605, -0.040948, -0.498962, -0.466372, -0.411631]
  [-0.213614, -0.055026, -0.499156, -0.480385, -0.453484]
  [-0.294311, -0.047886, -0.499265, -0.458663, -0.424681]
  [-0.294799, -0.023184, -0.498591, -0.486763, -0.386664]
  [-0.293415, -0.02463, -0.499115, -0.48481, -0.469168]
  [-0.227519, -0.022926, -0.499193, -0.491692, -0.445652]
  [-0.258511, -0.045714, -0.499744, -0.473475, -0.40155]
  [-0.260803, -0.030167, -0.49878, -0.464166, -0.492415]
  [-0.265478, -0.027178, -0.49887, -0.463667, -0.485877]
  [-0.290654, -0.05452, -0.498511, -0.474989, -0.467325]
  [-0.215983, -0.02466, -0.49905, -0.48044, -0.376338]
  [-0.221088, -0.031207, -0.499016, -0.462383, -0.437465]
  [-0.242997, -0.03763, -0.49862, -0.477049, -0.462168]
  [-0.227219, -0.047805, -0.498654, -0.493646, -0.386169]
  [-0.245446, -0.057415, -0.498551, -0.454829, -0.408512]
  [-0.223972, -0.023008, -0.498908, -0.459128, -0.381032]
  [-0.235759, -0.052783, -0.499824, -0.490284, -0.478029]
  [-0.287896, -0.054688, -0.499518, -0.46874, -0.461431]
  [-0.229421, -0.03593, -0.499357, -0.455286, -0.395131]
  [-0.221803, -0.059396, -0.499716, -0.495975, -0.378438]
  [-0.238593, -0.048053, -0.499639, -0.498156, -0.491144]
  [-0.252053, -0.059178, -0.498814, -0.486705, -0.47206]
  [-0.239285, -0.062257, -0.498632, -0.487933, -0.389426]
  [-0.252208, -0.0307, -0.499264, -0.490121, -0.412927]
  [-0.286714, -0.05711, -0.499609, -0.48785, -0.435599]
  [-0.228895, -0.032086, -0.499198, -0.499504, -0.384853]
  [-0.234304, -0.03344, -0.499346, -0.467742, -0.499954]
  [-0.252458, -0.050054, -0.499309, -0.475835, -0.424026]
  [-0.255568, -0.051758, -0.498525, -0.47174, -0.493566]
  [-0.249674, -0.032131, -0.499394, -0.459617, -0.384771]
  [-0.270853, -0.056489, -0.499152, -0.473939, -0.432632]
  [-0.290602, -0.041808, -0.499662, -0.457743, -0.449325]
  [-0.251768, -0.028795, -0.498961, -0.471356, -0.380315]
  [-0.216061, -0.063565, -0.499957, -0.496231, -0.387653]
  [-0.291626, -0.042347, -0.498494, -0.492221, -0.385059]
  [-0.235584, -0.062083, -0.499257, -0.474181, -0.484547]
  [-0.221205, -0.039263, -0.499394, -0.494636, -0.430414]
  [-0.284028, -0.063284, -0.498435, -0.467307, -0.43005]
  [-0.271221, -0.036281, -0.499032, -0.492989, -0.455692]
  [-0.215614, -0.024074, -0.49941, -0.461703, -0.426132]
  [-0.243215, -0.058292, -0.499851, -0.495726, -0.419203]
  [-0.233527, -0.048971, -0.499034, -0.492709, -0.490909]
  [-0.25172, -0.047361, -0.498761, -0.496768, -0.430708]
  [-0.235653, -0.041531, -0.498723, -0.467012, -0.408393]
  [-0.242013, -0.062812, -0.498477, -0.486055, -0.442496]
  [-0.275356, -0.062115, -0.499487, -0.486838, -0.491878]
  [-0.254218, -0.02279, -0.499346, -0.460532, -0.432101]
  [-0.213163, -0.038576, -0.498737, -0.460166, -0.382151]
  [-0.274127, -0.039449, -0.498938, -0.479552, -0.460594]
  [-0.23476, -0.050686, -0.49916, -0.489805, -0.446097]
  [-0.27497, -0.044192, -0.499764, -0.456937, -0.487501]
  [-0.243469, -0.039882, -0.498882, -0.492771, -0.439138]
  [-0.237371, -0.050259, -0.498621, -0.470403, -0.437088]
  [-0.280192, -0.045701, -0.498624, -0.478936, -0.450319]
  [-0.287091, -0.06179, -0.499588, -0.459757, -0.420316]
  [-0.221256, -0.032524, -0.499887, -0.469682, -0.443674]
  [-0.278454, -0.058396, -0.499152, -0.475829, -0.486214]
  [-0.250433, -0.053513, -0.498982, -0.497232, -0.428721]
  [-0.244716, -0.062669, -0.498782, -0.470771, -0.421074]
  [-0.261255, -0.063046, -0.499849, -0.46524, -0.413737]
  [-0.293008, -0.031422, -0.498755, -0.477269, -0.377317]
  [-0.250906, -0.047368, -0.498772, -0.488175, -0.389938]
  [-0.273632, -0.063026, -0.499979, -0.474697, -0.411891]
  [-0.252641, -0.061074, -0.49998, -0.465719, -0.375429]
  [-0.237788, -0.055484, -0.499468, -0.454966, -0.467253]
  [-0.231727, -0.046291, -0.498772, -0.494466, -0.449863]
  [-0.288137, -0.058151, -0.499091, -0.483645, -0.400251]
  [-0.280486, -0.052742, -0.498689, -0.49487, -0.445632]
  [-0.266725, -0.022737, -0.49951, -0.49118, -0.452567]
  [-0.22112, -0.05997, -0.499698, -0.499304, -0.411869]
  [-0.288548, -0.028983, -0.499395, -0.486317, -0.408045]
  [-0.292503, -0.045091, -0.499166, -0.484155, -0.482315]
  [-0.240275, -0.028081, -0.499166, -0.467662, -0.383924]
  [-0.229639, -0.034896, -0.499085, -0.489148, -0.408483]
  [-0.271879, -0.059882, -0.499401, -0.499901, -0.443812]
  [-0.24477, -0.056711, -0.498524, -0.497819, -0.390729]
  [-0.284798, -0.051961, -0.499381, -0.455851, -0.421231]
  [-0.287064, -0.041136, -0.499996, -0.483201, -0.376433]
  [-0.269985, -0.051748, -0.499121, -0.474886, -0.490105]
  [-0.24609, -0.063629, -0.498412, -0.499566, -0.394566]
  [-0.273002, -0.031978, -0.49941, -0.4562, -0.484797]
  [-0.241702, -0.029268, -0.499876, -0.492989, -0.473075]
  [-0.292532, -0.057893, -0.498427, -0.473588, -0.468866]
  [-0.257646, -0.036503, -0.499943, -0.468163, -0.483962]
  [-0.294956, -0.045569, -0.499939, -0.493332, -0.402397]
  [-0.217008, -0.02675, -0.499989, -0.474963, -0.404303]
  [-0.236939, -0.031627, -0.498709, -0.491168, -0.400035]
  [-0.241533, -0.050316, -0.498702, -0.455688, -0.451142]
  [-0.232334, -0.029311, -0.498652, -0.455362, -0.416554]
  [-0.239799, -0.023635, -0.498724, -0.458762, -0.484473]
  [-0.219324, -0.03669, -0.499318, -0.465767, -0.498093]
  [-0.256736, -0.055119, -0.499406, -0.46823, -0.387251]
  [-0.228503, -0.053496, -0.499054, -0.468013, -0.380375]
  [-0.273481, -0.043658, -0.499656, -0.496813, -0.451243]
  [-0.24377, -0.037688, -0.498546, -0.479725, -0.435549]
  [-0.273296, -0.042165, -0.498899, -0.494612, -0.495876]
  [-0.288092, -0.035351, -0.498785, -0.498466, -0.470225]
  [-0.234271, -0.052581, -0.499243, -0.482214, -0.42199]
  [-0.241858, -0.024991, -0.498884, -0.482537, -0.426892]
  [-0.259079, -0.054253, -0.49955, -0.463917, -0.440519]
  [-0.230707, -0.050146, -0.499894, -0.48823, -0.407353]
  [-0.245351, -0.03732, -0.498481, -0.477844, -0.389604]
  [-0.279653, -0.063572, -0.498594, -0.476128, -0.466118]
  [-0.226816, -0.0621, -0.498711, -0.467773, -0.430738]
  [-0.286545, -0.055579, -0.499603, -0.488516, -0.486687]
  [-0.226939, -0.030667, -0.499552, -0.49674, -0.47516]
  [-0.268147, -0.050261, -0.49963, -0.499722, -0.43229]
  [-0.221124, -0.056593, -0.498997, -0.49538, -0.423242]
  [-0.255446, -0.060506, -0.49966, -0.478182, -0.411572]
  [-0.252558, -0.046429, -0.4987, -0.480232, -0.447645]
  [-0.270551, -0.041412, -0.498539, -0.463443, -0.430417]
  [-0.253168, -0.042675, -0.499617, -0.48629, -0.412069]
  [-0.293246, -0.039735, -0.499683, -0.458526, -0.401143]
  [-0.219163, -0.02269, -0.499655, -0.493518, -0.406962]
  [-0.213254, -0.052543, -0.498862, -0.498514, -0.487262]
  [-0.222013, -0.055768, -0.498805, -0.469017, -0.438166]
  [-0.231208, -0.032153, -0.499299, -0.488938, -0.428757]
  [-0.226482, -0.054843, -0.499809, -0.460064, -0.494547]
  [-0.249639, -0.06357, -0.499819, -0.476844, -0.414459]
  [-0.263672, -0.057547, -0.498575, -0.480814, -0.44713]
  [-0.283298, -0.061647, -0.499906, -0.483715, -0.446881]
  [-0.230337, -0.035038, -0.499132, -0.472687, -0.41066]
  [-0.218957, -0.051793, -0.499979, -0.494166, -0.381862]
  [-0.234016, -0.05501, -0.498816, -0.464113, -0.481447]
  [-0.260807, -0.03859, -0.499496, -0.498342, -0.415812]
  [-0.252391, -0.025669, -0.498655, -0.46313, -0.46903]
  [-0.27881, -0.040952, -0.49915, -0.486662, -0.488338]
  [-0.225856, -0.057887, -0.499702, -0.455143, -0.405793]
  [-0.273525, -0.055724, -0.499875, -0.478197, -0.480157]
  [-0.212523, -0.041808, -0.498697, -0.464413, -0.472487]
  [-0.249633, -0.040482, -0.499514, -0.489906, -0.451596]
  [-0.245095, -0.062125, -0.499533, -0.469727, -0.451432]
  [-0.230423, -0.028883, -0.49941, -0.489054, -0.480581]
  [-0.24555, -0.032878, -0.498716, -0.476752, -0.445925]
  [-0.259907, -0.029239, -0.499829, -0.498574, -0.38909]
  [-0.290768, -0.041579, -0.498534, -0.497322, -0.401762]
  [-0.225616, -0.02843, -0.499457, -0.463584, -0.415927]
  [-0.216662, -0.044105, -0.499735, -0.463445, -0.400791]
  [-0.255222, -0.029145, -0.499298, -0.492995, -0.434529]
  [-0.269711, -0.057104, -0.498949, -0.460826, -0.386721]
  [-0.236145, -0.052099, -0.498907, -0.470185, -0.496334]
  [-0.227808, -0.06353, -0.499762, -0.497035, -0.44796]
  [-0.218335, -0.023661, -0.498875, -0.479957, -0.376237]
  [-0.273693, -0.026022, -0.499447, -0.474325, -0.409899]
  [-0.271547, -0.058431, -0.498842, -0.491238, -0.44916]
  [-0.255643, -0.040305, -0.49857, -0.477707, -0.455366]
  [-0.28059, -0.037928, -0.499819, -0.488337, -0.487775]
  [-0.290275, -0.022763, -0.499988, -0.477703, -0.431174]
  [-0.266358, -0.056731, -0.498602, -0.472033, -0.383026]
  [-0.278157, -0.051524, -0.498456, -0.48009, -0.391796]
  [-0.223334, -0.061923, -0.498479, -0.476027, -0.472916]
  [-0.238103, -0.054909, -0.499067, -0.463736, -0.433954]
  [-0.267146, -0.026231, -0.499119, -0.473705, -0.443989]
  [-0.270482, -0.039615, -0.498458, -0.455665, -0.494168]
  [-0.219732, -0.049801, -0.499007, -0.497323, -0.445652]
  [-0.262115, -0.027006, -0.498806, -0.48851, -0.439272]
  [-0.256417, -0.047881, -0.498955, -0.482756, -0.497589]
  [-0.27316, -0.053953, -0.498769, -0.461673, -0.48675]
  [-0.291597, -0.02957, -0.498644, -0.491996, -0.405753]
  [-0.292473, -0.062769, -0.499423, -0.462497, -0.382628]
  [-0.213547, -0.036106, -0.499724, -0.495406, -0.429622]
  [-0.215881, -0.054358, -0.498767, -0.461446, -0.483054]
  [-0.218112, -0.048223, -0.498932, -0.480914, -0.45681]
  [-0.255543, -0.02318, -0.49937, -0.474044, -0.48985]
  [-0.260852, -0.044332, -0.499492, -0.483761, -0.482341]
  [-0.260145, -0.040022, -0.49852, -0.484121, -0.407044]
  [-0.228603, -0.052544, -0.499477, -0.493056, -0.391486]
  [-0.27261, -0.039179, -0.499995, -0.47977, -0.413207]
  [-0.272645, -0.061831, -0.498992, -0.470465, -0.426066]
  [-0.255073, -0.058629, -0.498967, -0.477217, -0.429483]
  [-0.273666, -0.046447, -0.498972, -0.481004, -0.494078]
  [-0.287304, -0.036731, -0.49995, -0.480003, -0.492576]
  [-0.266562, -0.062533, -0.499432, -0.488832, -0.397635]
  [-0.270885, -0.045774, -0.499343, -0.467416, -0.43866]
  [-0.245913, -0.036305, -0.498569, -0.485723, -0.490665]
  [-0.255832, -0.026651, -0.499001, -0.495225, -0.421742]
  [-0.240449, -0.054658, -0.499373, -0.471623, -0.401543]
  [-0.221237, -0.044443, -0.498728, -0.455578, -0.403842]
  [-0.217215, -0.032349, -0.498608, -0.47431, -0.414839]
  [-0.233859, -0.023549, -0.498564, -0.48799, -0.383233]
  [-0.289335, -0.03162, -0.499964, -0.48887, -0.401994]
  [-0.238239, -0.062543, -0.499276, -0.487785, -0.429468]
  [-0.259365, -0.044203, -0.498666, -0.480966, -0.376885]
  [-0.25806, -0.047309, -0.499998, -0.471375, -0.496932]
  [-0.240325, -0.032225, -0.49924, -0.495258, -0.475703]
  [-0.231474, -0.047397, -0.498937, -0.478384, -0.494303]
  [-0.278536, -0.060246, -0.498506, -0.487187, -0.449895]
  [-0.252338, -0.061181, -0.499682, -0.469877, -0.491862]
  [-0.244396, -0.039145, -0.498763, -0.496185, -0.397478]
  [-0.22657, -0.061339, -0.498636, -0.469923, -0.427396]
  [-0.225926, -0.043443, -0.499241, -0.484476, -0.417132]
  [-0.265521, -0.025733, -0.498704, -0.482158, -0.49469]
  [-0.269521, -0.060217, -0.498606, -0.46684, -0.486852]
  [-0.263505, -0.05847, -0.499205, -0.484546, -0.465248]
  [-0.285325, -0.03908, -0.499228, -0.496754, -0.453173]
  [-0.259656, -0.056429, -0.499922, -0.489828, -0.454035]
  [-0.264986, -0.02252, -0.499245, -0.458113, -0.387088]
  [-0.292007, -0.049433, -0.499917, -0.488616, -0.384934]
  [-0.282611, -0.058366, -0.499712, -0.489171, -0.424976]
  [-0.275127, -0.042196, -0.499731, -0.463629, -0.382815]
  [-0.281415, -0.053044, -0.499823, -0.468993, -0.440665]
  [-0.233782, -0.062519, -0.49989, -0.466646, -0.481393]
  [-0.267338, -0.023398, -0.498521, -0.487001, -0.478386]
  [-0.271128, -0.055787, -0.499134, -0.498096, -0.488775]
  [-0.226863, -0.058242, -0.499688, -0.484796, -0.494237]
  [-0.230465, -0.048377, -0.499746, -0.465407, -0.4319]
  [-0.27073, -0.035014, -0.499214, -0.493497, -0.413343]
  [-0.238109, -0.046466, -0.498546, -0.486913, -0.382499]
  [-0.242023, -0.059413, -0.49906, -0.466467, -0.402499]
  [-0.232256, -0.034797, -0.498442, -0.487155, -0.414958]
  [-0.218074, -0.046774, -0.499669, -0.474677, -0.433956]
  [-0.275012, -0.062654, -0.499877, -0.479967, -0.449166]
  [-0.273894, -0.034972, -0.499994, -0.476193, -0.375247]
  [-0.277529, -0.057464, -0.498882, -0.464668, -0.407467]
  [-0.242583, -0.057484, -0.499857, -0.456452, -0.471441]
  [-0.230808, -0.063278, -0.499066, -0.454777, -0.494798]
  [-0.269099, -0.036434, -0.499033, -0.486794, -0.401778]
  [-0.216443, -0.023227, -0.499595, -0.487403, -0.394643]
  [-0.214699, -0.039671, -0.499043, -0.478985, -0.482357]
  [-0.262914, -0.062774, -0.499656, -0.468974, -0.45087]
  [-0.248626, -0.044512, -0.499354, -0.489181, -0.49617]
  [-0.290963, -0.041872, -0.498965, -0.457297, -0.447062]
  [-0.233321, -0.045153, -0.499402, -0.458647, -0.431661]
  [-0.284561, -0.04614, -0.498868, -0.492166, -0.406547]
  [-0.251792, -0.049924, -0.498807, -0.478836, -0.40564]
  [-0.27254, -0.059699, -0.499401, -0.499919, -0.444105]
  [-0.272244, -0.059854, -0.4994, -0.499976, -0.444059]
  [-0.271729, -0.059754, -0.499401, -0.499927, -0.443714]
  [-0.272325, -0.059874, -0.4994, -0.49989, -0.444008]
  [-0.271937, -0.059797, -0.4994, -0.499915, -0.443916]
  [-0.271465, -0.059887, -0.4994, -0.499933, -0.444068]
  [-0.271888, -0.059867, -0.499401, -0.499989, -0.444054]
  [-0.272372, -0.059737, -0.499401, -0.49988, -0.444126]
  [-0.272277, -0.059765, -0.4994, -0.499946, -0.443856]
  [-0.271505, -0.059755, -0.499401, -0.499996, -0.443783]
  [-0.271957, -0.059766, -0.499401, -0.499908, -0.444041]
  [-0.272462, -0.059806, -0.4994, -0.499967, -0.444162]
  [-0.27162, -0.059773, -0.499401, -0.499908, -0.444014]
  [-0.271642, -0.059853, -0.4994, -0.499939, -0.444094]
  [-0.27182, -0.059807, -0.499401, -0.499892, -0.443812]
  [-0.272181, -0.059772, -0.499401, -0.499955, -0.444084]
  [-0.27147, -0.059857, -0.499401, -0.49988, -0.443882]
  [-0.271832, -0.059866, -0.499401, -0.49991, -0.444045]
  [-0.271479, -0.059794, -0.4994, -0.499887, -0.443842]
  [-0.272088, -0.059707, -0.4994, -0.499884, -0.443973]
  [-0.27232, -0.059857, -0.499401, -0.499993, -0.444048]
  [-0.27201, -0.059902, -0.4994, -0.499963, -0.444126]
  [-0.271889, -0.059779, -0.499401, -0.499947, -0.443997]
  [-0.272135, -0.059867, -0.499401, -0.499961, -0.444151]
  [-0.27253, -0.059754, -0.4994, -0.49999, -0.443986]
  [-0.271801, -0.05989, -0.4994, -0.499973, -0.443767]
  [-0.27227, -0.059709, -0.499401, -0.499988, -0.443709]
  [-0.271693, -0.059725, -0.4994, -0.499891, -0.444076]
  [-0.272469, -0.059857, -0.4994, -0.499992, -0.443983]
  [-0.272347, -0.059846, -0.499401, -0.499991, -0.443858]
  [-0.272408, -0.059753, -0.499401, -0.49988, -0.4441]
  [-0.271475, -0.059862, -0.4994, -0.499925, -0.444071]
  [-0.271621, -0.059763, -0.4994, -0.499922, -0.44373]
  [-0.271921, -0.059901, -0.499401, -0.499938, -0.443855]
  [-0.27229, -0.059849, -0.4994, -0.499891, -0.444106]
  [-0.27162, -0.059749, -0.4994, -0.499884, -0.443712]
  [-0.271575, -0.05976, -0.4994, -0.499986, -0.443804]
  [-0.271821, -0.059876, -0.4994, -0.499947, -0.443908]
  [-0.272228, -0.059814, -0.4994, -0.499892, -0.443835]
  [-0.271942, -0.059901, -0.4994, -0.499893, -0.444042]
  [-0.271853, -0.059888, -0.4994, -0.499887, -0.444167]
  [-0.271814, -0.059737, -0.4994, -0.499934, -0.444006]
  [-0.27226, -0.05978, -0.4994, -0.499985, -0.444079]
  [-0.272399, -0.059727, -0.499401, -0.499966, -0.443857]
  [-0.272121, -0.059869, -0.499401, -0.499886, -0.443741]
  [-0.272542, -0.059875, -0.4994, -0.499895, -0.443962]
  [-0.272311, -0.059892, -0.4994, -0.499957, -0.443848]
  [-0.27203, -0.059903, -0.499401, -0.499975, -0.443733]
  [-0.271493, -0.059781, -0.499401, -0.499998, -0.443846]
  [-0.271897, -0.05987, -0.4994, -0.499959, -0.444142]
  [-0.272414, -0.059899, -0.499401, -0.499993, -0.443993]
  [-0.272366, -0.059857, -0.499401, -0.499893, -0.444122]
  [-0.27161, -0.059844, -0.499401, -0.49991, -0.443896]
  [-0.272385, -0.059752, -0.4994, -0.499925, -0.443786]
  [-0.271569, -0.05989, -0.4994, -0.499998, -0.44405]
  [-0.272444, -0.05981, -0.499401, -0.499995, -0.444142]
  [-0.272521, -0.059776, -0.499401, -0.499993, -0.44417]
  [-0.272534, -0.059807, -0.499401, -0.499913, -0.44389]
  [-0.272114, -0.059855, -0.499401, -0.499967, -0.44392]
  [-0.272005, -0.059867, -0.4994, -0.499924, -0.443931]
  [-0.272419, -0.059834, -0.499401, -0.499904, -0.444072]
  [-0.272392, -0.05983, -0.499401, -0.499974, -0.44386]
  [-0.272245, -0.059858, -0.4994, -0.499962, -0.444096]
  [-0.272555, -0.059732, -0.4994, -0.499935, -0.444151]
  [-0.271642, -0.059722, -0.4994, -0.499893, -0.44379]
  [-0.271489, -0.059811, -0.499401, -0.499972, -0.444101]
  [-0.272322, -0.059782, -0.4994, -0.499974, -0.443753]
  [-0.271775, -0.05984, -0.499401, -0.499887, -0.443989]
  [-0.272556, -0.059873, -0.499401, -0.499972, -0.444054]
  [-0.27221, -0.059721, -0.499401, -0.499928, -0.44376]
  [-0.272317, -0.059741, -0.4994, -0.499978, -0.443763]
  [-0.272441, -0.059871, -0.499401, -0.499977, -0.444093]
  [-0.27232, -0.059764, -0.499401, -0.499926, -0.443761]
  [-0.271636, -0.059747, -0.499401, -0.499989, -0.444087]
  [-0.2718, -0.059717, -0.4994, -0.499926, -0.44382]
  [-0.271568, -0.059747, -0.499401, -0.499946, -0.444008]
  [-0.272082, -0.05982, -0.499401, -0.499998, -0.443902]
  [-0.272479, -0.059812, -0.4994, -0.499999, -0.443937]
  [-0.272126, -0.059815, -0.4994, -0.499916, -0.443991]
  [-0.271731, -0.059755, -0.4994, -0.49997, -0.44416]
  [-0.272532, -0.059899, -0.499401, -0.49998, -0.443769]
  [-0.271729, -0.059871, -0.499401, -0.499903, -0.443693]
  [-0.272288, -0.059798, -0.499401, -0.499944, -0.443794]
  [-0.272432, -0.059776, -0.499401, -0.499906, -0.44411]
  [-0.272066, -0.059866, -0.4994, -0.499949, -0.444069]
  [-0.272221, -0.059734, -0.499401, -0.499951, -0.443905]
  [-0.272022, -0.059876, -0.499401, -0.499917, -0.443711]
  [-0.271438, -0.059722, -0.4994, -0.49994, -0.444053]
  [-0.271645, -0.059884, -0.4994, -0.499956, -0.444026]
  [-0.271524, -0.059838, -0.499401, -0.499951, -0.443761]
  [-0.271879, -0.059859, -0.499401, -0.499925, -0.444105]
  [-0.272553, -0.059753, -0.499401, -0.499902, -0.444027]
  [-0.271594, -0.059699, -0.4994, -0.499925, -0.443732]
  [-0.272204, -0.059819, -0.4994, -0.499965, -0.443944]
  [-0.272322, -0.059744, -0.499401, -0.499985, -0.444059]
  [-0.272372, -0.059704, -0.499401, -0.499928, -0.44412]
  [-0.272381, -0.0597, -0.4994, -0.49994, -0.443919]
  [-0.271511, -0.059866, -0.499401, -0.499912, -0.443965]
  [-0.272408, -0.059743, -0.4994, -0.499972, -0.444135]
  [-0.271452, -0.059715, -0.4994, -0.4999, -0.444121]
  [-0.271859, -0.059767, -0.4994, -0.499877, -0.444149]
  [-0.271585, -0.059767, -0.4994, -0.499933, -0.443943]
  [-0.272541, -0.059721, -0.499401, -0.499902, -0.443992]
  [-0.272087, -0.059725, -0.4994, -0.499878, -0.44414]
  [-0.271456, -0.059768, -0.499401, -0.499962, -0.443714]
  [-0.271951, -0.059831, -0.499401, -0.499959, -0.443706]
  [-0.271913, -0.059777, -0.499401, -0.499946, -0.443809]
  [-0.271613, -0.059826, -0.499401, -0.499903, -0.444043]
  [-0.272043, -0.059761, -0.4994, -0.499946, -0.444092]
  [-0.271803, -0.059739, -0.4994, -0.499964, -0.443934]
  [-0.272316, -0.059819, -0.499401, -0.499888, -0.44384]
  [-0.27236, -0.059833, -0.4994, -0.499962, -0.444137]
  [-0.272547, -0.05988, -0.499401, -0.499971, -0.444013]
  [-0.271732, -0.059848, -0.499401, -0.49997, -0.443871]
  [-0.271459, -0.059828, -0.499401, -0.499958, -0.443733]
  [-0.272115, -0.059801, -0.4994, -0.499932, -0.443807]
  [-0.27242, -0.059865, -0.499401, -0.499929, -0.444151]
  [-0.272501, -0.059834, -0.499401, -0.499889, -0.444122]
  [-0.272241, -0.059884, -0.499401, -0.499908, -0.443841]
  [-0.27162, -0.059806, -0.4994, -0.499911, -0.443953]
  [-0.272479, -0.05983, -0.499401, -0.499924, -0.443859]
  [-0.27237, -0.05989, -0.499401, -0.499993, -0.444018]
  [-0.272237, -0.059789, -0.499401, -0.499924, -0.444108]
  [-0.272282, -0.059731, -0.4994, -0.499886, -0.444056]
  [-0.272364, -0.059762, -0.499401, -0.49995, -0.443814]
  [-0.27145, -0.059902, -0.4994, -0.499964, -0.443955]
  [-0.272276, -0.059848, -0.499401, -0.499965, -0.443711]
  [-0.271832, -0.059704, -0.499401, -0.499943, -0.443747]
  [-0.272359, -0.059792, -0.4994, -0.499889, -0.443919]
  [-0.271617, -0.059825, -0.4994, -0.499923, -0.443713]
  [-0.272505, -0.059759, -0.499401, -0.499936, -0.443733]
  [-0.272148, -0.059887, -0.499401, -0.49999, -0.443949]
  [-0.272424, -0.059858, -0.499401, -0.499913, -0.443715]
  [-0.27162, -0.059732, -0.499401, -0.499981, -0.444115]
  [-0.271686, -0.059764, -0.499401, -0.499931, -0.443881]
  [-0.271509, -0.059861, -0.499401, -0.499886, -0.444117]
  [-0.27229, -0.059714, -0.4994, -0.499919, -0.443754]
  [-0.271978, -0.059885, -0.499401, -0.499941, -0.443976]
  [-0.272466, -0.059839, -0.499401, -0.499878, -0.443731]
  [-0.271655, -0.059785, -0.499401, -0.499929, -0.443756]
  [-0.272041, -0.059803, -0.499401, -0.499964, -0.444129]
  [-0.272376, -0.059733, -0.4994, -0.499979, -0.444095]
  [-0.271962, -0.059734, -0.4994, -0.499929, -0.443987]
  [-0.271825, -0.059704, -0.4994, -0.499915, -0.444014]
  [-0.272337, -0.059717, -0.4994, -0.499953, -0.443847]
  [-0.272201, -0.059759, -0.4994, -0.499888, -0.443945]
  [-0.271573, -0.059784, -0.499401, -0.499934, -0.444168]
  [-0.272092, -0.059732, -0.4994, -0.499991, -0.444063]
  [-0.272027, -0.059848, -0.4994, -0.499941, -0.443895]
  [-0.272189, -0.059776, -0.499401, -0.499946, -0.444049]
  [-0.271643, -0.05978, -0.499401, -0.499918, -0.443862]
  [-0.272501, -0.059878, -0.4994, -0.499908, -0.443906]
  [-0.272145, -0.059769, -0.4994, -0.499992, -0.443924]
  [-0.271595, -0.059728, -0.4994, -0.499916, -0.444133]
  [-0.271692, -0.059748, -0.4994, -0.499966, -0.443985]
  [-0.271752, -0.059803, -0.499401, -0.499986, -0.444161]
  [-0.271703, -0.059853, -0.499401, -0.499894, -0.444157]
  [-0.271765, -0.059852, -0.499401, -0.49998, -0.444132]
  [-0.271717, -0.059748, -0.4994, -0.499998, -0.444017]
  [-0.27252, -0.0598, -0.499401, -0.499952, -0.443827]
  [-0.272203, -0.059705, -0.499401, -0.499892, -0.44399]
  [-0.272105, -0.059722, -0.499401, -0.499917, -0.443791]
  [-0.271653, -0.059826, -0.4994, -0.499994, -0.443829]
  [-0.272036, -0.059785, -0.499401, -0.49992, -0.444129]
  [-0.271487, -0.05975, -0.4994, -0.499981, -0.443851]
  [-0.272374, -0.059814, -0.4994, -0.499902, -0.443805]
  [-0.272438, -0.059814, -0.4994, -0.499952, -0.444036]
  [-0.272147, -0.059796, -0.499401, -0.499898, -0.444143]
  [-0.271642, -0.059859, -0.499401, -0.499908, -0.443703]
  [-0.272344, -0.059731, -0.4994, -0.499935, -0.444006]
  [-0.272027, -0.059864, -0.4994, -0.499943, -0.443933]
  [-0.272115, -0.059832, -0.4994, -0.499892, -0.444073]
  [-0.272558, -0.059753, -0.4994, -0.499946, -0.443721]
  [-0.272122, -0.059829, -0.4994, -0.499923, -0.443828]
  [-0.272473, -0.059764, -0.4994, -0.49988, -0.443817]
  [-0.271764, -0.059809, -0.499401, -0.499999, -0.443948]
  [-0.271942, -0.059859, -0.4994, -0.499973, -0.443697]
  [-0.271968, -0.059722, -0.499401, -0.499999, -0.444148]
  [-0.272124, -0.059704, -0.499401, -0.499957, -0.443977]
  [-0.271699, -0.059816, -0.499401, -0.499983, -0.443818]
  [-0.272131, -0.059757, -0.499401, -0.499917, -0.443847]
  [-0.272368, -0.059799, -0.4994, -0.499887, -0.444073]
  [-0.271943, -0.059851, -0.4994, -0.499986, -0.44397]
  [-0.271579, -0.059697, -0.499401, -0.49995, -0.444011]
  [-0.271771, -0.059701, -0.4994, -0.499973, -0.443791]
  [-0.271521, -0.059896, -0.499401, -0.499895, -0.44413]
  [-0.272304, -0.059746, -0.4994, -0.499962, -0.444037]
  [-0.271789, -0.05983, -0.499401, -0.499898, -0.444138]
  [-0.272523, -0.059808, -0.4994, -0.49989, -0.443933]
  [-0.272236, -0.059841, -0.499401, -0.499966, -0.44405]
  [-0.272336, -0.059796, -0.4994, -0.499922, -0.443823]
  [-0.271491, -0.059902, -0.499401, -0.499893, -0.443723]
  [-0.27223, -0.059834, -0.4994, -0.49993, -0.443818]
  [-0.271674, -0.059781, -0.4994, -0.499953, -0.444003]
  [-0.271443, -0.059848, -0.4994, -0.499963, -0.443799]
  [-0.271441, -0.059763, -0.4994, -0.499974, -0.444142]
  [-0.271455, -0.059805, -0.4994, -0.499885, -0.444098]
  [-0.272008, -0.059901, -0.499401, -0.499886, -0.444029]
  [-0.271738, -0.05982, -0.499401, -0.499936, -0.443891]
  [-0.272028, -0.059807, -0.499401, -0.499881, -0.44382]
  [-0.271507, -0.059877, -0.4994, -0.499976, -0.443873]
  [-0.271667, -0.0599, -0.4994, -0.499907, -0.443761]
  [-0.271513, -0.059772, -0.499401, -0.499913, -0.443943]
  [-0.27147, -0.059709, -0.4994, -0.499952, -0.443998]
  [-0.272023, -0.059756, -0.4994, -0.499973, -0.443765]
  [-0.27192, -0.059755, -0.499401, -0.499901, -0.44401]
  [-0.27221, -0.059762, -0.4994, -0.499967, -0.443999]
  [-0.271714, -0.059733, -0.4994, -0.499889, -0.443927]
  [-0.27223, -0.059716, -0.499401, -0.499959, -0.443939]
  [-0.272108, -0.059704, -0.4994, -0.499927, -0.44396]
  [-0.272169, -0.059771, -0.4994, -0.499901, -0.443785]
  [-0.271768, -0.059767, -0.499401, -0.499989, -0.443699]
  [-0.27201, -0.059767, -0.4994, -0.499917, -0.444151]
  [-0.271647, -0.059876, -0.4994, -0.499984, -0.443707]
  [-0.271543, -0.059763, -0.4994, -0.499977, -0.44378]
  [-0.271663, -0.0599, -0.499401, -0.499947, -0.444016]
  [-0.271613, -0.059889, -0.4994, -0.499967, -0.444011]
  [-0.272464, -0.059814, -0.499401, -0.499919, -0.443901]
  [-0.272496, -0.059708, -0.499401, -0.49992, -0.443744]
  [-0.271653, -0.059871, -0.499401, -0.499902, -0.443776]
  [-0.271775, -0.059837, -0.499401, -0.499952, -0.443732]
  [-0.272076, -0.059771, -0.4994, -0.499898, -0.443829]
  [-0.271783, -0.059772, -0.4994, -0.499908, -0.443731]
  [-0.271553, -0.05988, -0.4994, -0.499936, -0.443702]
  [-0.271977, -0.059819, -0.4994, -0.499887, -0.443986]
  [-0.272511, -0.059877, -0.4994, -0.499964, -0.44401]
  [-0.272543, -0.05974, -0.4994, -0.499915, -0.443699]
  [-0.271688, -0.059773, -0.4994, -0.499977, -0.444043]
  [-0.271903, -0.059822, -0.4994, -0.499965, -0.443756]
  [-0.271971, -0.059903, -0.4994, -0.499896, -0.443761]
  [-0.271973, -0.059871, -0.499401, -0.499912, -0.44396]
  [-0.271849, -0.059703, -0.499401, -0.499891, -0.444137]
  [-0.272363, -0.059875, -0.499401, -0.499892, -0.443808]
  [-0.271967, -0.059872, -0.499401, -0.499917, -0.444169]
  [-0.271687, -0.059718, -0.499401, -0.499951, -0.443768]
  [-0.271938, -0.059728, -0.4994, -0.499967, -0.444065]
  [-0.271608, -0.059883, -0.499401, -0.499911, -0.443784]
  [-0.271786, -0.059872, -0.499401, -0.499933, -0.443839]
  [-0.272021, -0.059833, -0.4994, -0.499987, -0.44404]
  [-0.272367, -0.059708, -0.499401, -0.499908, -0.44402]
  [-0.271472, -0.059742, -0.499401, -0.499976, -0.443995]
  [-0.272155, -0.059745, -0.499401, -0.49996, -0.443776]
  [-0.27242, -0.059834, -0.499401, -0.499902, -0.444087]
  [-0.271677, -0.05983, -0.499401, -0.499966, -0.444001]
  [-0.272379, -0.059715, -0.4994, -0.499893, -0.443992]
  [-0.272081, -0.059774, -0.499401, -0.499889, -0.44404]
  [-0.27248, -0.059782, -0.4994, -0.499881, -0.443973]
  [-0.271612, -0.059853, -0.499401, -0.499998, -0.444087]
  [-0.272525, -0.059742, -0.4994, -0.499936, -0.443976]
  [-0.272145, -0.059828, -0.499401, -0.499942, -0.443973]
  [-0.272533, -0.059777, -0.4994, -0.499892, -0.444046]
  [-0.271826, -0.059865, -0.4994, -0.499945, -0.444044]
  [-0.271764, -0.059899, -0.4994, -0.499932, -0.444162]
  [-0.272225, -0.059844, -0.499401, -0.499931, -0.44387]
  [-0.272416, -0.059715, -0.4994, -0.499946, -0.443845]
  [-0.271598, -0.059825, -0.4994, -0.49995, -0.443905]
  [-0.272479, -0.059813, -0.4994, -0.499955, -0.443918]
  [-0.272208, -0.059903, -0.499401, -0.499992, -0.444086]
  [-0.271972, -0.059715, -0.4994, -0.499966, -0.443951]
  [-0.272229, -0.059757, -0.499401, -0.499953, -0.443917]
  [-0.271509, -0.059718, -0.4994, -0.499955, -0.44374]
  [-0.272397, -0.059892, -0.4994, -0.49999, -0.444013]
  [-0.271797, -0.059788, -0.4994, -0.499959, -0.443798]
  [-0.272253, -0.05988, -0.499401, -0.499981, -0.443918]
  [-0.27158, -0.059747, -0.499401, -0.499883, -0.443865]
  [-0.272339, -0.05984, -0.4994, -0.499992, -0.44413]
  [-0.271568, -0.059712, -0.499401, -0.499957, -0.44416]
  [-0.272319, -0.05981, -0.499401, -0.499915, -0.443734]
  [-0.271486, -0.059785, -0.499401, -0.499925, -0.443767]
  [-0.271451, -0.059906, -0.499401, -0.499987, -0.443696]
  [-0.271729, -0.05978, -0.499401, -0.499903, -0.443762]
  [-0.271716, -0.05981, -0.4994, -0.49996, -0.443856]
  [-0.271545, -0.059696, -0.499401, -0.499909, -0.443768]
  [-0.271692, -0.059825, -0.499401, -0.499932, -0.443926]
  [-0.272109, -0.059883, -0.4994, -0.499908, -0.4441]
  [-0.272153, -0.059754, -0.4994, -0.499897, -0.444068]
  [-0.271812, -0.059805, -0.4994, -0.499964, -0.443734]
  [-0.27158, -0.059701, -0.4994, -0.499981, -0.443852]
  [-0.272149, -0.059716, -0.499401, -0.499912, -0.444086]
  [-0.271543, -0.059861, -0.499401, -0.499886, -0.444153]
  [-0.272066, -0.059761, -0.499401, -0.499924, -0.443756]
  [-0.271964, -0.059851, -0.4994, -0.499892, -0.443972]
  [-0.272427, -0.059703, -0.499401, -0.499923, -0.444055]
  [-0.271829, -0.059805, -0.499401, -0.499883, -0.443938]
  [-0.272439, -0.059891, -0.499401, -0.499929, -0.443871]
  [-0.272222, -0.059746, -0.4994, -0.499976, -0.444129]
  [-0.272366, -0.059736, -0.499401, -0.499911, -0.443949]
  [-0.272447, -0.059745, -0.499401, -0.499981, -0.444085]
  [-0.272107, -0.059834, -0.4994, -0.49988, -0.444079]
  [-0.272487, -0.059885, -0.499401, -0.499991, -0.443985]
  [-0.271612, -0.059715, -0.499401, -0.49992, -0.444143]
  [-0.27239, -0.059724, -0.499401, -0.499908, -0.443996]
  [-0.272537, -0.059798, -0.4994, -0.499952, -0.444147]
  [-0.27153, -0.059855, -0.4994, -0.499921, -0.443905]
  [-0.272252, -0.059731, -0.4994, -0.499973, -0.443843]
  [-0.271854, -0.059766, -0.4994, -0.499915, -0.444011]
  [-0.272423, -0.059713, -0.499401, -0.49993, -0.443923]
  [-0.272484, -0.059692, -0.499401, -0.49995, -0.443979]
  [-0.272116, -0.05989, -0.499401, -0.499953, -0.443979]
  [-0.271643, -0.059808, -0.499401, -0.499974, -0.44396]
  [-0.271909, -0.059899, -0.499401, -0.499971, -0.4441]
  [-0.271508, -0.059821, -0.4994, -0.499893, -0.444122]
  [-0.272269, -0.059891, -0.499401, -0.499924, -0.443917]
  [-0.272288, -0.059873, -0.4994, -0.499974, -0.443948]
  [-0.271761, -0.059901, -0.499401, -0.499974, -0.444146]
  [-0.271939, -0.059777, -0.4994, -0.499946, -0.444162]
  [-0.272168, -0.059797, -0.499401, -0.499912, -0.444071]
  [-0.271815, -0.059853, -0.499401, -0.499889, -0.443904]
  [-0.272217, -0.059849, -0.4994, -0.499886, -0.443765]
  [-0.27242, -0.059725, -0.499401, -0.49991, -0.443771]
  [-0.272323, -0.059867, -0.499401, -0.499943, -0.443752]
  [-0.271873, -0.059768, -0.499401, -0.499916, -0.444075]
  [-0.271681, -0.059841, -0.499401, -0.499963, -0.444093]
  [-0.27191, -0.059865, -0.4994, -0.499911, -0.443872]
  [-0.272154, -0.059888, -0.4994, -0.499932, -0.444182]
  [-0.271438, -0.059759, -0.4994, -0.499999, -0.443872]
  [-0.271894, -0.059861, -0.499401, -0.499904, -0.443787]
  [-0.272063, -0.059718, -0.4994, -0.499886, -0.444137]
  [-0.272524, -0.059835, -0.499401, -0.499957, -0.443775]
  [-0.272174, -0.059708, -0.499401, -0.499945, -0.443958]
  [-0.272414, -0.059816, -0.4994, -0.49992, -0.443864]
  [-0.271752, -0.059888, -0.499401, -0.5, -0.444113]
  [-0.271478, -0.059714, -0.499401, -0.49993, -0.443832]
  [-0.272398, -0.059888, -0.499401, -0.499954, -0.444073]
  [-0.271947, -0.05978, -0.499401, -0.49998, -0.444167]
  [-0.272069, -0.059772, -0.499401, -0.499974, -0.443698]
  [-0.271498, -0.0598, -0.4994, -0.499905, -0.443966]
  [-0.271654, -0.059906, -0.4994, -0.499936, -0.443886]
  [-0.272173, -0.059801, -0.499401, -0.499948, -0.444056]
  [-0.271646, -0.059738, -0.4994, -0.49996, -0.443749]
  [-0.271818, -0.059706, -0.499401, -0.499889, -0.443793]
  [-0.271543, -0.059857, -0.499401, -0.499985, -0.443971]
  [-0.272427, -0.059813, -0.4994, -0.499965, -0.443908]
  [-0.271965, -0.059823, -0.499401, -0.499983, -0.444083]
  [-0.271433, -0.059842, -0.499401, -0.499893, -0.444043]
  [-0.271766, -0.059745, -0.4994, -0.499907, -0.443905]
  [-0.271538, -0.059894, -0.4994, -0.499984, -0.443726]
  [-0.271538, -0.059813, -0.4994, -0.499882, -0.443709]
  [-0.271751, -0.059705, -0.4994, -0.499925, -0.444124]
  [-0.272238, -0.059782, -0.4994, -0.499995, -0.444128]
  [-0.272554, -0.059725, -0.4994, -0.499927, -0.443716]
  [-0.27155, -0.059847, -0.499401, -0.499928, -0.443892]
  [-0.272449, -0.059881, -0.4994, -0.499954, -0.444056]
  [-0.272392, -0.059817, -0.499401, -0.499897, -0.443885]
  [-0.271697, -0.05981, -0.499401, -0.499878, -0.443748]
  [-0.271945, -0.059803, -0.499401, -0.499899, -0.443875]
  [-0.271855, -0.059803, -0.499401, -0.499976, -0.444023]
  [-0.272173, -0.059787, -0.499401, -0.499901, -0.443808]
  [-0.271985, -0.059722, -0.499401, -0.499898, -0.443973]
  [-0.271603, -0.059815, -0.4994, -0.499881, -0.444107]
  [-0.271898, -0.059737, -0.499401, -0.499964, -0.443853]
  [-0.271646, -0.059757, -0.499401, -0.499907, -0.443793]
  [-0.272253, -0.059721, -0.4994, -0.499904, -0.443798]
  [-0.271635, -0.05973, -0.4994, -0.499932, -0.444082]
  [-0.272158, -0.059712, -0.499401, -0.499943, -0.44396]
  [-0.271647, -0.05989, -0.499401, -0.499965, -0.443932]
  [-0.272498, -0.05973, -0.499401, -0.499963, -0.443934]
  [-0.272535, -0.059769, -0.499401, -0.499879, -0.444134]
  [-0.272412, -0.059886, -0.499401, -0.49994, -0.443721]
  [-0.272129, -0.059787, -0.4994, -0.499896, -0.444044]
  [-0.271575, -0.059854, -0.499401, -0.499919, -0.444031]
  [-0.272512, -0.05976, -0.4994, -0.499932, -0.44388]
  [-0.271643, -0.059797, -0.4994, -0.499907, -0.444091]
  [-0.271456, -0.059888, -0.4994, -0.499966, -0.443886]
  [-0.271624, -0.059835, -0.499401, -0.499974, -0.444088]
  [-0.271795, -0.059801, -0.4994, -0.499941, -0.443797]
  [-0.272192, -0.059854, -0.4994, -0.499939, -0.443877]
  [-0.271606, -0.05971, -0.4994, -0.499885, -0.444085]
  [-0.272081, -0.05974, -0.4994, -0.499934, -0.444137]
  [-0.271744, -0.059714, -0.4994, -0.49996, -0.443768]
  [-0.271948, -0.059801, -0.499401, -0.499943, -0.444056]
  [-0.272198, -0.059754, -0.499401, -0.499984, -0.443955]
  [-0.271938, -0.059846, -0.4994, -0.499907, -0.444114]
  [-0.271732, -0.059846, -0.499401, -0.499955, -0.443765]
  [-0.272087, -0.059894, -0.4994, -0.499991, -0.443984]
  [-0.272459, -0.059783, -0.499401, -0.499967, -0.443974]
  [-0.271452, -0.059696, -0.4994, -0.5, -0.443961]
  [-0.271957, -0.059746, -0.499401, -0.499981, -0.443817]
  [-0.271467, -0.059718, -0.499401, -0.49998, -0.443752]
  [-0.272386, -0.059858, -0.4994, -0.499978, -0.444168]
  [-0.272333, -0.05982, -0.499401, -0.499991, -0.444081]
  [-0.272435, -0.059831, -0.499401, -0.49989, -0.444121]
  [-0.271504, -0.05987, -0.499401, -0.499917, -0.444018]
  [-0.271992, -0.059824, -0.4994, -0.499938, -0.443914]
  [-0.271502, -0.059722, -0.4994, -0.49988, -0.443698]
  [-0.271531, -0.059792, -0.4994, -0.499925, -0.44414]
  [-0.272435, -0.059821, -0.4994, -0.499991, -0.443819]
  [-0.271925, -0.059856, -0.499401, -0.499882, -0.443812]
  [-0.272431, -0.059738, -0.4994, -0.499878, -0.44414]
  [-0.271543, -0.059858, -0.4994, -0.499978, -0.444001]
  [-0.271772, -0.059903, -0.4994, -0.499981, -0.443888]
  [-0.272179, -0.059696, -0.499401, -0.499893, -0.443977]
  [-0.272195, -0.059821, -0.499401, -0.499978, -0.443733]
  [-0.272502, -0.059696, -0.499401, -0.499903, -0.444109]
  [-0.271761, -0.059758, -0.4994, -0.499948, -0.443705]
  [-0.271714, -0.059842, -0.499401, -0.499968, -0.443956]
  [-0.271741, -0.059729, -0.4994, -0.499973, -0.443926]
  [-0.272078, -0.059815, -0.499401, -0.499904, -0.443981]
  [-0.272109, -0.05987, -0.499401, -0.499978, -0.444057]
  [-0.271756, -0.059882, -0.499401, -0.499993, -0.443892]
  [-0.272008, -0.05973, -0.499401, -0.499943, -0.443985]
  [-0.272378, -0.059841, -0.4994, -0.499942, -0.443726]
  [-0.272033, -0.059703, -0.4994, -0.499926, -0.443996]
  [-0.271599, -0.059802, -0.4994, -0.499971, -0.444029]
  [-0.271877, -0.059889, -0.499401, -0.499892, -0.444173]
  [-0.272129, -0.059796, -0.499401, -0.499927, -0.44385]
  [-0.272145, -0.059767, -0.499401, -0.499957, -0.443905]
  [-0.272392, -0.059813, -0.4994, -0.499891, -0.444153]
  [-0.271573, -0.059885, -0.499401, -0.499919, -0.443834]
  [-0.271704, -0.059799, -0.499401, -0.499914, -0.444153]
  [-0.272318, -0.059874, -0.4994, -0.499944, -0.44393]
  [-0.272042, -0.059738, -0.4994, -0.499945, -0.443978]
  [-0.271499, -0.059824, -0.499401, -0.499931, -0.443843]
  [-0.27236, -0.059846, -0.4994, -0.4999, -0.443735]
  [-0.272032, -0.059736, -0.4994, -0.499965, -0.44417]
  [-0.271479, -0.059907, -0.499401, -0.499976, -0.443885]
  [-0.272105, -0.059828, -0.4994, -0.499987, -0.443833]
  [-0.271789, -0.059867, -0.499401, -0.49999, -0.444076]
  [-0.272179, -0.059766, -0.499401, -0.499918, -0.443765]
  [-0.271648, -0.059865, -0.4994, -0.499988, -0.443866]
  [-0.271596, -0.059781, -0.4994, -0.49998, -0.44374]
  [-0.272397, -0.059772, -0.4994, -0.499919, -0.44413]
  [-0.272143, -0.059853, -0.4994, -0.49991, -0.444041]
  [-0.271788, -0.059693, -0.499401, -0.499983, -0.443944]
  [-0.272331, -0.059735, -0.4994, -0.499918, -0.443706]
  [-0.272273, -0.05979, -0.4994, -0.499911, -0.444018]
  [-0.271662, -0.059709, -0.499401, -0.499976, -0.443881]
  [-0.272075, -0.05984, -0.499401, -0.499932, -0.444061]
  [-0.272456, -0.059846, -0.499401, -0.499902, -0.443933]
  [-0.271888, -0.059896, -0.499401, -0.499944, -0.443839]
  [-0.271549, -0.059895, -0.499401, -0.499935, -0.443783]
  [-0.271654, -0.05978, -0.4994, -0.499993, -0.444162]
  [-0.271574, -0.05987, -0.499401, -0.499954, -0.44381]
  [-0.27165, -0.059905, -0.499401, -0.499905, -0.443901]
  [-0.271532, -0.059772, -0.4994, -0.499904, -0.44374]
  [-0.272318, -0.059762, -0.499401, -0.499999, -0.443829]
  [-0.271933, -0.059716, -0.499401, -0.499982, -0.443888]
  [-0.27221, -0.059827, -0.4994, -0.499906, -0.443708]
  [-0.272132, -0.059844, -0.499401, -0.499921, -0.443857]
  [-0.272139, -0.05985, -0.499401, -0.499954, -0.443866]
  [-0.272032, -0.059797, -0.4994, -0.499882, -0.443808]
  [-0.271796, -0.059703, -0.4994, -0.49992, -0.443728]
  [-0.272456, -0.059798, -0.4994, -0.499999, -0.443907]
  [-0.27205, -0.059869, -0.4994, -0.499878, -0.444009]
  [-0.272448, -0.059791, -0.4994, -0.499941, -0.444167]
  [-0.272546, -0.059734, -0.499401, -0.499925, -0.443716]
  [-0.271749, -0.059731, -0.499401, -0.499938, -0.444007]
  [-0.271434, -0.059764, -0.499401, -0.499959, -0.444123]
  [-0.271763, -0.05981, -0.4994, -0.499883, -0.443713]
  [-0.272262, -0.059867, -0.4994, -0.499878, -0.443929]
  [-0.27144, -0.059763, -0.4994, -0.499973, -0.444143]
  [-0.271439, -0.059763, -0.4994, -0.499974, -0.444142]
  [-0.27144, -0.059763, -0.4994, -0.499974, -0.444143]
  [-0.27144, -0.059763, -0.4994, -0.499973, -0.444142]
  [-0.271439, -0.059763, -0.4994, -0.499974, -0.444144]
  [-0.271439, -0.059763, -0.4994, -0.499974, -0.444143]
  [-0.271441, -0.059763, -0.4994, -0.499973, -0.444143]
  [-0.27144, -0.059763, -0.4994, -0.499973, -0.444144]
  [-0.271441, -0.059763, -0.4994, -0.499973, -0.444144]
  [-0.271439, -0.059763, -0.4994, -0.499973, -0.444144]
  [-0.27144, -0.059763, -0.4994, -0.499974, -0.444144]
  [-0.27144, -0.059763, -0.4994, -0.499974, -0.444142]
  [-0.271439, -0.059763, -0.4994, -0.499973, -0.444142]
  [-0.271441, -0.059763, -0.4994, -0.499973, -0.444142]
  [-0.271441, -0.059763, -0.4994, -0.499974, -0.444144]
  [-0.271439, -0.059763, -0.4994, -0.499973, -0.444143]
  [-0.271441, -0.059763, -0.4994, -0.499974, -0.444143]
