Status: violated
Adversarial inputs found:
  [-0.240019, -0.047374, -0.49863, -0.457329, -0.464338]
  [-0.249718, -0.054721, -0.498523, -0.454708, -0.391288]
  [-0.245944, -0.026087, -0.498862, -0.4679, -0.385639]
  [-0.230688, -0.038896, -0.4998, -0.471017, -0.43193]
  [-0.247823, -0.04417, -0.498904, -0.49169, -0.453188]
  [-0.227442, -0.035364, -0.499612, -0.495091, -0.432178]
  [-0.254033, -0.051212, -0.498891, -0.482483, -0.37527]
  [-0.282128, -0.035316, -0.499207, -0.464857, -0.41084]
  [-0.287934, -0.048446, -0.499781, -0.49371, -0.498969]
  [-0.254448, -0.030619, -0.498875, -0.498025, -0.400533]
  [-0.240032, -0.024244, -0.499536, -0.489992, -0.396617]
  [-0.214238, -0.035258, -0.499279, -0.489696, -0.393191]
  [-0.272944, -0.057979, -0.498788, -0.488174, -0.39791]
  [-0.279174, -0.030895, -0.4986, -0.456741, -0.436488]
  [-0.251579, -0.030905, -0.499473, -0.479774, -0.464657]
  [-0.217748, -0.053089, -0.499903, -0.470847, -0.425442]
  [-0.253209, -0.041938, -0.498735, -0.48, -0.421787]
  [-0.233996, -0.036991, -0.499056, -0.481651, -0.471458]
  [-0.263372, -0.051965, -0.499088, -0.468229, -0.451361]
  [-0.238565, -0.046966, -0.499551, -0.489432, -0.436478]
  [-0.284398, -0.032378, -0.499288, -0.484513, -0.492205]
  [-0.244698, -0.045014, -0.499689, -0.46353, -0.450885]
  [-0.247069, -0.035426, -0.499218, -0.463668, -0.469281]
  [-0.220188, -0.036726, -0.498896, -0.490991, -0.468344]
  [-0.267419, -0.038753, -0.498976, -0.492442, -0.38372]
  [-0.257255, -0.040171, -0.498734, -0.459426, -0.416291]
  [-0.284756, -0.029072, -0.498449, -0.491941, -0.472471]
  [-0.215158, -0.038737, -0.49913, -0.478118, -0.465435]
  [-0.285559, -0.040536, -0.498638, -0.4969, -0.398642]
  [-0.259928, -0.025132, -0.499511, -0.488446, -0.459091]
  [-0.293411, -0.049527, -0.499908, -0.464626, -0.434552]
  [-0.260144, -0.028075, -0.498722, -0.49078, -0.451547]
  [-0.227529, -0.059222, -0.499457, -0.485877, -0.488152]
  [-0.220853, -0.033302, -0.498848, -0.469125, -0.39796]
  [-0.256957, -0.046144, -0.49985, -0.468671, -0.479563]
  [-0.282052, -0.038338, -0.49952, -0.473052, -0.420519]
  [-0.275068, -0.058966, -0.499869, -0.482554, -0.482425]
  [-0.247007, -0.061118, -0.498838, -0.472482, -0.461044]
  [-0.222296, -0.060741, -0.49914, -0.476842, -0.496418]
  [-0.273255, -0.051348, -0.498582, -0.462578, -0.405695]
  [-0.291693, -0.062098, -0.498894, -0.490994, -0.461681]
  [-0.282339, -0.033588, -0.498806, -0.499023, -0.452255]
  [-0.269348, -0.04526, -0.499216, -0.499479, -0.482149]
  [-0.278419, -0.045578, -0.499343, -0.492228, -0.473198]
  [-0.260418, -0.034747, -0.498647, -0.459905, -0.378576]
  [-0.283976, -0.041206, -0.499123, -0.497075, -0.39835]
  [-0.213821, -0.061519, -0.499377, -0.476354, -0.426807]
  [-0.29225, -0.055659, -0.499849, -0.475928, -0.450545]
  [-0.236508, -0.025795, -0.499343, -0.467897, -0.447024]
  [-0.215196, -0.054485, -0.498878, -0.477044, -0.426291]
  [-0.241005, -0.03191, -0.499367, -0.489282, -0.451508]
  [-0.283036, -0.030773, -0.499817, -0.45837, -0.39863]
  [-0.277578, -0.048254, -0.499352, -0.463265, -0.444794]
  [-0.242929, -0.040922, -0.49942, -0.465166, -0.466725]
  [-0.236695, -0.05536, -0.499398, -0.46462, -0.45428]
  [-0.259736, -0.063335, -0.499405, -0.46118, -0.415552]
  [-0.23936, -0.043812, -0.499269, -0.499189, -0.482841]
  [-0.231141, -0.032324, -0.498617, -0.46297, -0.478028]
  [-0.277165, -0.025481, -0.498958, -0.463069, -0.450345]
  [-0.273295, -0.022344, -0.499791, -0.491036, -0.395602]
  [-0.258772, -0.05564, -0.498892, -0.474714, -0.430008]
  [-0.282586, -0.040542, -0.498567, -0.478446, -0.470028]
  [-0.293054, -0.023382, -0.499333, -0.465494, -0.417091]
  [-0.22887, -0.034764, -0.498839, -0.463456, -0.467156]
  [-0.256552, -0.035443, -0.498581, -0.464146, -0.427553]
  [-0.29381, -0.051039, -0.499615, -0.476146, -0.431272]
  [-0.277248, -0.053659, -0.49882, -0.461512, -0.423162]
  [-0.227809, -0.030804, -0.499785, -0.467001, -0.486936]
  [-0.249788, -0.040552, -0.499112, -0.468719, -0.425135]
  [-0.246042, -0.046678, -0.499395, -0.499642, -0.376949]
  [-0.279063, -0.047098, -0.499246, -0.4817, -0.395978]
  [-0.284842, -0.044938, -0.498461, -0.460673, -0.421931]
  [-0.242223, -0.038493, -0.499106, -0.457956, -0.379488]
  [-0.256537, -0.0407, -0.499716, -0.454712, -0.426588]
  [-0.269036, -0.038487, -0.498775, -0.494939, -0.424924]
  [-0.26098, -0.05779, -0.499892, -0.465536, -0.454897]
  [-0.26305, -0.061797, -0.499533, -0.471049, -0.392435]
  [-0.227744, -0.027624, -0.499917, -0.497445, -0.43692]
  [-0.288954, -0.054108, -0.499204, -0.454796, -0.471031]
  [-0.273244, -0.050811, -0.499601, -0.475416, -0.475698]
  [-0.267404, -0.057264, -0.49862, -0.494284, -0.399986]
  [-0.229525, -0.032012, -0.498569, -0.475202, -0.465091]
  [-0.252336, -0.033708, -0.499224, -0.476621, -0.463885]
  [-0.250357, -0.062194, -0.498976, -0.468508, -0.377755]
  [-0.279458, -0.036759, -0.498434, -0.492302, -0.471307]
  [-0.240286, -0.048632, -0.499516, -0.477213, -0.481415]
  [-0.220504, -0.032424, -0.499483, -0.470079, -0.457116]
  [-0.24556, -0.045964, -0.498787, -0.455355, -0.406621]
  [-0.249325, -0.031551, -0.499371, -0.462123, -0.457756]
  [-0.242217, -0.024012, -0.49903, -0.455658, -0.431865]
  [-0.269868, -0.047413, -0.499835, -0.473756, -0.385228]
  [-0.262824, -0.036382, -0.498837, -0.469135, -0.486797]
  [-0.250029, -0.042864, -0.499564, -0.458885, -0.470138]
  [-0.234351, -0.040341, -0.49893, -0.460625, -0.495657]
  [-0.214465, -0.061366, -0.499077, -0.480703, -0.441714]
  [-0.265773, -0.045697, -0.498831, -0.455232, -0.452678]
  [-0.287331, -0.033799, -0.499908, -0.487561, -0.442957]
  [-0.290008, -0.029943, -0.498787, -0.47024, -0.481201]
  [-0.237567, -0.028075, -0.499362, -0.476851, -0.386753]
  [-0.283428, -0.051605, -0.498431, -0.478201, -0.437332]
  [-0.279345, -0.041952, -0.499005, -0.496247, -0.381068]
  [-0.23541, -0.02443, -0.49876, -0.49, -0.430624]
  [-0.224471, -0.059685, -0.499129, -0.473738, -0.480899]
  [-0.278285, -0.040076, -0.499119, -0.485433, -0.460895]
  [-0.219616, -0.030357, -0.498759, -0.483781, -0.444967]
  [-0.275154, -0.041861, -0.49853, -0.469623, -0.498318]
  [-0.248378, -0.024847, -0.498662, -0.492935, -0.387912]
  [-0.22693, -0.048864, -0.499532, -0.498511, -0.465012]
  [-0.218662, -0.051131, -0.498804, -0.461635, -0.422369]
  [-0.287109, -0.044734, -0.499935, -0.456089, -0.411669]
  [-0.273185, -0.024973, -0.499953, -0.48193, -0.418921]
  [-0.288374, -0.044288, -0.498963, -0.484134, -0.384609]
  [-0.224387, -0.047768, -0.499275, -0.457307, -0.487536]
  [-0.253549, -0.025126, -0.499202, -0.482239, -0.454416]
  [-0.216062, -0.047718, -0.499346, -0.481257, -0.499109]
  [-0.282201, -0.036285, -0.499476, -0.491599, -0.376249]
  [-0.288451, -0.024806, -0.499623, -0.462462, -0.478165]
  [-0.254434, -0.049287, -0.499065, -0.457122, -0.394796]
  [-0.231878, -0.030278, -0.499901, -0.479618, -0.390842]
  [-0.230185, -0.035892, -0.498775, -0.473976, -0.45771]
  [-0.273879, -0.05613, -0.498975, -0.456889, -0.409605]
  [-0.220094, -0.062229, -0.498716, -0.470902, -0.476582]
  [-0.254111, -0.049449, -0.49892, -0.488819, -0.48891]
  [-0.247369, -0.045254, -0.498618, -0.488346, -0.493301]
  [-0.219744, -0.032717, -0.499871, -0.464524, -0.488004]
  [-0.239821, -0.058147, -0.499653, -0.494694, -0.412874]
  [-0.266903, -0.031332, -0.49987, -0.468389, -0.407852]
  [-0.228525, -0.058076, -0.498566, -0.472358, -0.476069]
  [-0.218576, -0.041764, -0.498736, -0.48539, -0.382842]
  [-0.215987, -0.058288, -0.499803, -0.460969, -0.438573]
  [-0.265452, -0.055339, -0.498692, -0.458247, -0.494492]
  [-0.273099, -0.054303, -0.49913, -0.469902, -0.434939]
  [-0.286457, -0.047039, -0.499755, -0.464622, -0.445947]
  [-0.267411, -0.026754, -0.498936, -0.499518, -0.446715]
  [-0.245172, -0.059566, -0.499509, -0.492709, -0.454332]
  [-0.282207, -0.047373, -0.499924, -0.473594, -0.434031]
  [-0.22401, -0.032688, -0.499988, -0.474957, -0.3787]
  [-0.236357, -0.059295, -0.499694, -0.484762, -0.460422]
  [-0.255689, -0.062087, -0.499712, -0.481751, -0.439705]
  [-0.213108, -0.031735, -0.499135, -0.478697, -0.385822]
  [-0.280712, -0.028588, -0.499529, -0.459595, -0.391922]
  [-0.225849, -0.057322, -0.499171, -0.489025, -0.424263]
  [-0.293036, -0.030735, -0.499933, -0.473916, -0.425097]
  [-0.253931, -0.036449, -0.498421, -0.473919, -0.487355]
  [-0.288023, -0.047458, -0.499849, -0.499447, -0.415653]
  [-0.27861, -0.048564, -0.499977, -0.483247, -0.394032]
  [-0.257007, -0.047665, -0.498691, -0.480934, -0.436125]
  [-0.215396, -0.043906, -0.498499, -0.499251, -0.386696]
  [-0.245806, -0.04707, -0.498571, -0.463181, -0.490922]
  [-0.294067, -0.03517, -0.499585, -0.493053, -0.436306]
  [-0.255257, -0.04356, -0.498771, -0.487457, -0.385346]
  [-0.286598, -0.029029, -0.499507, -0.49921, -0.472122]
  [-0.282411, -0.035135, -0.499742, -0.465453, -0.492689]
  [-0.2848, -0.044251, -0.499244, -0.470412, -0.449904]
  [-0.291321, -0.023808, -0.499304, -0.497096, -0.48437]
  [-0.252675, -0.047023, -0.498757, -0.457054, -0.475957]
  [-0.222022, -0.058067, -0.498992, -0.460912, -0.4893]
  [-0.259304, -0.037829, -0.498743, -0.499634, -0.487942]
  [-0.235675, -0.056841, -0.499514, -0.495233, -0.421585]
  [-0.224542, -0.033414, -0.499637, -0.4589, -0.422234]
  [-0.28451, -0.050313, -0.498869, -0.496766, -0.425915]
  [-0.264631, -0.046426, -0.499836, -0.461103, -0.459902]
  [-0.225965, -0.058598, -0.499846, -0.499346, -0.48532]
  [-0.264838, -0.037241, -0.499034, -0.460469, -0.46085]
  [-0.238151, -0.060741, -0.499357, -0.481083, -0.477776]
  [-0.23853, -0.026101, -0.498672, -0.489472, -0.391885]
  [-0.223046, -0.047767, -0.49875, -0.455932, -0.414272]
  [-0.23816, -0.034577, -0.499846, -0.463105, -0.440755]
  [-0.242694, -0.060985, -0.498674, -0.499145, -0.395547]
  [-0.257751, -0.040924, -0.498656, -0.458833, -0.432832]
  [-0.270408, -0.052387, -0.499837, -0.469819, -0.494233]
  [-0.21662, -0.032097, -0.4986, -0.490401, -0.436475]
  [-0.25824, -0.026236, -0.498827, -0.481963, -0.462029]
  [-0.256649, -0.050596, -0.499366, -0.484096, -0.385044]
  [-0.269905, -0.024156, -0.499997, -0.462467, -0.446918]
  [-0.282893, -0.040377, -0.499915, -0.460062, -0.442691]
  [-0.236088, -0.02688, -0.498949, -0.469951, -0.38041]
  [-0.242829, -0.06074, -0.498853, -0.462954, -0.426803]
  [-0.276982, -0.045092, -0.499373, -0.491731, -0.488517]
  [-0.227275, -0.047741, -0.49887, -0.470556, -0.408116]
  [-0.251196, -0.025773, -0.498892, -0.470288, -0.478402]
  [-0.294299, -0.045102, -0.498961, -0.487901, -0.466202]
  [-0.226256, -0.047138, -0.499024, -0.491072, -0.455565]
  [-0.277107, -0.04886, -0.499898, -0.494418, -0.49733]
  [-0.268109, -0.062286, -0.498786, -0.469454, -0.424656]
  [-0.270288, -0.032438, -0.499244, -0.485317, -0.473465]
  [-0.269245, -0.052023, -0.499384, -0.497076, -0.465044]
  [-0.28074, -0.042769, -0.499601, -0.467393, -0.406473]
  [-0.272113, -0.06123, -0.499076, -0.457913, -0.42469]
  [-0.227187, -0.038909, -0.498778, -0.459546, -0.485725]
  [-0.289752, -0.034238, -0.499888, -0.479263, -0.479049]
  [-0.269662, -0.058237, -0.499898, -0.471045, -0.407628]
  [-0.255574, -0.044966, -0.499943, -0.459449, -0.439697]
  [-0.221146, -0.05603, -0.499232, -0.477155, -0.386701]
  [-0.228952, -0.056076, -0.499879, -0.480556, -0.384873]
  [-0.260704, -0.041732, -0.499976, -0.465608, -0.450309]
  [-0.221949, -0.023249, -0.499558, -0.490485, -0.496058]
  [-0.223522, -0.026445, -0.498572, -0.489973, -0.42515]
  [-0.250113, -0.051414, -0.499534, -0.45746, -0.478801]
  [-0.233834, -0.060337, -0.498791, -0.482898, -0.410481]
  [-0.292436, -0.032893, -0.498409, -0.4558, -0.469389]
  [-0.261509, -0.040174, -0.499753, -0.469297, -0.487047]
  [-0.285307, -0.05944, -0.499544, -0.493028, -0.417342]
  [-0.275782, -0.035333, -0.499093, -0.463427, -0.431734]
  [-0.276236, -0.058829, -0.499129, -0.494356, -0.413548]
  [-0.240996, -0.046732, -0.499424, -0.464698, -0.494556]
  [-0.255856, -0.047155, -0.499546, -0.487427, -0.49877]
  [-0.294439, -0.06125, -0.498504, -0.488455, -0.394033]
  [-0.234129, -0.053474, -0.499774, -0.475433, -0.485257]
  [-0.249262, -0.060781, -0.49879, -0.46649, -0.377152]
  [-0.248037, -0.062998, -0.499998, -0.489142, -0.409674]
  [-0.218038, -0.041894, -0.498584, -0.472116, -0.386104]
  [-0.245447, -0.03856, -0.499071, -0.476295, -0.437512]
  [-0.220149, -0.041301, -0.499102, -0.456813, -0.462347]
  [-0.212368, -0.032268, -0.499529, -0.464303, -0.485816]
  [-0.237831, -0.038465, -0.498811, -0.486213, -0.469399]
  [-0.281619, -0.036887, -0.499135, -0.474856, -0.499131]
  [-0.273093, -0.026495, -0.499274, -0.484696, -0.441781]
  [-0.237853, -0.042832, -0.499376, -0.489725, -0.397506]
  [-0.21744, -0.037002, -0.499557, -0.489595, -0.424905]
  [-0.284551, -0.044272, -0.498855, -0.468414, -0.457545]
  [-0.249875, -0.051448, -0.498526, -0.459783, -0.39376]
  [-0.260881, -0.0349, -0.4989, -0.468141, -0.427206]
  [-0.264962, -0.054431, -0.498529, -0.478416, -0.400138]
  [-0.216528, -0.039102, -0.498729, -0.489769, -0.400475]
  [-0.254607, -0.054265, -0.499921, -0.48736, -0.384486]
  [-0.231634, -0.029484, -0.499236, -0.462855, -0.424031]
  [-0.246314, -0.04243, -0.499729, -0.475216, -0.416739]
  [-0.245991, -0.038001, -0.499348, -0.469877, -0.43819]
  [-0.254615, -0.037661, -0.499596, -0.469399, -0.401665]
  [-0.294166, -0.046965, -0.499758, -0.467631, -0.45971]
  [-0.247237, -0.026824, -0.498737, -0.468601, -0.487388]
  [-0.294793, -0.037261, -0.498823, -0.483017, -0.49365]
  [-0.237535, -0.044596, -0.499656, -0.488447, -0.385754]
  [-0.282839, -0.041335, -0.499395, -0.467186, -0.475763]
  [-0.290599, -0.061337, -0.499903, -0.47443, -0.402795]
  [-0.223033, -0.063521, -0.499265, -0.463749, -0.497842]
  [-0.284366, -0.058754, -0.499034, -0.482127, -0.483681]
  [-0.26587, -0.050914, -0.498904, -0.499919, -0.410565]
  [-0.264714, -0.02611, -0.499488, -0.465701, -0.447005]
  [-0.271762, -0.057616, -0.498956, -0.496464, -0.441836]
  [-0.268086, -0.0413, -0.499522, -0.498383, -0.411522]
  [-0.275699, -0.053429, -0.499447, -0.455188, -0.466987]
  [-0.294745, -0.031992, -0.498539, -0.469384, -0.493289]
  [-0.212264, -0.052268, -0.499977, -0.464389, -0.405781]
  [-0.237052, -0.027148, -0.499137, -0.485925, -0.413801]
  [-0.261274, -0.050513, -0.499798, -0.457962, -0.486581]
  [-0.287813, -0.051973, -0.498648, -0.478126, -0.466016]
  [-0.250276, -0.056419, -0.49975, -0.478673, -0.427828]
  [-0.246654, -0.052209, -0.499269, -0.496424, -0.417426]
  [-0.230294, -0.029269, -0.499841, -0.462863, -0.481211]
  [-0.254063, -0.044089, -0.499372, -0.496275, -0.439361]
  [-0.253374, -0.035417, -0.49884, -0.481888, -0.482562]
  [-0.274905, -0.034023, -0.5, -0.482464, -0.477407]
  [-0.213406, -0.057433, -0.499537, -0.481235, -0.436553]
  [-0.219611, -0.056098, -0.499762, -0.467649, -0.494835]
  [-0.266805, -0.037263, -0.499374, -0.499773, -0.424473]
  [-0.224429, -0.054386, -0.498825, -0.486724, -0.434842]
  [-0.266221, -0.043058, -0.499349, -0.467311, -0.480478]
  [-0.236055, -0.041576, -0.498497, -0.485547, -0.387784]
  [-0.235224, -0.055359, -0.498923, -0.472472, -0.469253]
  [-0.224154, -0.028684, -0.499252, -0.491918, -0.413932]
  [-0.221671, -0.038913, -0.499714, -0.454696, -0.463052]
  [-0.290789, -0.03753, -0.498938, -0.463136, -0.439836]
  [-0.253001, -0.024631, -0.499603, -0.486016, -0.472543]
  [-0.268926, -0.058359, -0.49906, -0.465276, -0.491579]
  [-0.251557, -0.038427, -0.49868, -0.458292, -0.391372]
  [-0.291631, -0.039213, -0.499359, -0.498817, -0.48011]
  [-0.258734, -0.048971, -0.499104, -0.463897, -0.482049]
  [-0.229154, -0.054838, -0.498721, -0.49261, -0.464053]
  [-0.255902, -0.051968, -0.499622, -0.499058, -0.469336]
  [-0.249708, -0.062955, -0.499196, -0.499909, -0.469335]
  [-0.229524, -0.038448, -0.498878, -0.46042, -0.380825]
  [-0.293747, -0.02282, -0.498887, -0.478378, -0.419192]
  [-0.213431, -0.023867, -0.499377, -0.480448, -0.42067]
  [-0.240188, -0.035139, -0.499165, -0.490473, -0.428645]
  [-0.260408, -0.061832, -0.499814, -0.490215, -0.477867]
  [-0.256579, -0.027444, -0.498427, -0.463855, -0.409423]
  [-0.262652, -0.062076, -0.49936, -0.47588, -0.400402]
  [-0.219441, -0.032038, -0.498498, -0.467148, -0.383343]
  [-0.269272, -0.02639, -0.499063, -0.495323, -0.493061]
  [-0.239601, -0.061823, -0.499331, -0.483585, -0.45285]
  [-0.25544, -0.026581, -0.499165, -0.473687, -0.396859]
  [-0.252921, -0.056896, -0.499972, -0.495128, -0.467952]
  [-0.280222, -0.027771, -0.499287, -0.471002, -0.498488]
  [-0.241354, -0.024959, -0.499746, -0.495891, -0.437715]
  [-0.260768, -0.050514, -0.49966, -0.46374, -0.476121]
  [-0.212845, -0.034609, -0.499631, -0.481846, -0.46454]
  [-0.274609, -0.044755, -0.499385, -0.475073, -0.460177]
  [-0.284561, -0.05573, -0.49865, -0.467182, -0.456697]
  [-0.260755, -0.027842, -0.498575, -0.458682, -0.482608]
  [-0.228897, -0.048044, -0.498773, -0.459085, -0.456408]
  [-0.28248, -0.03002, -0.499486, -0.463998, -0.457116]
  [-0.212837, -0.025351, -0.498427, -0.45741, -0.403516]
  [-0.21493, -0.030027, -0.499466, -0.478068, -0.424885]
  [-0.252368, -0.051292, -0.499251, -0.480637, -0.415967]
  [-0.22616, -0.055518, -0.498584, -0.466838, -0.419791]
  [-0.213819, -0.038768, -0.498819, -0.495708, -0.442608]
  [-0.234699, -0.032887, -0.499987, -0.457197, -0.417783]
  [-0.285163, -0.042189, -0.498599, -0.455027, -0.396391]
  [-0.259321, -0.060263, -0.499065, -0.480089, -0.393134]
  [-0.235956, -0.038537, -0.498827, -0.458349, -0.416258]
  [-0.262922, -0.042228, -0.499506, -0.470969, -0.495303]
  [-0.233347, -0.032159, -0.499216, -0.487455, -0.402929]
  [-0.270146, -0.048933, -0.499746, -0.494053, -0.432945]
  [-0.21568, -0.027821, -0.499863, -0.479384, -0.421244]
  [-0.257702, -0.029472, -0.49845, -0.463085, -0.42933]
  [-0.28779, -0.034752, -0.499058, -0.487511, -0.451483]
  [-0.24752, -0.0329, -0.499053, -0.469688, -0.384947]
  [-0.222022, -0.063306, -0.499012, -0.487598, -0.479412]
  [-0.282291, -0.049457, -0.498824, -0.46676, -0.409642]
  [-0.225748, -0.047951, -0.498998, -0.467828, -0.496697]
  [-0.269661, -0.042189, -0.499227, -0.466627, -0.396047]
  [-0.294161, -0.044216, -0.499112, -0.466728, -0.438631]
  [-0.242119, -0.061633, -0.499093, -0.492421, -0.494436]
  [-0.216986, -0.032727, -0.498934, -0.46731, -0.466815]
  [-0.274485, -0.02618, -0.499891, -0.481077, -0.424707]
  [-0.228565, -0.039554, -0.498644, -0.462539, -0.454292]
  [-0.284854, -0.029888, -0.498646, -0.474826, -0.461963]
  [-0.227346, -0.044441, -0.499328, -0.491621, -0.476492]
  [-0.280093, -0.042692, -0.49995, -0.485726, -0.499915]
  [-0.237862, -0.044609, -0.499474, -0.481298, -0.425029]
  [-0.249378, -0.0532, -0.498753, -0.490114, -0.382976]
  [-0.232951, -0.031094, -0.499132, -0.495382, -0.461229]
  [-0.229432, -0.055771, -0.499948, -0.480676, -0.4929]
  [-0.275915, -0.023585, -0.498415, -0.487001, -0.472431]
  [-0.236582, -0.029786, -0.499538, -0.48408, -0.402538]
  [-0.23998, -0.040265, -0.498767, -0.480865, -0.387336]
  [-0.246056, -0.055075, -0.499099, -0.46825, -0.409545]
  [-0.275352, -0.046375, -0.499123, -0.456046, -0.386116]
  [-0.269035, -0.034811, -0.498612, -0.496045, -0.499188]
  [-0.258952, -0.029217, -0.499367, -0.485599, -0.434549]
  [-0.228506, -0.051399, -0.498422, -0.498381, -0.378076]
  [-0.2397, -0.058044, -0.499604, -0.461938, -0.410433]
  [-0.243411, -0.025588, -0.498792, -0.489368, -0.470798]
  [-0.213155, -0.056429, -0.499163, -0.460715, -0.497481]
  [-0.215187, -0.045013, -0.499299, -0.486962, -0.432096]
  [-0.223412, -0.051393, -0.498871, -0.479054, -0.41569]
  [-0.267533, -0.039245, -0.499398, -0.469757, -0.488565]
  [-0.233915, -0.029944, -0.49872, -0.487323, -0.398744]
  [-0.251677, -0.04071, -0.499956, -0.49991, -0.402196]
  [-0.235022, -0.040576, -0.499404, -0.493562, -0.424774]
  [-0.271968, -0.056193, -0.499055, -0.481209, -0.430239]
  [-0.274489, -0.059413, -0.499523, -0.474899, -0.438807]
  [-0.22805, -0.059219, -0.499839, -0.48264, -0.476048]
  [-0.288462, -0.059815, -0.498795, -0.456382, -0.404302]
  [-0.276875, -0.050762, -0.499924, -0.496728, -0.425799]
  [-0.221267, -0.045372, -0.498434, -0.496035, -0.456113]
  [-0.224401, -0.057746, -0.499374, -0.488654, -0.44948]
  [-0.260898, -0.022683, -0.498473, -0.474058, -0.47383]
  [-0.230709, -0.03424, -0.499834, -0.499308, -0.481872]
  [-0.263873, -0.044783, -0.49866, -0.475655, -0.43562]
  [-0.254571, -0.061798, -0.499414, -0.487647, -0.429913]
  [-0.241512, -0.03047, -0.499904, -0.468411, -0.445975]
  [-0.25642, -0.04094, -0.499518, -0.475201, -0.394136]
  [-0.224064, -0.037944, -0.498614, -0.483667, -0.395425]
  [-0.23773, -0.051423, -0.499609, -0.467233, -0.481898]
  [-0.287478, -0.06253, -0.499338, -0.493246, -0.449818]
  [-0.272685, -0.034687, -0.498981, -0.486111, -0.401842]
  [-0.227399, -0.061123, -0.499181, -0.486011, -0.466995]
  [-0.223553, -0.061676, -0.499264, -0.460886, -0.431394]
  [-0.257007, -0.044998, -0.498569, -0.462922, -0.475286]
  [-0.2444, -0.037526, -0.498586, -0.479129, -0.452466]
  [-0.213523, -0.037533, -0.499235, -0.487445, -0.393126]
  [-0.246782, -0.027878, -0.499104, -0.49074, -0.427502]
  [-0.224564, -0.048859, -0.499034, -0.454942, -0.497513]
  [-0.215736, -0.026842, -0.498994, -0.463961, -0.440601]
  [-0.227868, -0.055007, -0.499271, -0.467695, -0.450616]
  [-0.215471, -0.037611, -0.498741, -0.456399, -0.469393]
  [-0.226444, -0.057285, -0.499679, -0.459399, -0.394191]
  [-0.279508, -0.027976, -0.499099, -0.469634, -0.433831]
  [-0.271898, -0.032225, -0.498968, -0.494712, -0.435871]
  [-0.241284, -0.061099, -0.499716, -0.494337, -0.480986]
  [-0.286898, -0.03422, -0.498501, -0.461621, -0.398865]
  [-0.2196, -0.062266, -0.499311, -0.471772, -0.452093]
  [-0.226637, -0.040732, -0.499138, -0.463426, -0.420712]
  [-0.23036, -0.059863, -0.498991, -0.469171, -0.391351]
  [-0.279497, -0.044474, -0.499832, -0.493631, -0.38186]
  [-0.253407, -0.027441, -0.498928, -0.480246, -0.427531]
  [-0.232241, -0.037479, -0.498719, -0.475499, -0.441353]
  [-0.215086, -0.054127, -0.498802, -0.466045, -0.39371]
  [-0.292035, -0.063276, -0.498486, -0.47044, -0.461787]
  [-0.285196, -0.042275, -0.498804, -0.464588, -0.471186]
  [-0.2881, -0.061904, -0.498656, -0.475731, -0.431167]
  [-0.272395, -0.047651, -0.498954, -0.457742, -0.478318]
  [-0.242614, -0.030351, -0.499535, -0.498637, -0.435553]
  [-0.232124, -0.045393, -0.498507, -0.466944, -0.386976]
  [-0.24144, -0.048764, -0.499327, -0.485144, -0.456687]
  [-0.285584, -0.042377, -0.49922, -0.482919, -0.438972]
  [-0.27148, -0.043035, -0.499662, -0.482015, -0.471225]
  [-0.214171, -0.046247, -0.499312, -0.475685, -0.470207]
  [-0.226391, -0.02792, -0.499007, -0.457468, -0.449168]
  [-0.24956, -0.056077, -0.499263, -0.475271, -0.400739]
  [-0.241316, -0.024987, -0.499792, -0.492756, -0.496358]
  [-0.233638, -0.050733, -0.499774, -0.477784, -0.411268]
  [-0.258117, -0.057283, -0.49852, -0.480783, -0.497913]
  [-0.276286, -0.057939, -0.498817, -0.480082, -0.39023]
  [-0.218693, -0.030078, -0.499149, -0.493128, -0.452213]
  [-0.256624, -0.044298, -0.499749, -0.46655, -0.454384]
  [-0.269366, -0.049514, -0.499412, -0.473087, -0.398553]
  [-0.281418, -0.053525, -0.499167, -0.492947, -0.482584]
  [-0.234685, -0.060591, -0.4994, -0.457282, -0.44628]
  [-0.280865, -0.030478, -0.498747, -0.458713, -0.388446]
  [-0.24515, -0.050902, -0.499478, -0.48022, -0.460757]
  [-0.243099, -0.054092, -0.499022, -0.459399, -0.420455]
  [-0.228251, -0.034466, -0.498711, -0.484132, -0.430195]
  [-0.22508, -0.061213, -0.498789, -0.486556, -0.377233]
  [-0.288365, -0.028057, -0.498697, -0.461671, -0.473874]
  [-0.225246, -0.051556, -0.498871, -0.455693, -0.38389]
  [-0.25566, -0.048187, -0.499479, -0.455419, -0.390566]
  [-0.226298, -0.039482, -0.499665, -0.454876, -0.391633]
  [-0.214214, -0.042488, -0.49967, -0.491346, -0.38612]
  [-0.274642, -0.050545, -0.499946, -0.468224, -0.428776]
  [-0.287562, -0.036248, -0.499343, -0.497356, -0.384637]
  [-0.293714, -0.025782, -0.499304, -0.488299, -0.464869]
  [-0.294765, -0.039501, -0.498761, -0.468488, -0.379451]
  [-0.250652, -0.043532, -0.499534, -0.473247, -0.389973]
  [-0.214807, -0.061802, -0.498472, -0.465561, -0.394222]
  [-0.286251, -0.046632, -0.499925, -0.493277, -0.395086]
  [-0.24584, -0.043659, -0.499506, -0.474128, -0.377848]
  [-0.266463, -0.060771, -0.498775, -0.484772, -0.471738]
  [-0.292851, -0.062552, -0.49942, -0.456279, -0.391699]
  [-0.272011, -0.059813, -0.498721, -0.478838, -0.496839]
  [-0.241765, -0.043438, -0.498624, -0.499876, -0.407948]
  [-0.283507, -0.026994, -0.499142, -0.456582, -0.485635]
  [-0.257508, -0.039925, -0.498996, -0.455139, -0.482712]
  [-0.260059, -0.035846, -0.499737, -0.497533, -0.431306]
  [-0.246392, -0.055833, -0.499586, -0.465757, -0.397579]
  [-0.255991, -0.039662, -0.4988, -0.487175, -0.498036]
  [-0.249335, -0.05911, -0.499213, -0.462014, -0.474436]
  [-0.221202, -0.052183, -0.499219, -0.488374, -0.434827]
  [-0.223839, -0.022941, -0.498822, -0.474857, -0.438167]
  [-0.215032, -0.034813, -0.499781, -0.484757, -0.462624]
  [-0.280009, -0.036175, -0.499174, -0.454898, -0.454281]
  [-0.263733, -0.028146, -0.498885, -0.495832, -0.429175]
  [-0.242487, -0.063634, -0.4994, -0.476072, -0.478932]
  [-0.258744, -0.043588, -0.498906, -0.496556, -0.404554]
  [-0.261594, -0.052232, -0.499827, -0.472589, -0.496407]
  [-0.229071, -0.024681, -0.498848, -0.484594, -0.456077]
  [-0.212863, -0.031156, -0.499446, -0.485449, -0.408062]
  [-0.294925, -0.044091, -0.499961, -0.478626, -0.466323]
  [-0.22989, -0.044737, -0.499912, -0.46288, -0.384991]
  [-0.294214, -0.037089, -0.499542, -0.463824, -0.399225]
  [-0.215301, -0.041427, -0.49977, -0.493053, -0.382066]
  [-0.257674, -0.050284, -0.499041, -0.475227, -0.432296]
  [-0.254099, -0.062158, -0.499948, -0.460842, -0.400937]
  [-0.255598, -0.042534, -0.49965, -0.497753, -0.485344]
  [-0.23573, -0.042821, -0.498877, -0.476789, -0.470807]
  [-0.220297, -0.026587, -0.499874, -0.462195, -0.474837]
  [-0.258872, -0.043588, -0.499118, -0.459748, -0.451463]
  [-0.269249, -0.052033, -0.499384, -0.496977, -0.464999]
  [-0.269223, -0.052029, -0.499383, -0.497065, -0.464895]
  [-0.269293, -0.052015, -0.499383, -0.497081, -0.46504]
  [-0.26923, -0.052043, -0.499384, -0.497009, -0.465072]
  [-0.269274, -0.052037, -0.499384, -0.496902, -0.464935]
  [-0.269156, -0.052014, -0.499384, -0.496996, -0.465008]
  [-0.26918, -0.052004, -0.499384, -0.496903, -0.465011]
  [-0.269228, -0.05201, -0.499384, -0.497018, -0.464931]
  [-0.269163, -0.052036, -0.499384, -0.49703, -0.464987]
  [-0.26922, -0.052041, -0.499383, -0.496988, -0.464886]
  [-0.269176, -0.052038, -0.499382, -0.496869, -0.464884]
  [-0.269299, -0.052036, -0.499383, -0.49705, -0.464971]
  [-0.26918, -0.052, -0.499383, -0.496932, -0.464975]
  [-0.26916, -0.052032, -0.499384, -0.497002, -0.465019]
  [-0.269209, -0.05201, -0.499383, -0.496928, -0.464968]
  [-0.269254, -0.05201, -0.499383, -0.497048, -0.465014]
  [-0.26915, -0.052027, -0.499383, -0.496936, -0.465004]
  [-0.269249, -0.052, -0.499383, -0.497038, -0.464879]
  [-0.269144, -0.052037, -0.499383, -0.496971, -0.465023]
  [-0.269267, -0.052014, -0.499382, -0.497013, -0.464908]
  [-0.269291, -0.052009, -0.499383, -0.496933, -0.465016]
  [-0.269239, -0.052024, -0.499384, -0.497061, -0.465036]
  [-0.269241, -0.052017, -0.499384, -0.497047, -0.46505]
  [-0.269213, -0.052024, -0.499383, -0.497088, -0.464922]
  [-0.269139, -0.052041, -0.499384, -0.497039, -0.464885]
  [-0.269304, -0.052037, -0.499383, -0.497058, -0.465068]
  [-0.269163, -0.052001, -0.499383, -0.496937, -0.464903]
  [-0.269249, -0.052043, -0.499382, -0.497004, -0.464949]
  [-0.269157, -0.052043, -0.499382, -0.496928, -0.465033]
  [-0.269237, -0.052032, -0.499383, -0.497089, -0.464994]
  [-0.269287, -0.052015, -0.499383, -0.496991, -0.465063]
  [-0.269163, -0.052029, -0.499382, -0.496944, -0.464956]
  [-0.269271, -0.052017, -0.499383, -0.496974, -0.464953]
  [-0.269216, -0.052026, -0.499382, -0.497064, -0.464996]
  [-0.269157, -0.052014, -0.499383, -0.497062, -0.464987]
  [-0.26927, -0.052006, -0.499383, -0.496996, -0.464888]
  [-0.269188, -0.052019, -0.499382, -0.497077, -0.464931]
  [-0.26922, -0.052006, -0.499383, -0.496937, -0.464922]
  [-0.269218, -0.052011, -0.499383, -0.496954, -0.465046]
  [-0.269263, -0.052007, -0.499384, -0.497036, -0.464903]
  [-0.269215, -0.05203, -0.499383, -0.496876, -0.464931]
  [-0.269236, -0.052005, -0.499383, -0.497063, -0.464906]
  [-0.269156, -0.052007, -0.499383, -0.496978, -0.464956]
  [-0.269267, -0.052036, -0.499383, -0.497088, -0.465055]
  [-0.269164, -0.05202, -0.499383, -0.497045, -0.465043]
  [-0.269202, -0.052015, -0.499383, -0.497027, -0.464931]
  [-0.269189, -0.052001, -0.499384, -0.496853, -0.464894]
  [-0.269246, -0.052031, -0.499383, -0.496877, -0.465068]
  [-0.269199, -0.052006, -0.499382, -0.496914, -0.464933]
  [-0.269253, -0.052014, -0.499383, -0.49696, -0.465022]
  [-0.26926, -0.052001, -0.499384, -0.496942, -0.464913]
  [-0.269279, -0.052037, -0.499384, -0.497033, -0.465001]
  [-0.269306, -0.052021, -0.499382, -0.497084, -0.465058]
  [-0.269188, -0.052033, -0.499382, -0.496973, -0.464969]
  [-0.269266, -0.052007, -0.499384, -0.497054, -0.464926]
  [-0.269305, -0.052042, -0.499384, -0.497074, -0.465075]
  [-0.26923, -0.052003, -0.499383, -0.497026, -0.465066]
  [-0.269206, -0.052035, -0.499384, -0.496966, -0.464927]
  [-0.269224, -0.052033, -0.499383, -0.496995, -0.464984]
  [-0.269143, -0.052042, -0.499382, -0.497009, -0.464947]
  [-0.269186, -0.05202, -0.499383, -0.497079, -0.464971]
  [-0.269264, -0.052017, -0.499382, -0.496957, -0.465086]
  [-0.269264, -0.052028, -0.499383, -0.496923, -0.464932]
  [-0.269277, -0.052037, -0.499382, -0.496928, -0.464919]
  [-0.26924, -0.052003, -0.499384, -0.49691, -0.464975]
  [-0.269252, -0.052001, -0.499383, -0.497015, -0.465049]
  [-0.269279, -0.052037, -0.499383, -0.49697, -0.465078]
  [-0.269191, -0.052012, -0.499383, -0.496979, -0.464886]
  [-0.26924, -0.052024, -0.499383, -0.496977, -0.465023]
  [-0.269185, -0.052022, -0.499382, -0.496901, -0.464916]
  [-0.269207, -0.052024, -0.499384, -0.497045, -0.465068]
  [-0.269224, -0.052001, -0.499382, -0.496979, -0.465044]
  [-0.269217, -0.052017, -0.499383, -0.496873, -0.465009]
  [-0.269256, -0.052024, -0.499383, -0.496961, -0.465072]
  [-0.269252, -0.052042, -0.499382, -0.497037, -0.464974]
  [-0.269142, -0.052038, -0.499383, -0.497054, -0.465029]
  [-0.269202, -0.052026, -0.499384, -0.496955, -0.464999]
  [-0.269275, -0.05204, -0.499383, -0.496888, -0.464947]
  [-0.269162, -0.052024, -0.499383, -0.497037, -0.465]
  [-0.26921, -0.052009, -0.499382, -0.496973, -0.464947]
  [-0.269148, -0.052002, -0.499383, -0.496881, -0.465057]
  [-0.269192, -0.052032, -0.499383, -0.497015, -0.464931]
  [-0.269184, -0.052004, -0.499383, -0.496917, -0.464919]
  [-0.2692, -0.052009, -0.499384, -0.497056, -0.464958]
  [-0.269146, -0.052036, -0.499383, -0.496849, -0.464983]
  [-0.269256, -0.052033, -0.499384, -0.497049, -0.464945]
  [-0.269295, -0.052019, -0.499383, -0.496919, -0.465032]
  [-0.269234, -0.052018, -0.499384, -0.496982, -0.465009]
  [-0.269142, -0.052023, -0.499382, -0.497062, -0.465029]
  [-0.269243, -0.052042, -0.499382, -0.49698, -0.465024]
  [-0.269184, -0.052035, -0.499384, -0.496989, -0.464912]
  [-0.269225, -0.052002, -0.499382, -0.497052, -0.465071]
  [-0.269199, -0.052006, -0.499383, -0.49696, -0.465031]
  [-0.269216, -0.052037, -0.499384, -0.497019, -0.464943]
  [-0.269231, -0.05202, -0.499383, -0.497021, -0.465071]
  [-0.269168, -0.052032, -0.499384, -0.49695, -0.465028]
  [-0.269209, -0.052022, -0.499383, -0.497057, -0.464994]
  [-0.269167, -0.052005, -0.499382, -0.49704, -0.465049]
  [-0.269211, -0.052042, -0.499384, -0.497035, -0.464992]
  [-0.269184, -0.052009, -0.499384, -0.497077, -0.464956]
  [-0.269151, -0.052028, -0.499383, -0.496885, -0.46492]
  [-0.269165, -0.052021, -0.499383, -0.496853, -0.464969]
  [-0.269159, -0.052001, -0.499384, -0.497002, -0.465006]
  [-0.26927, -0.052032, -0.499384, -0.496962, -0.464962]
  [-0.269165, -0.052043, -0.499382, -0.496908, -0.464936]
  [-0.269305, -0.05204, -0.499382, -0.496923, -0.464934]
  [-0.269302, -0.052043, -0.499383, -0.496843, -0.46507]
  [-0.269213, -0.052014, -0.499384, -0.497047, -0.465012]
  [-0.269209, -0.052005, -0.499384, -0.496938, -0.464952]
  [-0.26921, -0.052038, -0.499384, -0.496959, -0.464893]
  [-0.269164, -0.052002, -0.499383, -0.496969, -0.465]
  [-0.269192, -0.052025, -0.499383, -0.496997, -0.465074]
  [-0.269244, -0.052023, -0.499384, -0.496985, -0.465032]
  [-0.269215, -0.052023, -0.499384, -0.497041, -0.465054]
  [-0.269142, -0.052012, -0.499382, -0.496863, -0.464997]
  [-0.269279, -0.052009, -0.499383, -0.496895, -0.465051]
  [-0.269239, -0.05203, -0.499383, -0.497031, -0.464909]
  [-0.269244, -0.052032, -0.499383, -0.496898, -0.464958]
  [-0.269235, -0.052043, -0.499384, -0.496873, -0.464987]
  [-0.269291, -0.052012, -0.499383, -0.496844, -0.465068]
  [-0.269289, -0.052013, -0.499384, -0.496934, -0.465085]
  [-0.269167, -0.052016, -0.499384, -0.496944, -0.46498]
  [-0.269154, -0.052006, -0.499383, -0.496983, -0.464966]
  [-0.269222, -0.052035, -0.499383, -0.49702, -0.465085]
  [-0.269189, -0.052008, -0.499384, -0.496875, -0.464953]
  [-0.269234, -0.052005, -0.499383, -0.496969, -0.464906]
  [-0.269261, -0.052042, -0.499382, -0.497058, -0.464949]
  [-0.269161, -0.052008, -0.499384, -0.497004, -0.464983]
  [-0.269185, -0.052043, -0.499383, -0.496933, -0.464942]
  [-0.269238, -0.052, -0.499383, -0.496924, -0.465006]
  [-0.269203, -0.052006, -0.499384, -0.497086, -0.465062]
  [-0.269304, -0.052041, -0.499384, -0.496919, -0.464997]
  [-0.269192, -0.052031, -0.499382, -0.496966, -0.46489]
  [-0.269163, -0.05202, -0.499383, -0.496858, -0.464965]
  [-0.269294, -0.052021, -0.499383, -0.496884, -0.46496]
  [-0.269267, -0.052008, -0.499384, -0.496948, -0.464928]
  [-0.269226, -0.052016, -0.499382, -0.496847, -0.464882]
  [-0.269261, -0.052018, -0.499382, -0.496993, -0.465036]
  [-0.26925, -0.05203, -0.499382, -0.496927, -0.464885]
  [-0.26914, -0.052021, -0.499383, -0.497062, -0.464936]
  [-0.269298, -0.05202, -0.499383, -0.497084, -0.464915]
  [-0.269137, -0.05204, -0.499382, -0.497037, -0.464896]
  [-0.269232, -0.052016, -0.499384, -0.496876, -0.464883]
  [-0.269168, -0.052032, -0.499382, -0.496886, -0.465049]
  [-0.269265, -0.052015, -0.499383, -0.497087, -0.465087]
  [-0.269244, -0.052019, -0.499383, -0.496927, -0.465056]
  [-0.269285, -0.052028, -0.499383, -0.497013, -0.465048]
  [-0.269217, -0.052003, -0.499383, -0.49689, -0.464954]
  [-0.269246, -0.052008, -0.499383, -0.497072, -0.464919]
  [-0.269159, -0.052021, -0.499383, -0.497001, -0.464981]
  [-0.269281, -0.052013, -0.499383, -0.496874, -0.465021]
  [-0.269231, -0.052042, -0.499382, -0.496976, -0.465086]
  [-0.269192, -0.052007, -0.499383, -0.497038, -0.465074]
  [-0.269197, -0.052002, -0.499383, -0.496978, -0.464944]
  [-0.269169, -0.052017, -0.499383, -0.496956, -0.465031]
  [-0.269258, -0.052031, -0.499383, -0.496863, -0.465071]
  [-0.269282, -0.052018, -0.499384, -0.496854, -0.465055]
  [-0.269183, -0.052043, -0.499384, -0.496948, -0.464928]
  [-0.269222, -0.052027, -0.499382, -0.497006, -0.464884]
  [-0.269138, -0.052015, -0.499383, -0.497071, -0.465048]
  [-0.269262, -0.052017, -0.499383, -0.496931, -0.464959]
  [-0.269184, -0.052036, -0.499382, -0.496989, -0.465021]
  [-0.269243, -0.052017, -0.499384, -0.497044, -0.465075]
  [-0.269276, -0.052011, -0.499384, -0.496863, -0.46494]
  [-0.269168, -0.052023, -0.499383, -0.496881, -0.464926]
  [-0.269308, -0.052002, -0.499382, -0.496969, -0.464936]
  [-0.269219, -0.052028, -0.499384, -0.496921, -0.464974]
  [-0.269262, -0.052009, -0.499384, -0.497071, -0.465072]
  [-0.269159, -0.052024, -0.499383, -0.496968, -0.464907]
  [-0.269262, -0.052014, -0.499383, -0.496876, -0.465041]
  [-0.269282, -0.052012, -0.499383, -0.49708, -0.465046]
  [-0.26927, -0.052035, -0.499383, -0.497013, -0.464895]
  [-0.269175, -0.05201, -0.499384, -0.497015, -0.465001]
  [-0.269179, -0.052025, -0.499384, -0.497012, -0.464991]
  [-0.269148, -0.052025, -0.499382, -0.49693, -0.464947]
  [-0.269157, -0.052014, -0.499383, -0.496876, -0.465057]
  [-0.269234, -0.052036, -0.499383, -0.496943, -0.465061]
  [-0.269275, -0.052, -0.499382, -0.496914, -0.465001]
  [-0.269228, -0.052023, -0.499383, -0.497036, -0.465072]
  [-0.269238, -0.05203, -0.499383, -0.497027, -0.465046]
  [-0.269216, -0.052044, -0.499383, -0.496923, -0.465081]
  [-0.269178, -0.052024, -0.499384, -0.496981, -0.46499]
  [-0.269189, -0.052006, -0.499384, -0.496912, -0.464947]
  [-0.269174, -0.052028, -0.499383, -0.497047, -0.465047]
  [-0.269191, -0.052014, -0.499382, -0.497073, -0.465035]
  [-0.269152, -0.052001, -0.499383, -0.496871, -0.46494]
  [-0.269219, -0.052041, -0.499383, -0.49696, -0.46503]
  [-0.269254, -0.052005, -0.499383, -0.497055, -0.464928]
  [-0.269276, -0.052009, -0.499383, -0.496977, -0.464931]
  [-0.269154, -0.052013, -0.499384, -0.497018, -0.465006]
  [-0.269147, -0.052029, -0.499382, -0.496904, -0.46501]
  [-0.26915, -0.052015, -0.499383, -0.496955, -0.464965]
  [-0.269207, -0.052026, -0.499383, -0.496952, -0.46509]
  [-0.269302, -0.052005, -0.499383, -0.497087, -0.464956]
  [-0.269156, -0.052027, -0.499383, -0.496908, -0.464992]
  [-0.269241, -0.052029, -0.499383, -0.497075, -0.464973]
  [-0.269227, -0.052044, -0.499383, -0.496992, -0.464942]
  [-0.26923, -0.052018, -0.499383, -0.497054, -0.464986]
  [-0.269258, -0.05201, -0.499382, -0.497083, -0.465059]
  [-0.26922, -0.05201, -0.499383, -0.497061, -0.465074]
  [-0.269263, -0.052003, -0.499382, -0.496969, -0.46495]
  [-0.269221, -0.05204, -0.499384, -0.496896, -0.464898]
  [-0.269194, -0.052027, -0.499382, -0.496885, -0.464909]
  [-0.269287, -0.052012, -0.499384, -0.496852, -0.46492]
  [-0.269221, -0.052029, -0.499384, -0.496882, -0.464948]
  [-0.269234, -0.052003, -0.499384, -0.496845, -0.465022]
  [-0.269276, -0.052015, -0.499382, -0.49708, -0.464894]
  [-0.269262, -0.052005, -0.499383, -0.497005, -0.464996]
  [-0.269196, -0.052021, -0.499384, -0.496846, -0.465063]
  [-0.269171, -0.052002, -0.499383, -0.496861, -0.464927]
  [-0.26928, -0.052002, -0.499383, -0.496968, -0.464909]
  [-0.26929, -0.052011, -0.499383, -0.497038, -0.464889]
  [-0.26918, -0.052027, -0.499384, -0.497036, -0.464918]
  [-0.269299, -0.052039, -0.499384, -0.496971, -0.464975]
  [-0.269147, -0.052023, -0.499382, -0.496929, -0.464933]
  [-0.269191, -0.052009, -0.499383, -0.496868, -0.464997]
  [-0.269301, -0.052003, -0.499382, -0.496955, -0.465083]
  [-0.269197, -0.052033, -0.499383, -0.497088, -0.464953]
  [-0.269173, -0.052043, -0.499384, -0.497069, -0.465013]
  [-0.2692, -0.052007, -0.499384, -0.496948, -0.464988]
  [-0.269234, -0.052, -0.499382, -0.496934, -0.465013]
  [-0.269233, -0.052024, -0.499383, -0.496916, -0.465051]
  [-0.269288, -0.052011, -0.499382, -0.49706, -0.465036]
  [-0.26929, -0.052005, -0.499384, -0.497045, -0.465085]
  [-0.269231, -0.052004, -0.499383, -0.496896, -0.465027]
  [-0.269187, -0.052013, -0.499382, -0.497038, -0.465083]
  [-0.269155, -0.052004, -0.499383, -0.496856, -0.465077]
  [-0.269231, -0.052006, -0.499383, -0.496939, -0.464992]
  [-0.269201, -0.052041, -0.499382, -0.496895, -0.465065]
  [-0.269211, -0.052018, -0.499382, -0.49698, -0.4649]
  [-0.269171, -0.052009, -0.499382, -0.497025, -0.464885]
  [-0.26928, -0.052027, -0.499383, -0.497092, -0.464941]
  [-0.269263, -0.05203, -0.499383, -0.496887, -0.464916]
  [-0.269296, -0.052042, -0.499384, -0.496884, -0.465082]
  [-0.269149, -0.052011, -0.499383, -0.496947, -0.464881]
  [-0.269283, -0.052013, -0.499383, -0.496923, -0.465016]
  [-0.269192, -0.052006, -0.499383, -0.496889, -0.465067]
  [-0.269191, -0.052041, -0.499383, -0.497047, -0.465081]
  [-0.269226, -0.052015, -0.499383, -0.496997, -0.464946]
  [-0.269252, -0.052004, -0.499383, -0.497082, -0.464944]
  [-0.269256, -0.052012, -0.499382, -0.496892, -0.464905]
  [-0.269253, -0.052007, -0.499384, -0.496991, -0.465014]
  [-0.269173, -0.052002, -0.499384, -0.496856, -0.464923]
  [-0.269286, -0.052008, -0.499384, -0.496985, -0.464903]
  [-0.269172, -0.052037, -0.499383, -0.49689, -0.46506]
  [-0.269224, -0.052042, -0.499383, -0.49687, -0.464886]
  [-0.269243, -0.052019, -0.499383, -0.49696, -0.464983]
  [-0.269144, -0.052017, -0.499383, -0.496869, -0.465013]
  [-0.269282, -0.052034, -0.499383, -0.496928, -0.465031]
  [-0.26929, -0.052018, -0.499383, -0.496985, -0.465032]
  [-0.269306, -0.05204, -0.499383, -0.496981, -0.465009]
  [-0.269222, -0.052007, -0.499384, -0.496999, -0.464989]
  [-0.269207, -0.052001, -0.499384, -0.496997, -0.465083]
  [-0.269271, -0.05201, -0.499382, -0.497017, -0.465082]
  [-0.269216, -0.052033, -0.499382, -0.496845, -0.464905]
  [-0.269176, -0.052026, -0.499384, -0.497073, -0.465006]
  [-0.269237, -0.052013, -0.499382, -0.496958, -0.464943]
  [-0.269263, -0.052005, -0.499383, -0.49689, -0.465028]
  [-0.269258, -0.052024, -0.499383, -0.496897, -0.464987]
  [-0.269233, -0.052018, -0.499383, -0.497083, -0.464998]
  [-0.269267, -0.052001, -0.499382, -0.497011, -0.46509]
  [-0.269268, -0.052023, -0.499382, -0.497091, -0.465039]
  [-0.269288, -0.052034, -0.499383, -0.49707, -0.464951]
  [-0.26921, -0.052023, -0.499383, -0.497089, -0.465069]
  [-0.269183, -0.052023, -0.499383, -0.497013, -0.464934]
  [-0.269253, -0.052015, -0.499384, -0.497036, -0.465001]
  [-0.269164, -0.052001, -0.499383, -0.497051, -0.464892]
  [-0.2692, -0.052031, -0.499383, -0.497046, -0.46499]
  [-0.26918, -0.052017, -0.499383, -0.496956, -0.465063]
  [-0.269169, -0.052018, -0.499383, -0.497058, -0.464909]
  [-0.269215, -0.052031, -0.499384, -0.497001, -0.464954]
  [-0.269187, -0.052013, -0.499383, -0.497056, -0.464985]
  [-0.269141, -0.052013, -0.499382, -0.497056, -0.464912]
  [-0.26924, -0.052037, -0.499383, -0.496939, -0.465063]
  [-0.269147, -0.052006, -0.499383, -0.497081, -0.464958]
  [-0.269184, -0.052014, -0.499383, -0.49695, -0.464913]
  [-0.269285, -0.052002, -0.499384, -0.496883, -0.464888]
  [-0.269262, -0.052015, -0.499384, -0.497038, -0.46493]
  [-0.26924, -0.052023, -0.499384, -0.497004, -0.465012]
  [-0.269223, -0.052023, -0.499384, -0.49693, -0.465034]
  [-0.269158, -0.052014, -0.499383, -0.496961, -0.464989]
  [-0.269232, -0.052002, -0.499383, -0.496941, -0.464885]
  [-0.26925, -0.052012, -0.499384, -0.496855, -0.464936]
  [-0.269175, -0.052004, -0.499383, -0.497083, -0.464915]
  [-0.269226, -0.052039, -0.499384, -0.497018, -0.465037]
  [-0.269256, -0.052011, -0.499384, -0.497029, -0.465088]
  [-0.269171, -0.052043, -0.499384, -0.49688, -0.464887]
  [-0.269249, -0.052002, -0.499383, -0.496975, -0.465036]
  [-0.269215, -0.052006, -0.499382, -0.496982, -0.465059]
  [-0.269147, -0.052008, -0.499383, -0.496932, -0.464957]
  [-0.269196, -0.052022, -0.499383, -0.496891, -0.464917]
  [-0.269236, -0.052036, -0.499384, -0.497063, -0.465012]
  [-0.269249, -0.052011, -0.499382, -0.496947, -0.465036]
  [-0.269237, -0.052039, -0.499383, -0.496997, -0.465079]
  [-0.269288, -0.052028, -0.499384, -0.497059, -0.46496]
  [-0.269276, -0.052036, -0.499384, -0.49697, -0.464921]
  [-0.269242, -0.052009, -0.499382, -0.496924, -0.46496]
  [-0.26923, -0.052011, -0.499384, -0.49689, -0.464925]
  [-0.269181, -0.052002, -0.499383, -0.496932, -0.464915]
  [-0.269225, -0.052013, -0.499382, -0.497059, -0.46509]
  [-0.269245, -0.052016, -0.499382, -0.49709, -0.464941]
  [-0.269225, -0.05202, -0.499382, -0.497017, -0.464899]
  [-0.269137, -0.052035, -0.499382, -0.496967, -0.464881]
  [-0.269245, -0.052031, -0.499382, -0.49699, -0.464953]
  [-0.269166, -0.052016, -0.499383, -0.496982, -0.465082]
  [-0.269233, -0.052004, -0.499382, -0.497029, -0.465028]
  [-0.269306, -0.052005, -0.499383, -0.49685, -0.465016]
  [-0.26928, -0.052014, -0.499382, -0.497034, -0.464999]
  [-0.269192, -0.052015, -0.499383, -0.497013, -0.465049]
  [-0.269159, -0.052043, -0.499382, -0.496843, -0.465006]
  [-0.269142, -0.052025, -0.499383, -0.496877, -0.464901]
  [-0.269187, -0.052035, -0.499382, -0.497067, -0.464952]
  [-0.26923, -0.052043, -0.499383, -0.496869, -0.464952]
  [-0.269308, -0.052, -0.499383, -0.496865, -0.46498]
  [-0.269247, -0.05201, -0.499383, -0.496901, -0.465053]
  [-0.269277, -0.05203, -0.499383, -0.496985, -0.465046]
  [-0.26917, -0.052014, -0.499384, -0.496846, -0.465016]
  [-0.269304, -0.052017, -0.499383, -0.496879, -0.464998]
  [-0.269234, -0.052003, -0.499382, -0.496861, -0.465066]
  [-0.269212, -0.052027, -0.499383, -0.496946, -0.464909]
  [-0.269251, -0.052023, -0.499383, -0.49697, -0.46509]
  [-0.269175, -0.052036, -0.499383, -0.496974, -0.464937]
  [-0.269211, -0.052019, -0.499384, -0.497054, -0.465017]
  [-0.269305, -0.052037, -0.499384, -0.497051, -0.465006]
  [-0.269259, -0.052036, -0.499382, -0.496889, -0.464923]
  [-0.269151, -0.052018, -0.499383, -0.4969, -0.465032]
  [-0.269243, -0.052036, -0.499384, -0.496896, -0.465088]
  [-0.269247, -0.052032, -0.499384, -0.496914, -0.464899]
  [-0.269258, -0.052021, -0.499383, -0.497085, -0.46491]
  [-0.269211, -0.052032, -0.499383, -0.497077, -0.464987]
  [-0.269209, -0.052016, -0.499383, -0.496856, -0.464955]
  [-0.269167, -0.052003, -0.499384, -0.496931, -0.464936]
  [-0.269308, -0.052006, -0.499384, -0.496857, -0.464893]
  [-0.2692, -0.052001, -0.499383, -0.49709, -0.464899]
  [-0.269285, -0.052016, -0.499383, -0.496933, -0.465013]
  [-0.269259, -0.05204, -0.499383, -0.496902, -0.464954]
  [-0.26924, -0.052022, -0.499384, -0.496986, -0.46489]
  [-0.269283, -0.052004, -0.499384, -0.497059, -0.464941]
  [-0.269258, -0.052009, -0.499383, -0.497051, -0.464896]
  [-0.269155, -0.052003, -0.499382, -0.497089, -0.464916]
  [-0.269185, -0.052035, -0.499383, -0.497042, -0.465065]
  [-0.269171, -0.052005, -0.499384, -0.497037, -0.465032]
  [-0.269198, -0.052001, -0.499383, -0.49688, -0.464932]
  [-0.269176, -0.052016, -0.499383, -0.49688, -0.464887]
  [-0.269206, -0.052007, -0.499383, -0.496893, -0.464906]
  [-0.269235, -0.052028, -0.499382, -0.496994, -0.464942]
  [-0.269268, -0.052033, -0.499382, -0.497006, -0.464975]
  [-0.269245, -0.052022, -0.499382, -0.496958, -0.46493]
  [-0.2692, -0.052009, -0.499383, -0.497073, -0.464914]
  [-0.269179, -0.052029, -0.499383, -0.497024, -0.465058]
  [-0.269168, -0.052012, -0.499384, -0.496967, -0.464902]
  [-0.269202, -0.052038, -0.499382, -0.497073, -0.464937]
  [-0.269265, -0.052017, -0.499382, -0.496954, -0.464887]
  [-0.269307, -0.052042, -0.499382, -0.497036, -0.464941]
  [-0.269196, -0.052043, -0.499384, -0.496875, -0.464946]
  [-0.269275, -0.052016, -0.499383, -0.496983, -0.464991]
  [-0.269285, -0.052014, -0.499383, -0.496936, -0.464964]
  [-0.269206, -0.052019, -0.499384, -0.496898, -0.465002]
  [-0.269263, -0.052013, -0.499382, -0.497082, -0.464902]
  [-0.269139, -0.052001, -0.499383, -0.49696, -0.464945]
  [-0.269297, -0.052032, -0.499382, -0.496987, -0.465015]
  [-0.269176, -0.052043, -0.499383, -0.497017, -0.464923]
  [-0.269146, -0.052006, -0.499384, -0.49692, -0.465086]
  [-0.269228, -0.052034, -0.499383, -0.497087, -0.465039]
  [-0.269188, -0.052021, -0.499382, -0.497046, -0.465071]
  [-0.269201, -0.052022, -0.499384, -0.496939, -0.464976]
  [-0.269186, -0.052023, -0.499383, -0.49708, -0.46508]
  [-0.269204, -0.052028, -0.499383, -0.496862, -0.465021]
  [-0.2693, -0.052019, -0.499383, -0.496863, -0.464948]
  [-0.269162, -0.052024, -0.499383, -0.496969, -0.464888]
  [-0.269172, -0.052042, -0.499383, -0.496999, -0.464976]
  [-0.269279, -0.052021, -0.499383, -0.496891, -0.465011]
  [-0.26921, -0.052001, -0.499383, -0.497014, -0.464912]
  [-0.269237, -0.052006, -0.499383, -0.49706, -0.465085]
  [-0.269298, -0.052028, -0.499383, -0.496894, -0.465038]
  [-0.269167, -0.052016, -0.499384, -0.49696, -0.465018]
  [-0.269175, -0.052038, -0.499383, -0.496926, -0.465028]
  [-0.269216, -0.05203, -0.499383, -0.496845, -0.465063]
  [-0.269227, -0.05203, -0.499382, -0.496965, -0.465078]
  [-0.269271, -0.05204, -0.499382, -0.496995, -0.464893]
  [-0.269239, -0.052016, -0.499384, -0.496951, -0.465017]
  [-0.269188, -0.052, -0.499384, -0.496902, -0.465055]
  [-0.26923, -0.052002, -0.499383, -0.496899, -0.465011]
  [-0.26923, -0.052002, -0.499383, -0.496895, -0.464885]
  [-0.269272, -0.052026, -0.499383, -0.496978, -0.465074]
  [-0.269139, -0.052005, -0.499383, -0.496915, -0.464889]
  [-0.2693, -0.052007, -0.499383, -0.4969, -0.465059]
  [-0.269253, -0.052004, -0.499382, -0.496875, -0.464949]
  [-0.269178, -0.052005, -0.499383, -0.497024, -0.464905]
  [-0.269259, -0.052035, -0.499382, -0.49686, -0.46488]
  [-0.269259, -0.052013, -0.499382, -0.496904, -0.464961]
  [-0.269222, -0.052028, -0.499382, -0.496955, -0.465012]
  [-0.269174, -0.052008, -0.499382, -0.497014, -0.464979]
  [-0.269162, -0.052012, -0.499383, -0.496927, -0.464948]
  [-0.269173, -0.052032, -0.499383, -0.496946, -0.464929]
  [-0.269167, -0.052017, -0.499383, -0.496951, -0.465076]
  [-0.269245, -0.052026, -0.499382, -0.49694, -0.464954]
  [-0.269222, -0.052038, -0.499383, -0.497007, -0.465082]
  [-0.269295, -0.052031, -0.499384, -0.497029, -0.464936]
  [-0.269247, -0.052039, -0.499383, -0.496951, -0.46504]
  [-0.269248, -0.052009, -0.499384, -0.497007, -0.464969]
  [-0.269185, -0.052033, -0.499384, -0.497064, -0.465057]
  [-0.26927, -0.05201, -0.499383, -0.496845, -0.465028]
  [-0.269259, -0.052039, -0.499383, -0.496866, -0.464959]
  [-0.26925, -0.052018, -0.499383, -0.497066, -0.464892]
  [-0.269237, -0.052041, -0.499383, -0.496975, -0.464945]
  [-0.269251, -0.052005, -0.499384, -0.496888, -0.46499]
  [-0.269185, -0.052001, -0.499383, -0.496937, -0.465035]
  [-0.26926, -0.052029, -0.499383, -0.496983, -0.465025]
  [-0.26929, -0.052026, -0.499383, -0.496885, -0.465002]
  [-0.269226, -0.052005, -0.499383, -0.496876, -0.465047]
  [-0.269246, -0.052009, -0.499382, -0.496956, -0.465003]
  [-0.269185, -0.05202, -0.499383, -0.496901, -0.465019]
  [-0.269285, -0.052029, -0.499384, -0.497035, -0.464943]
  [-0.269306, -0.052031, -0.499384, -0.496876, -0.464936]
  [-0.269203, -0.05203, -0.499383, -0.497055, -0.465067]
  [-0.269201, -0.05204, -0.499383, -0.496884, -0.465071]
  [-0.269261, -0.052008, -0.499382, -0.497039, -0.464997]
  [-0.269294, -0.052009, -0.499383, -0.49699, -0.465083]
  [-0.269289, -0.052026, -0.499383, -0.497084, -0.465048]
  [-0.269307, -0.052025, -0.499382, -0.496961, -0.465037]
  [-0.269159, -0.052017, -0.499383, -0.497035, -0.465078]
  [-0.269157, -0.052013, -0.499382, -0.497003, -0.46493]
  [-0.269237, -0.052019, -0.499384, -0.497053, -0.464916]
  [-0.269202, -0.052032, -0.499383, -0.496858, -0.464894]
  [-0.269282, -0.05204, -0.499382, -0.496966, -0.464987]
  [-0.269173, -0.052022, -0.499382, -0.497003, -0.464948]
  [-0.269155, -0.052033, -0.499382, -0.496956, -0.464914]
  [-0.269273, -0.052007, -0.499383, -0.496977, -0.465065]
  [-0.269288, -0.052008, -0.499384, -0.497019, -0.464978]
  [-0.269243, -0.052034, -0.499383, -0.496961, -0.464894]
  [-0.269191, -0.052028, -0.499383, -0.497011, -0.465024]
  [-0.269282, -0.052033, -0.499382, -0.496846, -0.465047]
  [-0.269209, -0.052012, -0.499383, -0.496974, -0.465036]
  [-0.269239, -0.052019, -0.499383, -0.497035, -0.46494]
  [-0.269269, -0.052019, -0.499384, -0.496965, -0.464895]
  [-0.269138, -0.052011, -0.499382, -0.497046, -0.465006]
  [-0.269228, -0.052029, -0.499382, -0.496881, -0.465055]
  [-0.2693, -0.052012, -0.499383, -0.4969, -0.465067]
  [-0.269303, -0.052007, -0.499382, -0.497029, -0.465006]
  [-0.269299, -0.052005, -0.499383, -0.496856, -0.464931]
  [-0.269218, -0.052, -0.499383, -0.496913, -0.464952]
  [-0.26922, -0.05202, -0.499384, -0.497035, -0.464919]
  [-0.26914, -0.052001, -0.499382, -0.496926, -0.46504]
  [-0.269221, -0.052038, -0.499383, -0.497053, -0.465091]
  [-0.269251, -0.052028, -0.499383, -0.496921, -0.464884]
  [-0.269183, -0.052003, -0.499384, -0.497042, -0.464887]
  [-0.269137, -0.052013, -0.499383, -0.497, -0.464899]
  [-0.269177, -0.052028, -0.499384, -0.497064, -0.465021]
  [-0.269173, -0.052022, -0.499382, -0.496994, -0.464986]
  [-0.269276, -0.052015, -0.499382, -0.497079, -0.464895]
  [-0.269276, -0.052015, -0.499382, -0.49708, -0.464895]
  [-0.269276, -0.052015, -0.499382, -0.497079, -0.464894]
