Status: non-adversarial inputs found
[0.613713, 0.307826, -0.197375, 0.482938, -0.498306]
[0.662136, 0.384091, 0.451613, 0.47853, -0.468606]
[0.636187, -0.208378, -0.054004, 0.481572, -0.493773]
[0.637925, -0.23708, -0.363388, 0.45358, -0.45099]
[0.610101, -0.348234, -0.078318, 0.470232, -0.450107]
[0.607991, -0.38602, 0.405754, 0.464719, -0.486084]
[0.647078, 0.320669, 0.174743, 0.466032, -0.480341]
[0.669032, 0.167539, -0.292476, 0.476208, -0.49833]
[0.65617, -0.023562, 0.445499, 0.484454, -0.49157]
[0.672838, -0.31501, -0.423654, 0.452198, -0.495189]
[0.606323, 0.447402, -0.167257, 0.499281, -0.471702]
[0.657649, -0.155128, 0.080347, 0.452602, -0.499484]
[0.643926, -0.403443, -0.102887, 0.46102, -0.457406]
[0.659678, -0.063896, 0.489465, 0.495941, -0.474263]
[0.65107, -0.032439, 0.482894, 0.496935, -0.487404]
[0.674313, -0.075765, -0.075328, 0.462138, -0.462]
[0.667254, -0.433833, -0.2769, 0.478841, -0.461111]
[0.655255, -0.020004, 0.026733, 0.465697, -0.471164]
[0.631693, -0.355584, 0.43546, 0.497874, -0.46657]
[0.614754, 0.472768, -0.333167, 0.498777, -0.494322]
[0.604808, -0.466934, -0.411065, 0.464141, -0.45615]
[0.640929, -0.074698, 0.167131, 0.498093, -0.460425]
[0.602619, -0.47526, 0.373502, 0.453098, -0.491216]
[0.636299, 0.016508, -0.474024, 0.48918, -0.46675]
[0.67664, -0.392567, -0.097646, 0.494462, -0.49127]
[0.667727, -0.387859, -0.448166, 0.456703, -0.479192]
[0.629425, -0.024257, 0.245052, 0.452022, -0.488226]
[0.672977, 0.207381, 0.23004, 0.495384, -0.465059]
[0.678667, 0.426497, 0.449883, 0.495478, -0.461799]
[0.605104, 0.097565, -0.412558, 0.477367, -0.493121]
[0.601213, -0.082844, -0.411986, 0.46879, -0.484954]
[0.664967, -0.186705, -0.213662, 0.461053, -0.4894]
[0.606397, 0.212969, 0.315112, 0.497618, -0.474972]
[0.604763, -0.041592, 0.282496, 0.486572, -0.490675]
[0.636153, 0.024709, 0.053682, 0.479328, -0.454892]
[0.674613, -0.162237, 0.134671, 0.466817, -0.481763]
[0.60796, 0.294284, -0.319251, 0.46536, -0.469721]
[0.614942, -0.40099, -0.002528, 0.456978, -0.475799]
[0.665877, 0.07998, -0.116198, 0.479227, -0.487467]
[0.675618, 0.227875, 0.188934, 0.497072, -0.495386]
[0.659229, 0.106873, 0.109314, 0.473928, -0.471443]
[0.655576, 0.134187, -0.30611, 0.487531, -0.48254]
[0.645027, -0.451706, -0.059294, 0.471016, -0.454637]
[0.674018, -0.040786, -0.238278, 0.499097, -0.471465]
[0.638603, 0.345987, -0.291595, 0.467825, -0.46483]
[0.644767, -0.17504, 0.19265, 0.452254, -0.482872]
[0.637846, 0.068038, -0.007067, 0.480187, -0.467156]
[0.632775, 0.290772, -0.389191, 0.489879, -0.475371]
[0.67629, 0.036389, 0.131365, 0.499127, -0.46626]
[0.622396, -0.030692, 0.056533, 0.473831, -0.491894]
[0.666061, 0.060945, -0.236815, 0.466629, -0.49945]
[0.668013, 0.1648, 0.079524, 0.495674, -0.460548]
[0.642045, 0.025992, -0.436822, 0.457337, -0.48785]
[0.608505, 0.161473, -0.464759, 0.463435, -0.477842]
[0.674054, 0.127224, 0.136633, 0.468546, -0.461864]
[0.623597, -0.051068, -0.260292, 0.486373, -0.490375]
[0.665279, 0.346585, -0.128817, 0.46723, -0.492429]
[0.623075, 0.187516, 0.253977, 0.464815, -0.499909]
[0.651214, -0.312591, -0.435344, 0.453976, -0.476845]
[0.601808, 0.376167, 0.491788, 0.469403, -0.492128]
[0.648794, -0.316141, 0.151127, 0.498132, -0.46494]
[0.617022, 0.32883, 0.259061, 0.475163, -0.453255]
[0.641868, 0.09109, 0.037952, 0.493923, -0.460399]
[0.610468, -0.477343, 0.468522, 0.464406, -0.48013]
[0.607758, 0.473997, 0.045843, 0.450769, -0.491318]
[0.631038, -0.290563, -0.314744, 0.462989, -0.455293]
[0.6501, 0.070832, 0.395169, 0.481113, -0.462776]
[0.618177, 0.003619, 0.484432, 0.461245, -0.478654]
[0.653718, -0.191463, -0.441008, 0.475514, -0.492008]
[0.624724, 0.031226, 0.147602, 0.451231, -0.466638]
[0.652128, 0.146634, -0.383004, 0.467863, -0.462655]
[0.657027, 0.184833, -0.203798, 0.45041, -0.458528]
[0.6238, 0.257762, 0.321081, 0.488374, -0.486407]
[0.605281, 0.250506, 0.239116, 0.461284, -0.49053]
[0.603778, 0.035792, 0.417024, 0.466249, -0.451346]
[0.637952, -0.465571, -0.296396, 0.496016, -0.481428]
[0.657986, -0.170514, 0.083656, 0.470314, -0.453103]
[0.641008, 0.372075, -0.043813, 0.492458, -0.477215]
[0.621689, 0.077278, -0.237407, 0.466951, -0.497347]
[0.603991, -0.220199, 0.267845, 0.485719, -0.456649]
[0.655863, 0.38141, -0.415939, 0.486686, -0.450887]
[0.665816, -0.025827, -0.464191, 0.494491, -0.459498]
[0.678098, 0.073827, 0.019466, 0.471389, -0.466949]
[0.675149, 0.275323, 0.431282, 0.489764, -0.467089]
[0.610138, 0.185784, -0.23523, 0.468191, -0.454626]
[0.672598, -0.447892, 0.172754, 0.494262, -0.474926]
[0.617067, -0.079525, 0.121757, 0.490245, -0.468691]
[0.617594, 0.198437, 0.434782, 0.476858, -0.457603]
[0.672759, 0.048435, 0.469323, 0.490425, -0.472259]
[0.658644, -0.036986, 0.229607, 0.473906, -0.457844]
[0.634699, -0.381538, 0.073731, 0.493785, -0.49762]
[0.605034, -0.088599, 0.375269, 0.493618, -0.484784]
[0.643504, -0.423738, 0.285829, 0.47209, -0.473024]
[0.632239, 0.053712, -0.153834, 0.488706, -0.465656]
[0.628032, 0.144822, -0.351128, 0.488491, -0.490301]
[0.618802, -0.398222, 0.333462, 0.478235, -0.472832]
[0.60574, 0.48831, 0.131829, 0.47079, -0.496427]
[0.639817, 0.165246, -0.086876, 0.453684, -0.476989]
[0.606024, 0.035969, 0.443595, 0.48984, -0.49583]
[0.620518, -0.243474, -0.483863, 0.46528, -0.463745]
[0.619466, -0.195775, -0.497061, 0.452529, -0.472027]
[0.628396, -0.012235, -0.251788, 0.476267, -0.488144]
[0.653037, -0.166978, 0.192865, 0.475758, -0.489643]
[0.607177, 0.102986, -0.118464, 0.466874, -0.499108]
[0.628071, -0.391092, 0.466591, 0.483911, -0.45677]
[0.611301, 0.45393, -0.264182, 0.474395, -0.463179]
[0.674351, 0.464592, 0.269303, 0.477257, -0.450568]
[0.643179, 0.386417, 0.339781, 0.493228, -0.486101]
[0.621536, -0.476531, -0.019407, 0.476546, -0.468013]
[0.630685, 0.402143, -0.37295, 0.48276, -0.486651]
[0.635869, 0.46939, -0.249117, 0.492968, -0.486631]
[0.625384, 0.055862, -0.377214, 0.498936, -0.499974]
[0.633598, 0.1181, -0.219155, 0.463454, -0.473143]
[0.601868, -0.232161, 0.208664, 0.483456, -0.458698]
[0.628471, -0.060339, -0.07026, 0.495726, -0.459846]
[0.667196, 0.064317, 0.251279, 0.49129, -0.499585]
[0.663448, -0.48966, -0.432997, 0.497148, -0.465335]
[0.636622, -0.248728, 0.402403, 0.469748, -0.483526]
[0.634862, -0.066929, 0.456304, 0.497354, -0.472546]
[0.623866, -0.226911, -0.024274, 0.462156, -0.480048]
[0.646227, -0.476405, -0.091498, 0.496793, -0.456328]
[0.61843, 0.033266, -0.149994, 0.483824, -0.475781]
[0.61402, -0.085089, -0.441567, 0.478329, -0.492061]
[0.66152, -0.213331, -0.169374, 0.463961, -0.490515]
[0.627427, 0.283356, -0.353106, 0.49144, -0.484836]
[0.619704, 0.092516, 0.161558, 0.480077, -0.490466]
[0.617378, 0.041708, 0.318447, 0.454863, -0.487735]
[0.644283, 0.428194, 0.129648, 0.469928, -0.456934]
[0.643715, 0.313191, -0.385866, 0.476953, -0.463728]
[0.606292, -0.470684, -0.417322, 0.486105, -0.467843]
[0.678046, 0.438159, 0.146567, 0.462642, -0.472004]
[0.654224, -0.231247, -0.009541, 0.481706, -0.491393]
[0.675493, -0.462362, -0.495237, 0.486058, -0.455604]
[0.6264, -0.09076, -0.237602, 0.452025, -0.482227]
[0.624264, 0.388206, -0.307986, 0.450065, -0.463338]
[0.623768, 0.24673, -0.217354, 0.481353, -0.485707]
[0.633079, 0.145681, 0.078223, 0.499934, -0.499674]
[0.628019, 0.372308, -0.17793, 0.499602, -0.465794]
[0.671664, 0.287823, 0.016331, 0.476683, -0.483612]
[0.624251, -0.162341, 0.419541, 0.478898, -0.477036]
[0.645773, 0.251555, 0.019768, 0.498631, -0.484814]
[0.600433, 0.149401, 0.282496, 0.466466, -0.488803]
[0.673231, 0.095831, -0.451381, 0.490619, -0.491995]
[0.630928, -0.339029, 0.2817, 0.475395, -0.451232]
[0.644926, -0.292617, 0.005276, 0.455314, -0.470979]
[0.634909, -0.065589, 0.331872, 0.493462, -0.480048]
[0.658928, 0.085204, 0.376089, 0.492158, -0.488623]
[0.659015, 0.019802, 0.440324, 0.463411, -0.467452]
[0.636635, 0.008429, -0.423897, 0.491979, -0.487312]
[0.637499, 0.008615, -0.423679, 0.491823, -0.48715]
[0.63742, 0.010978, -0.423722, 0.492243, -0.487251]
[0.637614, 0.009251, -0.423836, 0.491971, -0.487158]
[0.636949, 0.009442, -0.423947, 0.491921, -0.487334]
[0.637507, 0.01016, -0.423734, 0.491822, -0.487115]
[0.636998, 0.011039, -0.423693, 0.492218, -0.487272]
[0.636738, 0.009662, -0.423876, 0.492318, -0.487081]
[0.637455, 0.009863, -0.423751, 0.491788, -0.487095]
[0.636886, 0.009037, -0.423737, 0.492303, -0.487261]
[0.636675, 0.009567, -0.423686, 0.491815, -0.487168]
[0.63716, 0.00972, -0.423755, 0.492186, -0.487342]
[0.636997, 0.010714, -0.423782, 0.492198, -0.487067]
[0.637667, 0.008953, -0.423836, 0.491904, -0.487191]
[0.637571, 0.00832, -0.423842, 0.492339, -0.487307]
[0.637376, 0.010054, -0.423703, 0.492034, -0.487305]
[0.63711, 0.008811, -0.423896, 0.492208, -0.487192]
[0.637519, 0.008472, -0.4237, 0.491961, -0.48708]
[0.637774, 0.00892, -0.423838, 0.492244, -0.487367]
[0.637583, 0.00856, -0.423918, 0.491853, -0.487353]
[0.636613, 0.008499, -0.423957, 0.491801, -0.487297]
[0.63677, 0.010779, -0.42388, 0.492096, -0.487107]
[0.63725, 0.010952, -0.423711, 0.492105, -0.487307]
[0.636827, 0.011053, -0.423787, 0.49208, -0.487292]
[0.63752, 0.009244, -0.423663, 0.492281, -0.487145]
[0.636871, 0.009818, -0.423761, 0.492334, -0.487108]
[0.637775, 0.011049, -0.423884, 0.492065, -0.48709]
[0.637489, 0.009384, -0.423761, 0.492258, -0.487322]
[0.637507, 0.008826, -0.423956, 0.492194, -0.487294]
[0.637412, 0.009837, -0.423927, 0.492031, -0.487259]
[0.637786, 0.008813, -0.423942, 0.492319, -0.487245]
[0.636878, 0.008918, -0.423836, 0.491983, -0.487065]
[0.636665, 0.008523, -0.423673, 0.49209, -0.487203]
[0.63759, 0.009526, -0.423949, 0.491821, -0.487269]
[0.637422, 0.009653, -0.423811, 0.492178, -0.487259]
[0.637773, 0.009809, -0.423796, 0.49218, -0.487106]
[0.637036, 0.008844, -0.423953, 0.492073, -0.487167]
[0.637404, 0.009201, -0.423819, 0.492136, -0.487173]
[0.636961, 0.008886, -0.423758, 0.492322, -0.487046]
[0.637275, 0.009347, -0.423946, 0.491778, -0.487061]
[0.637756, 0.009683, -0.42396, 0.492208, -0.48716]
[0.637095, 0.009607, -0.423937, 0.492214, -0.48728]
[0.637177, 0.008788, -0.423679, 0.491933, -0.487317]
[0.637002, 0.009263, -0.423665, 0.492353, -0.487322]
[0.637073, 0.008369, -0.423743, 0.49186, -0.487322]
[0.637042, 0.008715, -0.423739, 0.492287, -0.487326]
[0.637608, 0.009185, -0.42375, 0.491891, -0.487283]
[0.637402, 0.008932, -0.423947, 0.49185, -0.487242]
[0.637194, 0.008646, -0.42375, 0.492321, -0.487044]
[0.637527, 0.010002, -0.423885, 0.491859, -0.487084]
[0.636599, 0.010606, -0.423686, 0.492333, -0.487097]
[0.637727, 0.008565, -0.423667, 0.491906, -0.487174]
[0.637525, 0.009132, -0.423704, 0.491813, -0.487133]
[0.636861, 0.008341, -0.423803, 0.492078, -0.487173]
[0.63734, 0.009042, -0.423917, 0.491986, -0.487321]
[0.63748, 0.008953, -0.423739, 0.49214, -0.487052]
[0.637495, 0.009702, -0.423676, 0.491899, -0.4873]
[0.637424, 0.010109, -0.423822, 0.491815, -0.487285]
[0.637277, 0.008783, -0.42366, 0.49193, -0.487246]
[0.636921, 0.010884, -0.423895, 0.492032, -0.487104]
[0.637078, 0.010637, -0.42367, 0.492129, -0.487357]
[0.637065, 0.010667, -0.423669, 0.492131, -0.487356]
[0.63706, 0.010704, -0.42367, 0.492131, -0.487354]
[0.637076, 0.010611, -0.423669, 0.492128, -0.487357]
[0.637064, 0.010669, -0.423669, 0.492129, -0.487357]
[0.637082, 0.010609, -0.423669, 0.492129, -0.487354]
[0.63707, 0.010582, -0.423669, 0.492128, -0.487354]
[0.63709, 0.010588, -0.423669, 0.492128, -0.487355]
[0.63708, 0.010679, -0.423669, 0.492127, -0.487356]
[0.637061, 0.010622, -0.423669, 0.492128, -0.487354]
[0.637092, 0.010658, -0.423669, 0.49213, -0.487357]
[0.637063, 0.010572, -0.423669, 0.492132, -0.487357]
[0.637068, 0.010559, -0.42367, 0.492133, -0.487356]
[0.637063, 0.010635, -0.42367, 0.492132, -0.487354]
[0.637075, 0.010552, -0.423669, 0.492129, -0.487354]
[0.637063, 0.010644, -0.42367, 0.492128, -0.487356]
[0.637075, 0.010693, -0.42367, 0.492129, -0.487357]
[0.637061, 0.010655, -0.42367, 0.492129, -0.487355]
[0.637068, 0.010663, -0.42367, 0.492132, -0.487358]
[0.637083, 0.010674, -0.423669, 0.492128, -0.487353]
[0.63709, 0.010615, -0.423669, 0.492132, -0.487357]
[0.637088, 0.010594, -0.42367, 0.492132, -0.487354]
[0.637063, 0.010579, -0.423669, 0.492129, -0.487357]
[0.637061, 0.010701, -0.42367, 0.492128, -0.487357]
[0.637071, 0.010603, -0.42367, 0.492131, -0.487354]
[0.637074, 0.010552, -0.423669, 0.49213, -0.487357]
[0.637083, 0.010655, -0.42367, 0.492129, -0.487353]
[0.637078, 0.010554, -0.423669, 0.492129, -0.487357]
[0.637065, 0.010645, -0.42367, 0.492133, -0.487355]
[0.63708, 0.010563, -0.423669, 0.492132, -0.487357]
[0.637073, 0.010672, -0.42367, 0.492128, -0.487354]
[0.637071, 0.010549, -0.42367, 0.492128, -0.487354]
[0.637079, 0.010699, -0.42367, 0.492129, -0.487355]
[0.637064, 0.010631, -0.423669, 0.492131, -0.487357]
[0.637086, 0.010562, -0.423669, 0.492129, -0.487355]
[0.637066, 0.0107, -0.42367, 0.492131, -0.487354]
[0.637075, 0.010645, -0.423669, 0.492133, -0.487354]
[0.637073, 0.010622, -0.423669, 0.492133, -0.487354]
[0.637083, 0.010612, -0.42367, 0.492127, -0.487354]
[0.637065, 0.010624, -0.423669, 0.49213, -0.487355]
[0.637064, 0.010565, -0.423669, 0.492133, -0.487356]
[0.637063, 0.010558, -0.423669, 0.492131, -0.487353]
[0.63709, 0.010625, -0.42367, 0.492128, -0.487354]
[0.637067, 0.010686, -0.423669, 0.492131, -0.487357]
[0.637082, 0.010593, -0.423669, 0.492133, -0.487354]
[0.637066, 0.010703, -0.423669, 0.49213, -0.487357]
[0.637065, 0.010598, -0.42367, 0.492128, -0.487358]
[0.63709, 0.01069, -0.42367, 0.492131, -0.487357]
[0.637071, 0.010693, -0.42367, 0.492131, -0.487354]
[0.637085, 0.010636, -0.423669, 0.492129, -0.487353]
[0.637063, 0.010594, -0.423669, 0.492133, -0.487358]
[0.637084, 0.010576, -0.42367, 0.492132, -0.487354]
[0.637062, 0.01059, -0.423669, 0.492133, -0.487356]
[0.637083, 0.010563, -0.423669, 0.492132, -0.487355]
[0.637088, 0.010596, -0.423669, 0.492129, -0.487353]
[0.637069, 0.010701, -0.42367, 0.492131, -0.487357]
[0.637063, 0.010654, -0.42367, 0.492131, -0.487356]
[0.637061, 0.010677, -0.42367, 0.49213, -0.487354]
[0.637071, 0.010672, -0.423669, 0.492127, -0.487357]
[0.637089, 0.010631, -0.42367, 0.492131, -0.487357]
[0.637081, 0.010576, -0.42367, 0.49213, -0.487357]
[0.637077, 0.010607, -0.42367, 0.49213, -0.487357]
[0.637073, 0.010678, -0.42367, 0.492127, -0.487357]
[0.637077, 0.010572, -0.42367, 0.492128, -0.487355]
[0.637086, 0.010556, -0.42367, 0.492128, -0.487355]
[0.637069, 0.010625, -0.42367, 0.492132, -0.487355]
[0.637063, 0.010651, -0.423669, 0.492132, -0.487354]
[0.637089, 0.010678, -0.423669, 0.492132, -0.487354]
[0.637084, 0.010582, -0.423669, 0.492129, -0.487354]
[0.637066, 0.010566, -0.42367, 0.492132, -0.487356]
[0.637082, 0.010558, -0.423669, 0.492129, -0.487357]
[0.63708, 0.010562, -0.42367, 0.492128, -0.487357]
[0.637064, 0.010649, -0.42367, 0.492129, -0.487354]
[0.637082, 0.010678, -0.42367, 0.492128, -0.487355]
[0.637077, 0.010646, -0.423669, 0.492129, -0.487354]
[0.63709, 0.010596, -0.423669, 0.492132, -0.487354]
[0.637062, 0.010631, -0.423669, 0.492132, -0.487357]
[0.637074, 0.010567, -0.423669, 0.492128, -0.487355]
[0.637065, 0.010606, -0.42367, 0.492128, -0.487354]
[0.63708, 0.010619, -0.42367, 0.492131, -0.487356]
[0.637066, 0.01058, -0.42367, 0.492133, -0.487357]
[0.637078, 0.010646, -0.423669, 0.492132, -0.487356]
[0.637085, 0.010594, -0.423669, 0.492129, -0.487354]
[0.637065, 0.010689, -0.423669, 0.492131, -0.487356]
[0.637085, 0.010617, -0.42367, 0.492132, -0.487355]
[0.63709, 0.010694, -0.423669, 0.492127, -0.487358]
[0.637082, 0.010604, -0.423669, 0.492128, -0.487357]
[0.672572, 0.250801, 0.070067, 0.48768, -0.488225]
[0.634714, -0.082843, -0.107234, 0.473286, -0.477293]
[0.654467, -0.005231, 0.483787, 0.491747, -0.46654]
[0.671189, -0.379861, -0.147773, 0.469541, -0.466944]
[0.656835, -0.095923, 0.368721, 0.462537, -0.457333]
[0.643826, 0.391288, 0.110186, 0.493712, -0.457933]
[0.659615, -0.110638, 0.266077, 0.49213, -0.461599]
[0.640339, 0.49634, 0.127501, 0.467671, -0.479884]
[0.653567, 0.443659, -0.393456, 0.493417, -0.469117]
[0.634915, 0.196707, 0.337846, 0.455385, -0.479314]
[0.631145, 0.112198, -0.227078, 0.45018, -0.450592]
[0.675999, -0.131133, 0.054017, 0.458548, -0.464775]
[0.655664, -0.075858, -0.129638, 0.479928, -0.495879]
[0.651045, 0.411442, -0.180622, 0.483498, -0.462559]
[0.643133, 0.395556, -0.438551, 0.464157, -0.482152]
[0.631168, -0.139352, -0.41352, 0.451727, -0.464912]
[0.674509, 0.41276, 0.490057, 0.486994, -0.480766]
[0.624227, -0.367013, 0.203968, 0.453415, -0.451817]
[0.667873, 0.035176, 0.027529, 0.480943, -0.476864]
[0.632251, -0.097016, 0.413715, 0.492171, -0.474589]
[0.634129, 0.335708, -0.479939, 0.457582, -0.483106]
[0.669718, 0.265565, 0.13552, 0.459999, -0.483789]
[0.636258, -0.158997, 0.043891, 0.47886, -0.45481]
[0.608549, 0.343063, 0.379262, 0.496799, -0.489595]
[0.636889, 0.245502, 0.131896, 0.451156, -0.489397]
[0.679192, -0.234274, -0.261261, 0.46276, -0.452114]
[0.605537, -0.407846, -0.486376, 0.461712, -0.465352]
[0.647656, 0.038755, 0.069882, 0.468735, -0.469487]
[0.616106, 0.327567, 0.407681, 0.477034, -0.498706]
[0.678782, 0.468708, -0.404704, 0.479093, -0.495374]
[0.640816, -0.189047, -0.269242, 0.468589, -0.458595]
[0.678075, -0.03678, -0.245568, 0.47805, -0.484172]
[0.616935, -0.431926, 0.279471, 0.452402, -0.497358]
[0.668435, -0.447345, 0.05979, 0.498904, -0.491724]
[0.62951, -0.203155, -0.018254, 0.456507, -0.479154]
[0.669496, 0.345318, -0.379172, 0.466838, -0.455005]
[0.623947, -0.117985, 0.260403, 0.454186, -0.483372]
[0.600312, -0.004899, -0.306074, 0.486064, -0.451478]
[0.632216, -0.210625, -0.206617, 0.470747, -0.454116]
[0.63573, -0.118872, -0.440226, 0.490727, -0.454499]
[0.642918, 0.274381, 0.18709, 0.45115, -0.493559]
[0.616581, -0.104572, -0.300668, 0.45988, -0.491956]
[0.648658, 0.105608, -0.032967, 0.49292, -0.487883]
[0.63088, -0.305874, 0.013658, 0.459943, -0.473036]
[0.609499, -0.02892, 0.083893, 0.461642, -0.452666]
[0.659809, -0.133756, -0.208263, 0.456226, -0.475172]
[0.671261, 0.15544, -0.108612, 0.456945, -0.457147]
[0.668448, -0.47043, -0.254188, 0.467179, -0.475699]
[0.602008, 0.363584, -0.270865, 0.46173, -0.468045]
[0.661682, 0.164106, 0.301017, 0.455803, -0.487228]
[0.629888, -0.169175, 0.230137, 0.466925, -0.452448]
[0.674133, 0.200198, -0.127043, 0.482843, -0.478778]
[0.602975, 0.179311, 0.435515, 0.486837, -0.483657]
[0.638412, 0.447731, -0.347658, 0.491085, -0.468187]
[0.627631, -0.467849, 0.423043, 0.453617, -0.458956]
[0.645603, -0.140902, -0.444984, 0.494827, -0.460704]
[0.61296, 0.045972, -0.297692, 0.45084, -0.454963]
[0.629044, 0.31243, -0.11882, 0.464954, -0.461259]
[0.606754, -0.302602, 0.083282, 0.484875, -0.475135]
[0.642524, 0.287676, -0.393202, 0.458039, -0.490491]
[0.641325, 0.464805, -0.21019, 0.49835, -0.466186]
[0.645191, 0.125157, -0.015387, 0.487262, -0.485475]
[0.60956, -0.189491, -0.038857, 0.491879, -0.471889]
[0.636686, 0.341225, 0.08015, 0.477069, -0.495277]
[0.678205, 0.013427, -0.117925, 0.46305, -0.473337]
[0.615328, -0.435606, 0.19131, 0.46869, -0.494697]
[0.675842, -0.033435, 0.215172, 0.460685, -0.457322]
[0.621063, 0.141724, -0.465737, 0.475443, -0.464208]
[0.676178, -0.092724, 0.367184, 0.487862, -0.468606]
[0.60872, 0.070421, -0.434504, 0.486485, -0.497823]
[0.639797, -0.175284, -0.336684, 0.469842, -0.475779]
[0.66029, 0.473257, 0.108267, 0.450942, -0.494899]
[0.625533, -0.118712, 0.250864, 0.457803, -0.485242]
[0.617298, 0.002768, 0.148891, 0.471629, -0.486633]
[0.63301, -0.472817, 0.492434, 0.487953, -0.466122]
[0.636532, -0.408575, 0.321475, 0.487356, -0.473413]
[0.665471, 0.151186, 0.095054, 0.474954, -0.457635]
[0.60825, 0.326386, 0.32824, 0.491948, -0.479044]
[0.605016, 0.487626, -0.071738, 0.487672, -0.464002]
[0.622914, -0.326228, 0.140889, 0.491679, -0.455913]
[0.615133, 0.160543, 0.119767, 0.470334, -0.498578]
[0.642818, 0.224261, 0.088187, 0.450305, -0.48893]
[0.610096, -0.073567, 0.197089, 0.467472, -0.472882]
[0.608977, 0.15697, -0.387709, 0.47443, -0.478176]
[0.636158, 0.08499, -0.343779, 0.452338, -0.461364]
[0.649538, 0.253936, -0.172266, 0.462786, -0.498229]
[0.607541, -0.295495, -0.055701, 0.472127, -0.464497]
[0.644416, -0.259065, -0.445257, 0.457269, -0.456819]
[0.654766, -0.192241, 0.119335, 0.456677, -0.497219]
[0.653091, -0.37386, 0.035873, 0.486305, -0.47649]
[0.633331, -0.452093, -0.074683, 0.487635, -0.498333]
[0.638071, -0.490916, 0.075011, 0.481476, -0.479005]
[0.637724, -0.037759, 0.075608, 0.45522, -0.490251]
[0.607161, 0.087062, -0.475082, 0.497897, -0.477006]
[0.617065, -0.133009, -0.332538, 0.471055, -0.498272]
[0.639109, 0.211167, -0.477518, 0.483673, -0.493563]
[0.615205, 0.495558, -0.315097, 0.483399, -0.453418]
[0.668672, -0.13574, 0.13933, 0.487264, -0.477075]
[0.611548, -0.0526, -0.488246, 0.469489, -0.461875]
[0.67888, 0.499056, 0.077409, 0.456467, -0.464667]
[0.654838, 0.418947, 0.211765, 0.497305, -0.483775]
[0.640648, 0.217006, 0.469395, 0.480769, -0.493783]
[0.602688, -0.226554, -0.097028, 0.450491, -0.493239]
[0.617325, -0.151343, -0.204412, 0.495454, -0.497238]
[0.634914, -0.395514, 0.371089, 0.484155, -0.462036]
[0.643293, 0.162334, -0.353137, 0.458343, -0.49008]
[0.660727, -0.314945, 0.024211, 0.496183, -0.48644]
[0.673322, -0.328158, -0.073279, 0.475363, -0.497938]
[0.667198, 0.230472, -0.129578, 0.485086, -0.488978]
[0.614654, 0.283326, -0.415748, 0.466056, -0.458435]
[0.643179, 0.200193, -0.165287, 0.462793, -0.495891]
[0.670669, 0.104722, -0.254305, 0.481992, -0.469698]
[0.647886, -0.21231, -0.137217, 0.458051, -0.486282]
[0.654123, 0.396453, -0.091088, 0.471544, -0.459954]
[0.604845, -0.40267, 0.494768, 0.461722, -0.486892]
[0.679106, -0.404685, -0.185329, 0.498013, -0.475504]
[0.607676, -0.023609, 0.325889, 0.459706, -0.45797]
[0.626283, -0.057995, -0.023344, 0.453866, -0.454023]
[0.609645, 0.134796, 0.111788, 0.458559, -0.48858]
[0.625306, -0.024223, 0.364042, 0.457845, -0.484025]
[0.669272, -0.350455, 0.05566, 0.461048, -0.456608]
[0.651348, 0.204302, -0.387592, 0.473739, -0.473943]
[0.64133, -0.115868, -0.094354, 0.475853, -0.456161]
[0.645371, 0.455522, -0.281285, 0.469796, -0.492716]
[0.640571, -0.095866, 0.47773, 0.466893, -0.456288]
[0.670857, 0.373237, -0.216728, 0.451067, -0.470223]
[0.60925, 0.345354, -0.358732, 0.475399, -0.465052]
[0.604492, 0.320108, -0.249457, 0.492275, -0.465039]
[0.615874, 0.328483, -0.285414, 0.479274, -0.479842]
[0.669054, -0.33937, -0.108767, 0.479663, -0.465402]
[0.626412, -0.212264, 0.39039, 0.45481, -0.47698]
[0.624728, -0.148017, 0.008735, 0.468311, -0.496082]
[0.641055, -0.373376, 0.134998, 0.457181, -0.497028]
[0.636836, 0.220209, 0.334527, 0.494177, -0.458565]
[0.622555, -0.367588, 0.46028, 0.466836, -0.475169]
[0.609222, 0.052203, 0.270952, 0.481498, -0.458091]
[0.624421, 0.089542, -0.208709, 0.470399, -0.458074]
[0.676523, 0.416008, 0.029181, 0.483537, -0.493183]
[0.621655, -0.410824, 0.364245, 0.497293, -0.484688]
[0.611112, -0.414252, 0.215255, 0.453603, -0.48838]
[0.659589, -0.075204, -0.189216, 0.470308, -0.4821]
[0.679061, -0.004004, 0.257956, 0.476919, -0.486158]
[0.669478, 0.01358, -0.296143, 0.482728, -0.499703]
[0.652079, -0.197391, -0.114418, 0.460718, -0.495538]
[0.654089, 0.334848, 0.077232, 0.46688, -0.497352]
[0.611528, -0.054381, -0.043528, 0.492484, -0.480112]
[0.660994, -0.358662, -0.040457, 0.469848, -0.474781]
[0.646941, 0.008988, -0.493709, 0.470423, -0.462925]
[0.646077, -0.15352, -0.314727, 0.474802, -0.45005]
[0.625377, 0.431228, 0.037463, 0.466597, -0.472585]
[0.655409, -0.00636, 0.477018, 0.491978, -0.466428]
[0.654798, -0.008684, 0.487001, 0.491816, -0.466483]
[0.655952, -0.008855, 0.477279, 0.491956, -0.466239]
[0.654917, -0.005912, 0.479779, 0.491928, -0.466203]
[0.654461, -0.006977, 0.481546, 0.491664, -0.466282]
[0.65573, -0.007065, 0.486924, 0.491697, -0.466172]
[0.655833, -0.005515, 0.496973, 0.491843, -0.466258]
[0.654634, -0.007144, 0.49094, 0.491884, -0.46641]
[0.656661, -0.008604, 0.489116, 0.491695, -0.466271]
[0.655035, -0.008379, 0.488451, 0.491933, -0.4664]
[0.655442, -0.008925, 0.482618, 0.491825, -0.466221]
[0.65524, -0.005231, 0.484393, 0.491831, -0.46618]
[0.65675, -0.007727, 0.47932, 0.491856, -0.466218]
[0.654946, -0.007936, 0.495159, 0.49194, -0.466426]
[0.655034, -0.006109, 0.4844, 0.491729, -0.466097]
[0.65622, -0.006459, 0.479451, 0.491914, -0.466539]
[0.656205, -0.008353, 0.487287, 0.491991, -0.466318]
[0.65537, -0.006363, 0.475526, 0.491836, -0.466144]
[0.65496, -0.008967, 0.484104, 0.491786, -0.466427]
[0.655617, -0.006242, 0.496862, 0.491722, -0.466465]
[0.655048, -0.00866, 0.486232, 0.491872, -0.466164]
[0.655301, -0.007866, 0.471778, 0.491822, -0.466574]
[0.654718, -0.00867, 0.473756, 0.491667, -0.466347]
[0.656473, -0.004983, 0.480251, 0.491721, -0.466473]
[0.655932, -0.00852, 0.490901, 0.49194, -0.466133]
[0.656941, -0.007998, 0.476732, 0.491932, -0.466421]
[0.656106, -0.006949, 0.489618, 0.491689, -0.466227]
[0.656523, -0.005582, 0.4841, 0.491948, -0.466317]
[0.655138, -0.00656, 0.489832, 0.491983, -0.466125]
[0.655078, -0.00715, 0.498742, 0.491831, -0.466214]
[0.65551, -0.005662, 0.470548, 0.491791, -0.466557]
[0.656168, -0.005391, 0.479029, 0.491915, -0.466091]
[0.654343, -0.00684, 0.485627, 0.491788, -0.466524]
[0.654564, -0.006967, 0.482355, 0.491958, -0.466506]
[0.655539, -0.008739, 0.497651, 0.491666, -0.46643]
[0.654458, -0.007139, 0.473048, 0.491703, -0.466355]
[0.656301, -0.006473, 0.476173, 0.491772, -0.466206]
[0.655179, -0.008998, 0.493384, 0.491967, -0.466502]
[0.654425, -0.008356, 0.473393, 0.49199, -0.466321]
[0.655509, -0.008777, 0.491102, 0.491724, -0.466123]
[0.655919, -0.007015, 0.490155, 0.491964, -0.466135]
[0.655008, -0.007623, 0.494926, 0.491974, -0.466506]
[0.654681, -0.008915, 0.497092, 0.491833, -0.466419]
[0.656232, -0.005542, 0.479028, 0.491679, -0.466217]
[0.655783, -0.005509, 0.49488, 0.491816, -0.466129]
[0.655286, -0.004989, 0.479177, 0.491693, -0.46641]
[0.655003, -0.0076, 0.476584, 0.491962, -0.466229]
[0.656138, -0.006839, 0.489805, 0.491686, -0.466361]
[0.656281, -0.008572, 0.472634, 0.491806, -0.466446]
[0.654518, -0.006431, 0.480025, 0.491697, -0.46647]
[0.655385, -0.005512, 0.498822, 0.49181, -0.466283]
[0.656308, -0.00741, 0.47784, 0.491923, -0.466143]
[0.654949, -0.007433, 0.473139, 0.491767, -0.46634]
[0.65589, -0.007933, 0.497159, 0.491988, -0.466134]
[0.655526, -0.007107, 0.479607, 0.491855, -0.466141]
[0.655147, -0.006936, 0.477068, 0.491824, -0.466092]
[0.656147, -0.005899, 0.486446, 0.491781, -0.466215]
[0.655664, -0.008764, 0.470996, 0.491798, -0.466232]
[0.654941, -0.005727, 0.483348, 0.491687, -0.466385]
[0.654751, -0.006079, 0.493342, 0.491708, -0.466268]
[0.655153, -0.008906, 0.470299, 0.49191, -0.466367]
[0.656231, -0.007143, 0.471031, 0.491968, -0.466148]
[0.655833, -0.004985, 0.477174, 0.491712, -0.466251]
[0.655809, -0.007478, 0.484774, 0.491894, -0.466566]
[0.655698, -0.006685, 0.496617, 0.49176, -0.466096]
[0.65683, -0.006146, 0.476681, 0.491892, -0.466402]
[0.655197, -0.005929, 0.482939, 0.491671, -0.466469]
[0.654415, -0.005148, 0.471496, 0.491852, -0.466375]
[0.654669, -0.005974, 0.499068, 0.491726, -0.466542]
[0.656028, -0.008937, 0.499842, 0.491892, -0.46615]
[0.655033, -0.005253, 0.481554, 0.491843, -0.46626]
[0.654494, -0.00877, 0.476262, 0.491677, -0.466296]
[0.654883, -0.00791, 0.486302, 0.491891, -0.466134]
[0.654455, -0.00507, 0.470216, 0.491964, -0.466268]
[0.656648, -0.00549, 0.488202, 0.491895, -0.466321]
[0.655355, -0.006052, 0.487358, 0.491902, -0.466094]
[0.655661, -0.009025, 0.499374, 0.491729, -0.466094]
[0.655885, -0.008284, 0.470949, 0.491945, -0.466319]
[0.655467, -0.00551, 0.486671, 0.491676, -0.46614]
[0.654831, -0.006065, 0.490708, 0.491789, -0.466326]
[0.655768, -0.005405, 0.489533, 0.491937, -0.466416]
[0.656128, -0.005363, 0.473861, 0.491693, -0.466122]
[0.654473, -0.006176, 0.473772, 0.491754, -0.466362]
[0.655084, -0.007386, 0.481096, 0.491841, -0.466324]
[0.655833, -0.00761, 0.491898, 0.491984, -0.466496]
[0.655952, -0.005515, 0.492895, 0.491664, -0.46611]
[0.656201, -0.008606, 0.49799, 0.491928, -0.466241]
[0.656598, -0.005852, 0.493348, 0.491805, -0.466193]
[0.656267, -0.005138, 0.490838, 0.491947, -0.466505]
[0.656745, -0.005943, 0.471376, 0.491817, -0.466426]
[0.656652, -0.007798, 0.489442, 0.491897, -0.466111]
[0.655077, -0.008882, 0.498754, 0.491994, -0.466508]
[0.655538, -0.007665, 0.490224, 0.491679, -0.466381]
[0.656039, -0.006071, 0.482184, 0.491983, -0.466562]
[0.654783, -0.006751, 0.486601, 0.491676, -0.46611]
[0.655604, -0.008026, 0.477432, 0.491994, -0.466464]
[0.656481, -0.00735, 0.483564, 0.4917, -0.466225]
[0.654768, -0.00658, 0.497149, 0.491776, -0.466359]
[0.656497, -0.008921, 0.476773, 0.49172, -0.466401]
[0.656932, -0.006862, 0.494056, 0.491766, -0.466132]
[0.656823, -0.008945, 0.493187, 0.491813, -0.466474]
[0.656021, -0.007038, 0.478483, 0.491788, -0.466277]
[0.654787, -0.005896, 0.475246, 0.491667, -0.466282]
[0.654662, -0.008599, 0.490059, 0.491772, -0.466318]
[0.655064, -0.007248, 0.495116, 0.491993, -0.466569]
[0.656633, -0.00525, 0.481769, 0.49171, -0.466246]
[0.656224, -0.007183, 0.478067, 0.491938, -0.466392]
[0.655439, -0.006469, 0.495232, 0.49182, -0.466527]
[0.656231, -0.00709, 0.484117, 0.491742, -0.466566]
[0.656448, -0.00753, 0.480589, 0.491921, -0.466451]
[0.655562, -0.00654, 0.488775, 0.491884, -0.466542]
[0.655692, -0.005081, 0.485909, 0.491876, -0.466214]
[0.655761, -0.005285, 0.486053, 0.491959, -0.466539]
[0.654705, -0.005455, 0.493283, 0.491948, -0.466537]
[0.655238, -0.006636, 0.490882, 0.491914, -0.466433]
[0.655447, -0.00728, 0.481541, 0.491777, -0.466574]
[0.656704, -0.007642, 0.48296, 0.491798, -0.466138]
[0.6564, -0.006219, 0.496948, 0.491731, -0.466269]
[0.656601, -0.007149, 0.473527, 0.491671, -0.466101]
[0.655864, -0.005305, 0.475967, 0.491749, -0.466396]
[0.654998, -0.005067, 0.496203, 0.491926, -0.466164]
[0.656601, -0.005403, 0.481448, 0.491862, -0.466442]
[0.654474, -0.006094, 0.47445, 0.491952, -0.466273]
[0.656477, -0.007329, 0.477988, 0.491877, -0.466177]
[0.655279, -0.005519, 0.498727, 0.491904, -0.466447]
[0.654532, -0.008491, 0.491829, 0.491722, -0.466336]
[0.655062, -0.006597, 0.482906, 0.49181, -0.46613]
[0.655377, -0.00877, 0.481032, 0.491928, -0.466163]
[0.656846, -0.006961, 0.472287, 0.491839, -0.466348]
[0.655943, -0.005483, 0.478841, 0.491936, -0.466556]
[0.656284, -0.007595, 0.48226, 0.491839, -0.466576]
[0.656253, -0.008173, 0.482819, 0.491907, -0.466526]
[0.654641, -0.006562, 0.495027, 0.491733, -0.466132]
[0.656228, -0.006385, 0.47898, 0.491727, -0.466095]
[0.656524, -0.008094, 0.492797, 0.491869, -0.466516]
[0.656494, -0.006015, 0.484603, 0.491696, -0.466265]
[0.655875, -0.006333, 0.499932, 0.491754, -0.466217]
[0.65437, -0.007518, 0.477417, 0.491967, -0.466477]
[0.655742, -0.008813, 0.488016, 0.491833, -0.466443]
[0.656942, -0.005662, 0.479984, 0.491752, -0.466318]
[0.655383, -0.005595, 0.4879, 0.491679, -0.466321]
[0.656296, -0.00842, 0.481166, 0.491983, -0.466264]
[0.656516, -0.00505, 0.498281, 0.491986, -0.466153]
[0.656117, -0.006512, 0.499056, 0.491738, -0.466371]
[0.654465, -0.007828, 0.480871, 0.491797, -0.466227]
[0.655371, -0.005175, 0.474139, 0.491925, -0.46619]
[0.65567, -0.005395, 0.484069, 0.491751, -0.466558]
[0.654935, -0.008496, 0.470421, 0.491895, -0.466122]
[0.65685, -0.006427, 0.474301, 0.491979, -0.466097]
[0.655628, -0.005063, 0.475616, 0.49175, -0.466233]
[0.654698, -0.005963, 0.499928, 0.491726, -0.466542]
[0.654688, -0.005963, 0.499818, 0.491726, -0.466548]
[0.654707, -0.005966, 0.49967, 0.491723, -0.466548]
[0.654695, -0.00597, 0.499621, 0.491725, -0.466544]
[0.654699, -0.00597, 0.499785, 0.491727, -0.466543]
[0.654682, -0.005974, 0.499298, 0.491722, -0.466548]
[0.654679, -0.005965, 0.499962, 0.491724, -0.466544]
[0.654677, -0.005952, 0.499729, 0.491723, -0.466543]
[0.654666, -0.005969, 0.499359, 0.491724, -0.466548]
[0.654672, -0.005963, 0.499328, 0.491724, -0.466548]
[0.654698, -0.005976, 0.499641, 0.491726, -0.466544]
[0.654701, -0.005968, 0.499826, 0.491726, -0.466546]
[0.654706, -0.005958, 0.499999, 0.491723, -0.466547]
[0.654672, -0.005975, 0.49947, 0.491723, -0.466549]
[0.654708, -0.005958, 0.499831, 0.491723, -0.466542]
[0.654684, -0.00596, 0.499749, 0.491727, -0.466542]
[0.654698, -0.00597, 0.499814, 0.491725, -0.466546]
[0.654695, -0.005956, 0.499276, 0.491722, -0.466547]
[0.654701, -0.00596, 0.499858, 0.491724, -0.466549]
[0.654683, -0.005973, 0.499353, 0.491723, -0.466543]
[0.654713, -0.005958, 0.499644, 0.491724, -0.466541]
[0.654694, -0.005954, 0.499919, 0.491722, -0.466547]
[0.654697, -0.005973, 0.49967, 0.491726, -0.466547]
[0.654682, -0.005964, 0.499777, 0.491725, -0.466542]
[0.654675, -0.00595, 0.499723, 0.491725, -0.466546]
[0.654703, -0.005958, 0.499515, 0.491726, -0.466547]
[0.654676, -0.005956, 0.499482, 0.491726, -0.466541]
[0.654693, -0.005969, 0.499741, 0.491725, -0.466541]
[0.654675, -0.005965, 0.499786, 0.491727, -0.466542]
[0.654705, -0.005952, 0.499416, 0.491727, -0.466546]
[0.654689, -0.005958, 0.499287, 0.491722, -0.466541]
[0.654666, -0.00596, 0.499085, 0.491723, -0.466549]
[0.654665, -0.005974, 0.499751, 0.491726, -0.466541]
[0.654665, -0.00597, 0.499545, 0.491726, -0.466544]
[0.654674, -0.005959, 0.499554, 0.491726, -0.466549]
[0.65471, -0.005959, 0.499645, 0.491725, -0.466547]
[0.654679, -0.005956, 0.499418, 0.491722, -0.466544]
[0.654684, -0.005969, 0.499336, 0.491723, -0.466543]
[0.654675, -0.005955, 0.499111, 0.491726, -0.466547]
[0.654696, -0.005969, 0.499864, 0.491726, -0.466542]
[0.654681, -0.005963, 0.499671, 0.491723, -0.466541]
[0.654692, -0.005972, 0.499105, 0.491726, -0.46655]
[0.6547, -0.005964, 0.499606, 0.491723, -0.466545]
[0.654682, -0.005968, 0.499333, 0.491724, -0.466548]
[0.654679, -0.005951, 0.499959, 0.491725, -0.466546]
[0.654695, -0.005958, 0.499628, 0.491723, -0.466545]
[0.654682, -0.005967, 0.499851, 0.491725, -0.466544]
[0.654696, -0.005953, 0.499503, 0.491722, -0.466544]
[0.65468, -0.005951, 0.499409, 0.491726, -0.466549]
[0.654699, -0.005968, 0.499099, 0.491724, -0.466546]
[0.654691, -0.00595, 0.499589, 0.491726, -0.466546]
[0.654672, -0.005963, 0.499765, 0.491722, -0.466548]
[0.654678, -0.005955, 0.499439, 0.491723, -0.466547]
[0.654672, -0.005966, 0.499447, 0.491723, -0.466544]
[0.654712, -0.005968, 0.499136, 0.491725, -0.466542]
[0.654713, -0.00595, 0.499637, 0.491724, -0.466542]
[0.654686, -0.00597, 0.499332, 0.491724, -0.466541]
[0.654696, -0.005976, 0.499441, 0.491722, -0.466549]
[0.654678, -0.005963, 0.499669, 0.491725, -0.466549]
[0.654696, -0.00596, 0.499832, 0.491724, -0.466545]
[0.654676, -0.005965, 0.499348, 0.491727, -0.466546]
[0.65467, -0.005974, 0.499389, 0.491725, -0.46655]
[0.654691, -0.005952, 0.499179, 0.491722, -0.466547]
[0.654678, -0.005959, 0.499376, 0.491725, -0.466541]
[0.654687, -0.005971, 0.499442, 0.491725, -0.466543]
[0.654683, -0.005974, 0.499389, 0.491722, -0.466544]
[0.654665, -0.005974, 0.499229, 0.491726, -0.466546]
[0.654695, -0.005972, 0.49986, 0.491727, -0.466548]
[0.654696, -0.005969, 0.499199, 0.491724, -0.466549]
[0.654686, -0.005964, 0.499492, 0.491724, -0.466541]
[0.654684, -0.005963, 0.499445, 0.491723, -0.466544]
[0.654688, -0.00597, 0.499972, 0.491725, -0.466549]
[0.654684, -0.005958, 0.499141, 0.491724, -0.466547]
[0.654696, -0.005958, 0.499147, 0.491725, -0.466544]
[0.654685, -0.005954, 0.499348, 0.491724, -0.466541]
[0.654676, -0.005969, 0.499588, 0.491725, -0.466548]
[0.65468, -0.005956, 0.499249, 0.491722, -0.466544]
[0.654699, -0.005965, 0.499382, 0.491722, -0.466547]
[0.654675, -0.005959, 0.499645, 0.491724, -0.466541]
[0.654702, -0.005962, 0.499291, 0.491724, -0.466543]
[0.654711, -0.005955, 0.499782, 0.491727, -0.466547]
[0.654686, -0.005952, 0.499642, 0.491724, -0.466548]
[0.654705, -0.005962, 0.499083, 0.491724, -0.466543]
[0.654681, -0.005976, 0.499518, 0.491723, -0.466544]
[0.654665, -0.005972, 0.499514, 0.491724, -0.466548]
[0.654703, -0.005953, 0.499635, 0.491722, -0.466546]
[0.654706, -0.00597, 0.499889, 0.491723, -0.466544]
[0.654706, -0.005953, 0.499922, 0.491726, -0.466545]
[0.654692, -0.005969, 0.499818, 0.491723, -0.466547]
[0.654689, -0.005951, 0.499626, 0.491724, -0.466548]
[0.654696, -0.005952, 0.499704, 0.491726, -0.466547]
[0.65467, -0.005955, 0.499711, 0.491722, -0.466547]
[0.654698, -0.005971, 0.499257, 0.491724, -0.466545]
[0.654699, -0.005956, 0.499342, 0.491726, -0.466548]
[0.654701, -0.005965, 0.499819, 0.491727, -0.466546]
[0.654672, -0.005965, 0.499838, 0.491723, -0.466546]
[0.654683, -0.005949, 0.49984, 0.491727, -0.466546]
[0.654711, -0.00596, 0.499798, 0.491723, -0.466549]
[0.654682, -0.005956, 0.499667, 0.491724, -0.466546]
[0.654671, -0.005976, 0.49991, 0.491722, -0.466546]
[0.654711, -0.005951, 0.499603, 0.491723, -0.466547]
[0.654703, -0.00595, 0.499745, 0.491727, -0.46655]
[0.654699, -0.005957, 0.499664, 0.491724, -0.466547]
[0.654678, -0.005953, 0.499346, 0.491723, -0.466548]
[0.654678, -0.005972, 0.499438, 0.491724, -0.466543]
[0.654677, -0.005953, 0.499449, 0.491725, -0.466545]
[0.654672, -0.005958, 0.499664, 0.491723, -0.466548]
[0.654697, -0.005973, 0.49993, 0.491727, -0.466548]
[0.654668, -0.00595, 0.499878, 0.491722, -0.466545]
[0.654664, -0.005961, 0.499271, 0.491725, -0.466542]
[0.654708, -0.005951, 0.49955, 0.491722, -0.466544]
[0.654701, -0.005974, 0.499088, 0.491724, -0.466541]
[0.654669, -0.005963, 0.499298, 0.491724, -0.466541]
[0.654686, -0.005968, 0.499558, 0.491723, -0.466541]
[0.654693, -0.005949, 0.499737, 0.491726, -0.466545]
[0.654707, -0.005967, 0.499085, 0.491723, -0.466545]
[0.654697, -0.005955, 0.499659, 0.491723, -0.466549]
[0.654672, -0.005953, 0.499517, 0.491722, -0.466548]
[0.654664, -0.005961, 0.499114, 0.491726, -0.466547]
[0.654709, -0.00596, 0.499416, 0.491727, -0.466545]
[0.654685, -0.005951, 0.499123, 0.491724, -0.466547]
[0.654703, -0.005962, 0.499259, 0.491725, -0.466544]
[0.654686, -0.00595, 0.499318, 0.491725, -0.466542]
[0.654688, -0.005965, 0.499959, 0.491723, -0.46655]
[0.654697, -0.005972, 0.499908, 0.491726, -0.466543]
[0.654677, -0.005953, 0.499714, 0.491725, -0.466546]
[0.65469, -0.005974, 0.499624, 0.491727, -0.466548]
[0.654706, -0.005971, 0.499984, 0.491722, -0.466549]
[0.654667, -0.005956, 0.499816, 0.491727, -0.466542]
[0.654691, -0.005953, 0.499409, 0.491724, -0.466541]
[0.654698, -0.005961, 0.499457, 0.491723, -0.466547]
[0.654698, -0.005974, 0.499976, 0.491726, -0.466543]
[0.654683, -0.00597, 0.499782, 0.491727, -0.466547]
[0.654665, -0.005951, 0.499659, 0.491725, -0.466543]
[0.65471, -0.005956, 0.499382, 0.491726, -0.466545]
[0.654667, -0.005965, 0.499273, 0.491725, -0.466541]
[0.654704, -0.005971, 0.499172, 0.491724, -0.466545]
[0.654669, -0.005958, 0.499643, 0.491724, -0.466541]
[0.654673, -0.005956, 0.499541, 0.491725, -0.466547]
[0.654696, -0.005951, 0.499511, 0.491725, -0.466543]
[0.654699, -0.005956, 0.499707, 0.491725, -0.466548]
[0.654689, -0.005962, 0.499089, 0.491725, -0.466546]
[0.65467, -0.005953, 0.49989, 0.491724, -0.466546]
[0.654697, -0.005961, 0.499997, 0.491727, -0.466542]
[0.654681, -0.00596, 0.499426, 0.491725, -0.466547]
[0.654677, -0.005956, 0.499502, 0.491724, -0.466545]
[0.654708, -0.005971, 0.499883, 0.491724, -0.466548]
[0.654697, -0.005959, 0.499138, 0.491726, -0.466549]
[0.654665, -0.005954, 0.499385, 0.491726, -0.466544]
[0.654674, -0.005974, 0.499183, 0.491723, -0.466542]
[0.65467, -0.005976, 0.499912, 0.491722, -0.466546]
[0.65467, -0.005976, 0.49991, 0.491722, -0.466546]
[0.65467, -0.005976, 0.499914, 0.491722, -0.466546]
[0.654671, -0.005976, 0.499915, 0.491722, -0.466546]
[0.654671, -0.005976, 0.499914, 0.491722, -0.466546]
[0.65467, -0.005976, 0.499913, 0.491722, -0.466546]
[0.65467, -0.005976, 0.499915, 0.491722, -0.466546]
[0.65467, -0.005976, 0.499909, 0.491722, -0.466546]
[0.654671, -0.005976, 0.499912, 0.491722, -0.466546]
[0.65467, -0.005976, 0.499911, 0.491722, -0.466546]
[0.654671, -0.005976, 0.499909, 0.491722, -0.466546]
[0.654671, -0.005976, 0.499911, 0.491722, -0.466546]
[0.654671, -0.005976, 0.499913, 0.491722, -0.466546]
[0.654671, -0.005976, 0.499916, 0.491722, -0.466546]
[0.65467, -0.005976, 0.499916, 0.491722, -0.466546]
[0.65467, -0.005976, 0.499917, 0.491722, -0.466546]
[0.654671, -0.005976, 0.499917, 0.491722, -0.466546]
