Status: non-adversarial inputs found
[0.607615, -0.438856, -0.159723, 0.459266, -0.455047]
[0.62632, -0.350528, -0.011333, 0.450983, -0.465874]
[0.629449, -0.253478, -0.409729, 0.462321, -0.475479]
[0.620939, -0.28879, 0.452163, 0.466891, -0.471506]
[0.648036, 0.444208, 0.027723, 0.493822, -0.468246]
[0.600111, 0.219598, -0.405877, 0.476216, -0.475253]
[0.619188, 0.199636, -0.029348, 0.483556, -0.47656]
[0.651717, 0.456945, -0.019039, 0.470655, -0.493844]
[0.606304, -0.14899, 0.276172, 0.469005, -0.453543]
[0.671262, -0.262893, 0.042321, 0.462644, -0.452377]
[0.631762, -0.251363, 0.186385, 0.491222, -0.473606]
[0.611157, -0.22017, -0.171712, 0.494145, -0.455959]
[0.672352, 0.379029, -0.118355, 0.491707, -0.460009]
[0.658247, 0.079707, 0.484629, 0.460648, -0.466627]
[0.628081, 0.025006, 0.156866, 0.464756, -0.454477]
[0.674212, 0.395033, 0.010384, 0.479504, -0.487317]
[0.615304, 0.216353, -0.396355, 0.45368, -0.464556]
[0.663835, -0.279488, 0.430561, 0.460594, -0.473494]
[0.671225, -0.214749, 0.265694, 0.450116, -0.474558]
[0.671764, 0.323917, -0.28342, 0.464441, -0.459755]
[0.634621, 0.462715, -0.259441, 0.484806, -0.453965]
[0.640492, 0.027625, 0.455427, 0.487303, -0.457961]
[0.62247, -0.456227, 0.190393, 0.485275, -0.479668]
[0.601906, 0.462247, -0.165891, 0.4883, -0.453584]
[0.675071, 0.473996, 0.106967, 0.497487, -0.455705]
[0.644913, 0.304059, 0.120194, 0.481216, -0.49278]
[0.679849, -0.026012, 0.149043, 0.480206, -0.47659]
[0.669458, 0.487651, 0.054927, 0.451099, -0.45629]
[0.666892, -0.144143, -0.461105, 0.498079, -0.466324]
[0.656031, -0.243922, -0.103724, 0.483627, -0.469004]
[0.602133, -0.498115, -0.369591, 0.479394, -0.456432]
[0.635261, 0.267136, -0.494887, 0.476174, -0.493576]
[0.639247, 0.200356, -0.16687, 0.48991, -0.479147]
[0.632448, -0.2903, -0.296404, 0.498956, -0.468872]
[0.621158, 0.272723, 0.262916, 0.460731, -0.477]
[0.624525, -0.290619, -0.091376, 0.450066, -0.468354]
[0.623327, -0.10295, -0.293008, 0.457365, -0.494238]
[0.63718, 0.341572, -0.259791, 0.456284, -0.471195]
[0.652137, -0.217957, 0.097633, 0.466228, -0.48674]
[0.633565, 0.087025, -0.202792, 0.462686, -0.492522]
[0.66745, -0.101156, -0.127573, 0.487858, -0.496875]
[0.674865, 0.131686, 0.120431, 0.49725, -0.463316]
[0.678694, -0.436459, 0.360296, 0.49395, -0.480324]
[0.619529, -0.197878, 0.376289, 0.475745, -0.493546]
[0.601833, -0.015564, -0.291475, 0.452096, -0.488552]
[0.627906, 0.441716, 0.06598, 0.454774, -0.482843]
[0.627638, 0.190101, -0.125169, 0.488612, -0.491782]
[0.600309, 0.094675, -0.230872, 0.49695, -0.459005]
[0.677764, 0.030158, 0.416961, 0.483573, -0.450619]
[0.664928, -0.170029, -0.083215, 0.463718, -0.490813]
[0.673795, 0.313321, -0.055758, 0.499909, -0.48304]
[0.639721, -0.215603, -0.178672, 0.487214, -0.479181]
[0.653173, -0.085185, 0.309989, 0.46154, -0.47793]
[0.636725, -0.174797, 0.495422, 0.471647, -0.478186]
[0.672271, -0.119337, -0.006411, 0.483549, -0.473739]
[0.639685, -0.396182, 0.217385, 0.457223, -0.460981]
[0.637587, -0.291201, -0.005605, 0.463796, -0.463229]
[0.65982, 0.453767, -0.459107, 0.493905, -0.470579]
[0.672488, -0.359727, 0.019734, 0.474135, -0.452653]
[0.676073, -0.274154, -0.047967, 0.488972, -0.48195]
[0.679728, -0.499313, 0.055855, 0.474702, -0.459518]
[0.660676, -0.02567, 0.39357, 0.455893, -0.473066]
[0.660644, -0.015522, -0.109744, 0.467245, -0.472479]
[0.666208, 0.469397, 0.20255, 0.491896, -0.470397]
[0.641605, 0.05723, -0.044477, 0.490088, -0.455695]
[0.641802, -0.315887, -0.167538, 0.483418, -0.455089]
[0.607906, 0.168387, 0.498727, 0.466003, -0.470184]
[0.660481, 0.375005, 0.111423, 0.485469, -0.489025]
[0.668055, 0.017191, 0.385358, 0.492397, -0.453882]
[0.634241, 0.05704, 0.244152, 0.483138, -0.46027]
[0.661145, 0.100614, -0.057164, 0.497454, -0.466298]
[0.672147, 0.102556, 0.398838, 0.491654, -0.466004]
[0.663255, 0.405626, -0.047954, 0.479142, -0.498643]
[0.635638, -0.178582, -0.016269, 0.488715, -0.454171]
[0.611669, 0.491929, 0.488283, 0.481132, -0.482331]
[0.648207, -0.142057, -0.437754, 0.464101, -0.462571]
[0.622055, 0.25158, 0.3025, 0.489812, -0.480679]
[0.600994, 0.49193, 0.179487, 0.451185, -0.458787]
[0.611778, 0.447903, 0.115133, 0.496057, -0.465908]
[0.60876, 0.158215, 0.267786, 0.483875, -0.465136]
[0.668335, 0.427298, 0.154254, 0.463839, -0.45122]
[0.645252, -0.430095, 0.446887, 0.46155, -0.484474]
[0.652433, 0.339967, -0.152596, 0.456265, -0.475573]
[0.668303, 0.031842, -0.145538, 0.455346, -0.497287]
[0.622282, 0.26222, -0.227075, 0.470651, -0.48596]
[0.612436, 0.27646, 0.258778, 0.470306, -0.491653]
[0.643975, -0.051564, -0.239306, 0.464644, -0.459129]
[0.619042, 0.413313, 0.183804, 0.486795, -0.45134]
[0.642812, 0.267361, 0.212914, 0.463514, -0.455843]
[0.669184, -0.188352, 0.055248, 0.458675, -0.46094]
[0.619134, -0.079488, 0.117993, 0.45102, -0.485735]
[0.674529, 0.107675, 0.336347, 0.469155, -0.473359]
[0.669453, 0.441978, 0.4667, 0.476715, -0.450917]
[0.670134, -0.069376, 0.281293, 0.484854, -0.488282]
[0.615217, 0.01087, 0.387354, 0.452, -0.459183]
[0.642802, -0.011694, -0.120769, 0.486847, -0.4955]
[0.619645, -0.440266, 0.461221, 0.450277, -0.461144]
[0.675855, -0.21756, 0.125427, 0.471666, -0.484285]
[0.661373, 0.319883, -0.288782, 0.475943, -0.498125]
[0.670153, -0.478923, -0.252716, 0.483824, -0.493297]
[0.606792, -0.13561, -0.093859, 0.457482, -0.497049]
[0.61494, -0.237081, -0.104874, 0.491226, -0.46994]
[0.679261, -0.493682, 0.000274, 0.461702, -0.469186]
[0.663305, 0.061861, -0.397741, 0.485402, -0.489114]
[0.658499, -0.40368, 0.064787, 0.473863, -0.484949]
[0.661868, 0.039139, 0.467359, 0.464623, -0.460906]
[0.653071, -0.081252, 0.123404, 0.465948, -0.458468]
[0.640899, -0.268436, 0.479956, 0.499246, -0.483131]
[0.671622, -0.44485, -0.239263, 0.480913, -0.45427]
[0.616635, 0.13643, -0.490266, 0.452343, -0.46821]
[0.658625, 0.024323, -0.489992, 0.498204, -0.488721]
[0.665331, -0.475525, -0.399336, 0.45222, -0.471119]
[0.619593, 0.258249, -0.000575, 0.479146, -0.495547]
[0.623576, -0.278205, 0.173876, 0.460525, -0.464634]
[0.607388, -0.180037, 0.33719, 0.496111, -0.462354]
[0.628878, 0.001967, -0.246139, 0.466161, -0.474058]
[0.621635, -0.250335, 0.119198, 0.46306, -0.482729]
[0.657181, -0.179869, -0.100361, 0.463542, -0.471387]
[0.629064, -0.438658, 0.293943, 0.475061, -0.460543]
[0.603339, 0.296481, -0.436414, 0.485018, -0.463361]
[0.616827, -0.225727, -0.49789, 0.458269, -0.476478]
[0.634438, 0.175994, -0.268776, 0.454372, -0.469912]
[0.670313, -0.202011, -0.208257, 0.494317, -0.47798]
[0.604424, 0.251629, -0.201008, 0.478434, -0.477262]
[0.645356, -0.228581, 0.366947, 0.464124, -0.458811]
[0.618039, -0.093231, 0.004919, 0.49734, -0.491964]
[0.668631, -0.147811, 0.360857, 0.495125, -0.47116]
[0.649714, -0.497033, 0.308377, 0.477198, -0.472094]
[0.662572, -0.097958, -0.12741, 0.459374, -0.48135]
[0.655614, 0.420783, -0.311935, 0.477617, -0.498317]
[0.653479, 0.131116, -0.094476, 0.491158, -0.46956]
[0.612121, -0.137165, -0.227753, 0.492849, -0.478343]
[0.635361, 0.472478, 0.494713, 0.472026, -0.488566]
[0.647125, -0.043648, 0.149849, 0.460938, -0.474123]
[0.600062, -0.018754, -0.406041, 0.460702, -0.483425]
[0.607683, -0.077697, -0.09425, 0.486026, -0.458873]
[0.631975, -0.2325, -0.489449, 0.48927, -0.474205]
[0.654382, 0.413507, 0.43108, 0.475539, -0.458921]
[0.640416, -0.240747, -0.069042, 0.472916, -0.484675]
[0.663955, -0.194533, -0.487096, 0.464975, -0.498289]
[0.672483, 0.356077, 0.021898, 0.475257, -0.494947]
[0.600092, -0.443726, -0.407133, 0.496237, -0.452369]
[0.651755, 0.224712, 0.440673, 0.463038, -0.483335]
[0.643904, 0.005365, -0.078063, 0.469186, -0.482361]
[0.646874, -0.141532, 0.360024, 0.470075, -0.498191]
[0.629305, -0.096629, -0.040291, 0.470284, -0.470562]
[0.640155, -0.426282, 0.0157, 0.458099, -0.478194]
[0.67394, -0.403217, 0.070134, 0.489379, -0.472252]
[0.616444, 0.194387, 0.182557, 0.490623, -0.463131]
[0.609058, 0.119505, 0.368931, 0.477178, -0.469282]
[0.614624, -0.398282, -0.030818, 0.476569, -0.495456]
[0.618882, 0.251138, 0.444924, 0.471264, -0.486305]
[0.627299, -0.427358, -0.068088, 0.494304, -0.474223]
[0.600567, 0.464412, -0.032189, 0.476364, -0.46341]
[0.607525, -0.286683, -0.339763, 0.498614, -0.499447]
[0.626296, 0.160077, 0.105907, 0.484843, -0.468163]
[0.662544, 0.225573, -0.149974, 0.479146, -0.476798]
[0.627785, -0.024143, 0.342663, 0.48818, -0.49753]
[0.647772, 0.052397, -0.134664, 0.491829, -0.451171]
[0.656887, 0.134016, -0.192281, 0.48319, -0.479559]
[0.630595, -0.35581, 0.318617, 0.458809, -0.486267]
[0.650931, 0.003111, 0.13044, 0.469503, -0.456469]
[0.63589, -0.245092, 0.296197, 0.46084, -0.464828]
[0.652487, 0.100152, -0.427289, 0.467821, -0.490162]
[0.651008, -0.455433, -0.106901, 0.472786, -0.495825]
[0.648944, -0.438341, -0.333185, 0.454818, -0.458057]
[0.628042, -0.02118, -0.164239, 0.476551, -0.495606]
[0.662644, 0.282682, -0.447094, 0.463324, -0.483062]
[0.613549, 0.217624, -0.358313, 0.456648, -0.489882]
[0.608315, -0.128192, -0.247184, 0.476432, -0.471753]
[0.655524, 0.278028, 0.202492, 0.480524, -0.494313]
[0.600874, 0.114279, -0.343509, 0.495129, -0.46713]
[0.661375, -0.469214, -0.095847, 0.462346, -0.489427]
[0.639654, -0.286353, -0.063516, 0.451927, -0.498898]
[0.658779, -0.031632, -0.210126, 0.466966, -0.477994]
[0.622394, 0.190692, 0.388932, 0.469135, -0.490266]
[0.625931, 0.427737, 0.108231, 0.450261, -0.460065]
[0.606465, -0.493149, -0.207494, 0.458319, -0.478102]
[0.647101, 0.016774, 0.277371, 0.468983, -0.476648]
[0.618407, -0.321647, -0.101839, 0.45376, -0.492494]
[0.674446, -0.206884, 0.115097, 0.494054, -0.481356]
[0.623979, 0.295196, -0.386712, 0.486773, -0.465568]
[0.603916, 0.005145, 0.252836, 0.455579, -0.451122]
[0.644463, -0.130211, 0.207461, 0.466506, -0.452036]
[0.619463, -0.2204, -0.046608, 0.459721, -0.461155]
[0.643265, 0.242404, 0.477398, 0.46296, -0.489563]
[0.646929, -0.181476, 0.042284, 0.459671, -0.480147]
[0.670417, -0.035003, -0.011711, 0.450912, -0.496818]
[0.666524, -0.461228, -0.286662, 0.468835, -0.484418]
[0.6558, -0.361092, 0.4257, 0.499991, -0.457274]
[0.615307, -0.050156, 0.141462, 0.484969, -0.482326]
[0.668231, -0.211878, -0.430058, 0.471762, -0.4979]
[0.625399, -0.495988, 0.181446, 0.496096, -0.459393]
[0.621445, -0.2538, -0.406021, 0.491219, -0.470204]
[0.676002, -0.45377, -0.385208, 0.468863, -0.476621]
[0.669146, -0.303714, -0.359903, 0.475479, -0.483956]
[0.625666, -0.133454, -0.245979, 0.495786, -0.473438]
[0.618572, 0.223637, -0.488218, 0.477302, -0.455997]
[0.645052, 0.220031, -0.289772, 0.471447, -0.471739]
[0.64008, -0.062213, -0.490027, 0.491376, -0.471343]
[0.634715, 0.488545, -0.029584, 0.460346, -0.487086]
[0.612576, 0.028996, 0.404768, 0.456831, -0.468156]
[0.663436, 0.466925, -0.323812, 0.484956, -0.494145]
[0.634786, 0.061114, -0.281175, 0.450228, -0.492397]
[0.600295, -0.49303, -0.016292, 0.451738, -0.476659]
[0.633488, 0.390102, 0.140198, 0.472768, -0.468576]
[0.647216, 0.424423, -0.320514, 0.454695, -0.489143]
[0.622115, -0.082711, 0.150729, 0.455635, -0.475067]
[0.610374, -0.288882, 0.181894, 0.472758, -0.488923]
[0.621391, 0.169333, 0.404147, 0.48812, -0.459843]
[0.624333, 0.331977, 0.048279, 0.478272, -0.486427]
[0.674338, 0.370181, 0.382416, 0.468792, -0.495981]
[0.650655, 0.335491, 0.004574, 0.491516, -0.474773]
[0.648405, -0.121396, 0.350724, 0.468745, -0.454468]
[0.629396, 0.345081, 0.317801, 0.456871, -0.46555]
[0.62426, -0.345233, -0.05881, 0.472127, -0.457694]
[0.646765, -0.230866, -0.049942, 0.47004, -0.48973]
[0.641443, -0.07085, 0.170129, 0.451347, -0.482821]
[0.653207, -0.048838, 0.18054, 0.460601, -0.464657]
[0.638486, 0.330954, 0.405983, 0.463591, -0.47842]
[0.661452, 0.200479, 0.294767, 0.486164, -0.47472]
[0.669405, 0.230931, -0.215103, 0.49764, -0.455822]
[0.607001, 0.000595, 0.310351, 0.493014, -0.45493]
[0.647193, -0.308613, -0.016715, 0.453232, -0.484641]
[0.604296, -0.493283, 0.23203, 0.47055, -0.451078]
[0.664311, 0.471658, -0.068445, 0.461004, -0.483034]
[0.606376, 0.405174, 0.330586, 0.472181, -0.480211]
[0.656, -0.331044, 0.320344, 0.450725, -0.454021]
[0.661983, -0.364042, 0.065952, 0.481231, -0.493337]
[0.641198, 0.131587, -0.498206, 0.458911, -0.475746]
[0.610324, -0.463591, 0.116005, 0.480238, -0.458906]
[0.650397, -0.49611, 0.037157, 0.459611, -0.49595]
[0.663622, 0.023125, -0.069736, 0.453749, -0.457075]
[0.609788, -0.044953, 0.099005, 0.491859, -0.478735]
[0.613693, 0.454889, -0.337788, 0.488311, -0.472156]
[0.658454, 0.318142, 0.423289, 0.453062, -0.482995]
[0.654865, -0.289759, -0.460158, 0.499757, -0.499054]
[0.606663, -0.478563, 0.227835, 0.463263, -0.479259]
[0.649259, 0.401187, -0.301806, 0.481177, -0.495883]
[0.605342, -0.293416, -0.391139, 0.454838, -0.489999]
[0.675653, -0.309384, 0.168747, 0.482034, -0.497091]
[0.649257, -0.438156, 0.160396, 0.485465, -0.482065]
[0.652326, -0.487788, 0.41647, 0.466874, -0.46351]
[0.667657, 0.028462, 0.236845, 0.486539, -0.482607]
[0.655785, 0.351171, -0.24823, 0.455285, -0.496337]
[0.625029, -0.196452, -0.032751, 0.451861, -0.473494]
[0.615844, -0.298951, -0.055231, 0.46318, -0.470239]
[0.636077, -0.468652, -0.141854, 0.46029, -0.486859]
[0.647237, -0.257513, 0.042794, 0.493645, -0.490576]
[0.63233, -0.157978, -0.251058, 0.49355, -0.480753]
[0.654136, -0.115562, -0.485746, 0.477657, -0.485947]
[0.625821, 0.452935, 0.197361, 0.456898, -0.470417]
[0.643979, 0.339729, -0.329284, 0.476482, -0.470924]
[0.627119, 0.293532, -0.15905, 0.494274, -0.474014]
[0.676826, -0.130613, 0.022992, 0.483611, -0.458612]
[0.62429, -0.439098, -0.345605, 0.459761, -0.49268]
[0.613413, -0.356534, 0.16405, 0.489727, -0.467477]
[0.645003, -0.172139, 0.481301, 0.463295, -0.472016]
[0.600781, 0.222089, -0.083333, 0.456218, -0.479426]
[0.61841, -0.21402, 0.050685, 0.485285, -0.466564]
[0.60082, 0.113045, -0.471733, 0.482033, -0.499707]
[0.649472, -0.104694, -0.311686, 0.481368, -0.488899]
[0.657662, 0.067184, -0.453623, 0.49416, -0.475636]
[0.634668, 0.055762, -0.057423, 0.474032, -0.469252]
[0.648452, -0.081987, -0.083571, 0.49748, -0.477686]
[0.662195, 0.369625, 0.011729, 0.478162, -0.461235]
[0.610726, 0.494707, 0.334787, 0.491121, -0.481831]
[0.677056, 0.437354, -0.073425, 0.4756, -0.479782]
[0.628943, -0.10189, -0.378902, 0.496682, -0.470814]
[0.604839, -0.285632, -0.389739, 0.489444, -0.451543]
[0.67472, -0.470914, -0.440384, 0.47158, -0.46176]
[0.604666, -0.484264, -0.243495, 0.487145, -0.493155]
[0.610687, 0.428574, -0.449985, 0.458092, -0.471575]
[0.634227, -0.158501, 0.203208, 0.493699, -0.47896]
[0.634248, 0.399378, 0.48586, 0.479892, -0.468912]
[0.60748, -0.339206, -0.396913, 0.497304, -0.498966]
[0.617666, 0.287695, -0.064953, 0.484807, -0.477668]
[0.642349, -0.238281, 0.487583, 0.46051, -0.493806]
[0.603224, 0.347409, -0.380885, 0.463954, -0.49142]
[0.631985, -0.097559, 0.378862, 0.477742, -0.467255]
[0.610658, 0.417827, 0.410922, 0.490917, -0.480961]
[0.678856, 0.312058, -0.310055, 0.477322, -0.470015]
[0.651775, 0.391368, -0.237992, 0.483667, -0.492045]
[0.618191, 0.083586, -0.043758, 0.453838, -0.477995]
[0.679422, -0.445523, 0.210912, 0.484565, -0.481801]
[0.610909, -0.128586, 0.079242, 0.453506, -0.473121]
[0.653429, -0.083182, 0.0587, 0.461168, -0.453389]
[0.673478, -0.380128, 0.326307, 0.485785, -0.455264]
[0.629957, 0.063699, -0.125991, 0.47791, -0.48003]
[0.672493, -0.196915, -0.306287, 0.452542, -0.480724]
[0.601966, 0.312428, 0.257144, 0.486131, -0.459522]
[0.623409, -0.178321, 0.389727, 0.458036, -0.468491]
[0.624808, 0.124179, -0.443565, 0.47601, -0.497614]
[0.616299, -0.314906, -0.038732, 0.478003, -0.480824]
[0.62722, -0.304351, 0.021086, 0.463865, -0.491413]
[0.607647, 0.343412, 0.185067, 0.45391, -0.496167]
[0.668748, 0.081199, -0.200442, 0.470435, -0.451581]
[0.601966, -0.478844, -0.145844, 0.499259, -0.469425]
[0.639757, 0.401281, 0.417443, 0.480336, -0.477371]
[0.606528, 0.001127, 0.255348, 0.492938, -0.454973]
[0.606926, -0.000185, 0.269203, 0.492925, -0.454986]
[0.606804, 0.0017, 0.304362, 0.493003, -0.454981]
[0.606986, 0.000767, 0.281424, 0.492957, -0.455001]
[0.606627, 0.001726, 0.309783, 0.492999, -0.454977]
[0.606604, -0.000936, 0.304507, 0.49289, -0.454943]
[0.606702, 0.000428, 0.285551, 0.492797, -0.454977]
[0.606629, -0.000452, 0.300605, 0.492907, -0.454946]
[0.607089, 0.001664, 0.301682, 0.492941, -0.45497]
[0.60689, -5e-05, 0.290573, 0.492987, -0.454973]
[0.606607, 0.000702, 0.272033, 0.492884, -0.454979]
[0.606986, -0.000545, 0.27977, 0.492759, -0.454986]
[0.606476, 0.000562, 0.257125, 0.492877, -0.454963]
[0.606497, 0.001668, 0.272446, 0.492879, -0.454973]
[0.607016, 0.001518, 0.303008, 0.492868, -0.454979]
[0.607003, 0.000916, 0.268143, 0.492854, -0.454933]
[0.60659, 0.001587, 0.2516, 0.49279, -0.45495]
[0.606836, 0.001433, 0.293135, 0.492855, -0.455024]
[0.607076, 0.001874, 0.255457, 0.493006, -0.454929]
[0.606603, 0.000718, 0.272217, 0.492926, -0.45493]
[0.606845, 0.001177, 0.274396, 0.492797, -0.455048]
[0.606711, 0.00105, 0.273056, 0.493003, -0.454996]
[0.606604, -0.000885, 0.259348, 0.492986, -0.454956]
[0.606561, 0.000941, 0.253437, 0.492872, -0.454977]
[0.607009, -0.000841, 0.281271, 0.492941, -0.454998]
[0.606568, 0.000228, 0.291119, 0.492762, -0.454934]
[0.606861, -0.00049, 0.281986, 0.492864, -0.455022]
[0.606695, -0.000514, 0.270353, 0.49287, -0.454994]
[0.606859, -0.000419, 0.268194, 0.492893, -0.45493]
[0.606606, -0.000829, 0.312053, 0.49281, -0.455039]
[0.60664, 0.000746, 0.250469, 0.492918, -0.454963]
[0.606806, 0.00074, 0.257359, 0.492868, -0.455012]
[0.606733, -0.000364, 0.261581, 0.492853, -0.454978]
[0.606784, -0.000916, 0.282723, 0.49296, -0.45499]
[0.606518, 0.001137, 0.282551, 0.492865, -0.454942]
[0.606877, 0.000712, 0.263527, 0.492848, -0.455002]
[0.606749, 0.000668, 0.295851, 0.492789, -0.454942]
[0.606974, 0.000608, 0.270056, 0.492846, -0.455048]
[0.606653, -0.000543, 0.265417, 0.492966, -0.45495]
[0.60709, 0.001225, 0.269525, 0.492937, -0.45499]
[0.606563, 0.000547, 0.288797, 0.49297, -0.454988]
[0.606786, 0.001683, 0.30877, 0.49291, -0.455021]
[0.606826, 0.00137, 0.279768, 0.492998, -0.455047]
[0.606873, -5.9e-05, 0.310888, 0.492931, -0.455032]
[0.60652, 0.000757, 0.259904, 0.49295, -0.454971]
[0.607015, -0.000103, 0.300333, 0.49276, -0.454988]
[0.606946, -0.000904, 0.282742, 0.492983, -0.455013]
[0.606544, 0.001362, 0.255782, 0.492885, -0.455038]
[0.607049, 0.000122, 0.29795, 0.492835, -0.454965]
[0.606659, 0.001753, 0.249526, 0.492858, -0.45498]
[0.606725, -0.000423, 0.289189, 0.492912, -0.454979]
[0.606649, 0.001598, 0.285009, 0.492873, -0.455011]
[0.607018, 0.001507, 0.263459, 0.492793, -0.455025]
[0.606531, 0.000944, 0.272433, 0.49277, -0.455044]
[0.607037, 0.00109, 0.259787, 0.492958, -0.454989]
[0.606613, 0.000195, 0.260402, 0.492826, -0.455036]
[0.6067, -0.000339, 0.279455, 0.492864, -0.454956]
[0.606902, 0.000647, 0.25505, 0.492912, -0.455027]
[0.607018, -0.000241, 0.267269, 0.492887, -0.455011]
[0.606677, 0.000184, 0.260923, 0.492828, -0.455018]
[0.606715, 0.001444, 0.270219, 0.49284, -0.455051]
[0.606524, 0.001471, 0.288321, 0.492888, -0.455048]
[0.606514, 0.001771, 0.265624, 0.492792, -0.455029]
[0.606626, 0.001313, 0.277051, 0.492837, -0.455042]
[0.606835, 0.001348, 0.263552, 0.49284, -0.454929]
[0.606684, 0.000255, 0.278428, 0.49294, -0.455018]
[0.606675, -0.00023, 0.298131, 0.492945, -0.454994]
[0.606563, -0.000189, 0.280733, 0.492907, -0.455041]
[0.606515, -0.00061, 0.256249, 0.492918, -0.454929]
[0.606664, 0.001052, 0.255697, 0.492853, -0.45495]
[0.606718, -0.000167, 0.298869, 0.492788, -0.455047]
[0.606997, -0.000401, 0.292491, 0.492847, -0.455023]
[0.606798, -0.000433, 0.261589, 0.493011, -0.454935]
[0.607013, 0.001176, 0.270725, 0.492866, -0.454959]
[0.606818, 0.001674, 0.283919, 0.492822, -0.454962]
[0.606577, -0.000268, 0.2726, 0.492945, -0.455037]
[0.606662, 0.001812, 0.305301, 0.492938, -0.454958]
[0.606487, 0.000761, 0.251134, 0.492765, -0.455041]
[0.606817, -4.8e-05, 0.262753, 0.492853, -0.454931]
[0.606838, 0.00124, 0.265018, 0.492993, -0.454923]
[0.606844, 7e-05, 0.260276, 0.492992, -0.454926]
[0.606702, -0.00043, 0.293411, 0.492827, -0.454948]
[0.607081, -0.000697, 0.273621, 0.492926, -0.454977]
[0.606932, -0.000694, 0.25289, 0.492903, -0.454991]
[0.606591, 0.001665, 0.274602, 0.492761, -0.454983]
[0.606717, -0.000433, 0.253456, 0.492907, -0.454946]
[0.606729, 0.001797, 0.277265, 0.492962, -0.45501]
[0.606465, -0.000903, 0.305355, 0.492815, -0.455028]
[0.606502, 0.001388, 0.283063, 0.492956, -0.455039]
[0.606999, 0.00073, 0.312366, 0.492893, -0.454981]
[0.606677, 0.001388, 0.305698, 0.492825, -0.454998]
[0.606477, -0.000439, 0.253868, 0.493008, -0.454987]
[0.606481, -0.000383, 0.281546, 0.492857, -0.455042]
[0.606823, 0.001548, 0.257461, 0.493009, -0.455027]
[0.606837, -0.000798, 0.281043, 0.492977, -0.454987]
[0.606578, 0.000358, 0.282812, 0.492993, -0.45499]
[0.606583, -2e-06, 0.312382, 0.492872, -0.454963]
[0.60668, -0.000541, 0.274225, 0.492825, -0.454969]
[0.606624, 0.000842, 0.26256, 0.492837, -0.454956]
[0.606468, 0.001867, 0.306942, 0.492787, -0.454932]
[0.606463, 0.000412, 0.268961, 0.492927, -0.455023]
[0.60678, 0.000135, 0.308768, 0.49281, -0.454988]
[0.606662, 0.001481, 0.309038, 0.492819, -0.454967]
[0.606741, 0.000969, 0.311793, 0.492818, -0.454945]
[0.607044, 4e-05, 0.257037, 0.492871, -0.454968]
[0.606885, 0.001698, 0.2506, 0.492816, -0.455049]
[0.606671, 0.00151, 0.294761, 0.492923, -0.454956]
[0.607009, 4e-05, 0.285308, 0.492874, -0.455024]
[0.606943, 0.000422, 0.285424, 0.493013, -0.454978]
[0.606794, -0.000197, 0.265945, 0.492837, -0.454984]
[0.606943, 0.000173, 0.250193, 0.492948, -0.455015]
[0.607094, 0.001511, 0.268473, 0.492933, -0.455001]
[0.606471, -0.000397, 0.267929, 0.492832, -0.454924]
[0.6068, 0.000727, 0.304792, 0.492969, -0.455039]
[0.606566, 0.000151, 0.277417, 0.49298, -0.454999]
[0.60679, 0.00042, 0.297898, 0.492765, -0.455016]
[0.606526, -0.000784, 0.266655, 0.492978, -0.454977]
[0.606656, 0.000885, 0.279137, 0.493014, -0.455014]
[0.606583, 0.000298, 0.280938, 0.492916, -0.455013]
[0.606968, 0.000155, 0.295943, 0.492897, -0.454981]
[0.60664, 0.001573, 0.269085, 0.492886, -0.454928]
[0.60658, 0.000596, 0.279289, 0.493006, -0.454982]
[0.60696, 0.001376, 0.28305, 0.492933, -0.455011]
[0.607022, 0.001109, 0.276115, 0.493014, -0.454986]
[0.606635, -9.3e-05, 0.264029, 0.492949, -0.455039]
[0.606716, -3.6e-05, 0.250475, 0.492791, -0.454939]
[0.606683, -0.000324, 0.310721, 0.492839, -0.455044]
[0.606527, -9.2e-05, 0.254299, 0.492826, -0.454925]
[0.60687, 0.000923, 0.282526, 0.492946, -0.45503]
[0.60686, 0.001533, 0.289014, 0.492947, -0.455032]
[0.606719, 0.001009, 0.262002, 0.492766, -0.45495]
[0.607018, -0.000227, 0.257295, 0.492937, -0.455036]
[0.60673, 0.000299, 0.262395, 0.492853, -0.454933]
[0.607077, 0.000628, 0.274103, 0.492913, -0.454944]
[0.606632, 0.001119, 0.261297, 0.492835, -0.455012]
[0.60685, 0.001241, 0.306216, 0.49284, -0.455026]
[0.606876, 0.000712, 0.272718, 0.492925, -0.455046]
[0.60678, 0.000975, 0.264544, 0.492811, -0.454979]
[0.60657, 0.000556, 0.253547, 0.492762, -0.455005]
[0.606882, 0.001851, 0.262658, 0.492871, -0.454995]
[0.606612, 0.00015, 0.28161, 0.492776, -0.45497]
[0.606578, -0.000748, 0.263256, 0.49284, -0.455036]
[0.606662, -0.000468, 0.259651, 0.492768, -0.454939]
[0.606955, -0.00083, 0.260508, 0.492996, -0.455003]
[0.60674, 0.000992, 0.274555, 0.492897, -0.455024]
[0.606923, 0.001203, 0.274426, 0.492776, -0.45498]
[0.607112, -0.000348, 0.25681, 0.492908, -0.454978]
[0.606682, -0.000348, 0.286251, 0.492931, -0.454951]
[0.606877, -0.000261, 0.256497, 0.492872, -0.454936]
[0.606528, 0.000841, 0.287175, 0.492923, -0.454989]
[0.606605, -0.000821, 0.312062, 0.492808, -0.455039]
[0.606605, -0.000828, 0.312045, 0.492811, -0.45504]
[0.606604, -0.00082, 0.312102, 0.492811, -0.45504]
[0.606608, -0.000822, 0.312097, 0.492809, -0.45504]
[0.606603, -0.000826, 0.31213, 0.492808, -0.455039]
[0.606606, -0.000815, 0.312022, 0.492811, -0.45504]
[0.606608, -0.000824, 0.312071, 0.492812, -0.45504]
[0.606606, -0.000827, 0.312016, 0.492809, -0.455039]
[0.606603, -0.00083, 0.312073, 0.492812, -0.45504]
[0.606607, -0.000813, 0.311993, 0.492812, -0.455039]
[0.606605, -0.000826, 0.3121, 0.492812, -0.45504]
[0.606608, -0.000825, 0.312093, 0.492812, -0.455039]
[0.606604, -0.000831, 0.312065, 0.492811, -0.455039]
[0.606604, -0.000818, 0.312066, 0.492811, -0.45504]
[0.606603, -0.000827, 0.312046, 0.492812, -0.455039]
[0.606608, -0.00082, 0.312128, 0.492813, -0.455039]
[0.606603, -0.000825, 0.312112, 0.492811, -0.455039]
[0.606604, -0.000817, 0.312122, 0.492813, -0.45504]
[0.606606, -0.000828, 0.31205, 0.492812, -0.45504]
[0.606604, -0.000819, 0.312006, 0.492812, -0.455039]
[0.606606, -0.000815, 0.312032, 0.492809, -0.45504]
[0.606604, -0.000816, 0.312049, 0.492811, -0.455039]
[0.606605, -0.000818, 0.31205, 0.492812, -0.455039]
[0.606603, -0.000817, 0.311991, 0.492813, -0.45504]
[0.606608, -0.00083, 0.312069, 0.492812, -0.45504]
[0.606604, -0.000824, 0.312132, 0.49281, -0.455039]
[0.606607, -0.000817, 0.312127, 0.492814, -0.45504]
[0.606605, -0.000825, 0.312008, 0.492808, -0.455039]
[0.606607, -0.000827, 0.312035, 0.492808, -0.455039]
[0.606604, -0.000821, 0.312041, 0.492811, -0.455039]
[0.606603, -0.000831, 0.312123, 0.49281, -0.455039]
[0.606607, -0.000822, 0.312105, 0.492813, -0.45504]
[0.606607, -0.000814, 0.31199, 0.492814, -0.455039]
[0.606606, -0.000815, 0.312016, 0.492812, -0.455039]
[0.606606, -0.000816, 0.312103, 0.492808, -0.45504]
[0.606607, -0.000815, 0.312046, 0.492814, -0.455039]
[0.606604, -0.000817, 0.312049, 0.492814, -0.45504]
[0.606606, -0.000831, 0.312042, 0.492808, -0.45504]
[0.606607, -0.000818, 0.312075, 0.492809, -0.455039]
[0.606608, -0.000823, 0.312057, 0.492812, -0.455039]
[0.606605, -0.000821, 0.31207, 0.492808, -0.45504]
[0.606604, -0.000813, 0.31203, 0.492811, -0.45504]
[0.606607, -0.000819, 0.312135, 0.492812, -0.455039]
[0.606607, -0.000817, 0.311989, 0.492809, -0.455039]
[0.606605, -0.00083, 0.312064, 0.492809, -0.45504]
[0.606605, -0.000828, 0.311997, 0.492809, -0.45504]
[0.606607, -0.000816, 0.312036, 0.492812, -0.455039]
[0.606604, -0.000821, 0.31208, 0.492809, -0.45504]
[0.606606, -0.000825, 0.312071, 0.492813, -0.455039]
[0.606605, -0.00083, 0.31202, 0.49281, -0.45504]
[0.606603, -0.000828, 0.312116, 0.492809, -0.45504]
[0.606604, -0.000823, 0.311995, 0.492812, -0.455039]
[0.606606, -0.000823, 0.312049, 0.492809, -0.455039]
[0.606608, -0.000829, 0.312128, 0.492813, -0.45504]
[0.606604, -0.000827, 0.311991, 0.492809, -0.455039]
[0.606606, -0.000826, 0.312135, 0.492813, -0.45504]
[0.606607, -0.000826, 0.312044, 0.492809, -0.455039]
[0.606608, -0.000825, 0.312123, 0.492809, -0.455039]
[0.606604, -0.00083, 0.312096, 0.49281, -0.455039]
[0.606605, -0.000818, 0.312134, 0.492811, -0.45504]
[0.606604, -0.000815, 0.312068, 0.492811, -0.455039]
[0.606605, -0.00083, 0.312023, 0.492812, -0.45504]
[0.606605, -0.000834, 0.312111, 0.492811, -0.45504]
[0.606604, -0.000818, 0.312005, 0.492808, -0.455039]
[0.606606, -0.000825, 0.312114, 0.49281, -0.45504]
[0.606606, -0.000815, 0.312127, 0.492813, -0.455039]
[0.606605, -0.000822, 0.311998, 0.492809, -0.45504]
[0.606608, -0.000817, 0.311991, 0.492811, -0.45504]
[0.606604, -0.00083, 0.312129, 0.492809, -0.455039]
[0.606608, -0.00082, 0.312129, 0.492809, -0.455039]
[0.606604, -0.000822, 0.31209, 0.49281, -0.45504]
[0.606606, -0.000814, 0.312113, 0.492811, -0.45504]
[0.606607, -0.000817, 0.31204, 0.492809, -0.45504]
[0.606606, -0.000814, 0.312, 0.492809, -0.45504]
[0.606606, -0.000827, 0.312002, 0.49281, -0.45504]
[0.606608, -0.00082, 0.312055, 0.492813, -0.455039]
[0.606604, -0.000822, 0.312109, 0.492811, -0.455039]
[0.606604, -0.000821, 0.312135, 0.492811, -0.45504]
[0.606604, -0.000816, 0.312013, 0.492812, -0.45504]
[0.606603, -0.000826, 0.312033, 0.49281, -0.455039]
[0.606605, -0.000813, 0.312071, 0.49281, -0.455039]
[0.606605, -0.000814, 0.312095, 0.492814, -0.45504]
[0.606606, -0.000823, 0.312006, 0.492813, -0.455039]
[0.606607, -0.000832, 0.312099, 0.492811, -0.455039]
[0.606604, -0.000832, 0.312015, 0.492809, -0.45504]
[0.606606, -0.000833, 0.31212, 0.492811, -0.455039]
[0.606608, -0.000828, 0.312051, 0.492812, -0.45504]
[0.606604, -0.000819, 0.312031, 0.492808, -0.455039]
[0.606607, -0.000824, 0.312129, 0.492814, -0.455039]
[0.606606, -0.000828, 0.312108, 0.492813, -0.455039]
[0.606603, -0.000821, 0.312081, 0.49281, -0.45504]
[0.606604, -0.000831, 0.312126, 0.49281, -0.45504]
[0.606605, -0.000825, 0.312033, 0.492812, -0.45504]
[0.606605, -0.00082, 0.312076, 0.492812, -0.455039]
[0.606606, -0.000813, 0.312118, 0.492812, -0.45504]
[0.606604, -0.00083, 0.312047, 0.492813, -0.455039]
[0.606608, -0.000819, 0.31213, 0.492811, -0.45504]
[0.606606, -0.00082, 0.312011, 0.492811, -0.455039]
[0.606608, -0.000816, 0.312026, 0.49281, -0.45504]
[0.606606, -0.000813, 0.311996, 0.492813, -0.455039]
[0.606605, -0.00083, 0.312106, 0.492809, -0.45504]
[0.606607, -0.00083, 0.311989, 0.492808, -0.455039]
[0.606605, -0.000818, 0.312118, 0.492812, -0.45504]
[0.606608, -0.000814, 0.311999, 0.492813, -0.455039]
[0.606606, -0.000832, 0.311996, 0.492808, -0.45504]
[0.606605, -0.000829, 0.312041, 0.49281, -0.45504]
[0.606606, -0.000831, 0.312098, 0.492811, -0.45504]
[0.606605, -0.000831, 0.312055, 0.492813, -0.455039]
[0.606606, -0.000825, 0.312062, 0.492813, -0.455039]
[0.606605, -0.000832, 0.312021, 0.492813, -0.455039]
[0.606605, -0.000822, 0.312064, 0.492812, -0.455039]
[0.606603, -0.000834, 0.312109, 0.49281, -0.45504]
[0.606606, -0.000824, 0.312063, 0.49281, -0.455039]
[0.606607, -0.000824, 0.312113, 0.49281, -0.45504]
[0.606604, -0.000826, 0.312115, 0.49281, -0.455039]
[0.606607, -0.000825, 0.312074, 0.492811, -0.45504]
[0.606604, -0.000833, 0.312034, 0.492811, -0.455039]
[0.606606, -0.000829, 0.312113, 0.492812, -0.45504]
[0.606605, -0.000819, 0.312001, 0.492813, -0.455039]
[0.606605, -0.000823, 0.312093, 0.492813, -0.455039]
[0.606607, -0.000833, 0.312066, 0.49281, -0.45504]
[0.606606, -0.000831, 0.312055, 0.49281, -0.455039]
[0.606603, -0.000825, 0.312023, 0.492812, -0.45504]
[0.606608, -0.00083, 0.312118, 0.492809, -0.455039]
[0.606604, -0.000819, 0.311996, 0.492813, -0.45504]
[0.606607, -0.000829, 0.312028, 0.492812, -0.45504]
[0.606606, -0.000833, 0.312078, 0.492812, -0.455039]
[0.606604, -0.000827, 0.312003, 0.492812, -0.455039]
[0.606606, -0.00082, 0.311999, 0.492809, -0.455039]
[0.606605, -0.000815, 0.31209, 0.492813, -0.455039]
[0.606606, -0.000824, 0.31209, 0.492808, -0.45504]
[0.606605, -0.000822, 0.312005, 0.492808, -0.45504]
[0.606607, -0.000828, 0.312041, 0.492813, -0.45504]
[0.606604, -0.000832, 0.312096, 0.492811, -0.455039]
[0.606604, -0.000816, 0.312043, 0.492812, -0.45504]
[0.606607, -0.000827, 0.311988, 0.492814, -0.45504]
[0.606606, -0.000813, 0.312099, 0.492809, -0.455039]
[0.606605, -0.000824, 0.312082, 0.49281, -0.455039]
[0.606606, -0.000821, 0.312104, 0.492809, -0.455039]
[0.606605, -0.000829, 0.31208, 0.49281, -0.455039]
[0.606607, -0.000832, 0.312028, 0.492811, -0.455039]
[0.606606, -0.00083, 0.312135, 0.492811, -0.455039]
[0.606604, -0.00082, 0.312089, 0.49281, -0.455039]
[0.606607, -0.000833, 0.312127, 0.492809, -0.45504]
[0.606608, -0.000823, 0.31203, 0.492813, -0.45504]
[0.606605, -0.000829, 0.31213, 0.49281, -0.45504]
[0.606607, -0.000816, 0.312134, 0.492809, -0.45504]
[0.606605, -0.000816, 0.312073, 0.492808, -0.45504]
[0.606608, -0.000833, 0.312014, 0.492811, -0.45504]
[0.606607, -0.000815, 0.312111, 0.492808, -0.45504]
[0.606605, -0.000834, 0.312112, 0.492811, -0.45504]
[0.606605, -0.000834, 0.31211, 0.492811, -0.45504]
[0.624627, 0.423725, 0.400108, 0.462907, -0.487626]
[0.60204, -0.104095, 0.213117, 0.493116, -0.486955]
[0.633413, -0.03606, -0.39936, 0.480002, -0.4928]
[0.634217, 0.023135, -0.188195, 0.4784, -0.478086]
[0.638979, -0.368461, 0.161661, 0.456816, -0.490725]
[0.623026, 0.045068, 0.334347, 0.479587, -0.481192]
[0.672269, -0.418325, 0.05928, 0.486554, -0.471504]
[0.637189, -0.326384, 0.02452, 0.463914, -0.46574]
[0.647618, -0.286084, -0.473191, 0.499803, -0.47647]
[0.673503, -0.458057, 0.35794, 0.452894, -0.489456]
[0.628455, 0.368582, -0.230289, 0.472226, -0.473329]
[0.602257, -0.430194, -0.243578, 0.467849, -0.457369]
[0.607376, 0.373061, -0.407506, 0.497261, -0.464409]
[0.667568, 0.171639, -0.467114, 0.488494, -0.450055]
[0.603187, -0.161678, -0.153647, 0.451304, -0.469345]
[0.621816, 0.495404, -0.246803, 0.48974, -0.462091]
[0.618464, -0.294403, 0.254171, 0.493519, -0.463412]
[0.647486, 0.3838, 0.445597, 0.464371, -0.48741]
[0.649813, 0.442738, -0.417401, 0.458902, -0.491749]
[0.632044, 0.289859, 0.002625, 0.463007, -0.474811]
[0.646362, 0.285979, -0.477359, 0.499523, -0.49253]
[0.655971, -0.319176, -0.07919, 0.461003, -0.454341]
[0.665793, 0.434074, -0.470262, 0.465811, -0.466131]
[0.611516, 0.317742, -0.220502, 0.469981, -0.45642]
[0.630028, -0.414159, 0.2579, 0.46849, -0.49508]
[0.622319, 0.150807, 0.168988, 0.499289, -0.480236]
[0.632251, -0.379115, -0.41379, 0.456725, -0.471413]
[0.635917, -0.4577, 0.177663, 0.463121, -0.498718]
[0.643664, -0.235559, -0.029907, 0.461739, -0.482276]
[0.600052, 0.486077, 0.343295, 0.466304, -0.481305]
[0.61752, -0.282642, -0.356517, 0.457321, -0.486733]
[0.62858, 0.276304, 0.444798, 0.498596, -0.455634]
[0.616316, -0.373853, 0.179259, 0.494218, -0.48643]
[0.666968, -0.066955, 0.467162, 0.456849, -0.457928]
[0.615411, 0.401068, -0.477361, 0.459219, -0.458059]
[0.612011, -0.418457, -0.455789, 0.476116, -0.484082]
[0.635943, -0.06106, -0.345938, 0.487163, -0.457246]
[0.666743, 0.053496, 0.247492, 0.460671, -0.498278]
[0.665207, -0.405011, -0.042276, 0.494036, -0.469153]
[0.657352, -0.316477, -0.003479, 0.453322, -0.460864]
[0.6158, -0.15725, -0.407947, 0.493677, -0.489721]
[0.623068, 0.48632, -0.255183, 0.461393, -0.462172]
[0.623914, 0.198997, -0.128381, 0.489671, -0.497287]
[0.617734, 0.111217, 0.188382, 0.483631, -0.463372]
[0.657388, 0.273937, -0.285914, 0.476894, -0.499182]
[0.649408, -0.459598, -0.222084, 0.492827, -0.47889]
[0.610721, -0.041459, -0.091567, 0.453353, -0.493753]
[0.675139, -0.144857, -0.047342, 0.48267, -0.45289]
[0.625355, 0.290293, -0.409257, 0.489413, -0.45899]
[0.628927, -0.467064, -0.381107, 0.460955, -0.460231]
[0.650685, -0.369685, 0.31287, 0.482538, -0.472022]
[0.65052, 0.22677, 0.429911, 0.493852, -0.47142]
[0.614677, 0.171103, -0.075066, 0.459891, -0.455193]
[0.651415, 0.08082, -0.079773, 0.494277, -0.474834]
[0.606709, -0.416158, -0.421335, 0.498227, -0.498013]
[0.651638, 0.293786, -0.237818, 0.489351, -0.496783]
[0.664734, -0.168454, -0.205772, 0.490032, -0.461057]
[0.607519, -0.011508, 0.247514, 0.471586, -0.497947]
[0.673363, 0.121943, -0.07831, 0.4582, -0.47067]
[0.666901, -0.000512, -0.069057, 0.450927, -0.478212]
[0.634666, 0.325157, 0.156625, 0.457762, -0.463327]
[0.606786, -0.435317, -0.280952, 0.493124, -0.484697]
[0.662471, 0.460698, 0.402292, 0.489035, -0.464161]
[0.651472, -0.267479, -0.320715, 0.455253, -0.490512]
[0.663972, 0.495575, -0.456802, 0.489624, -0.4558]
[0.659122, -0.245605, -0.431808, 0.463197, -0.47703]
[0.625241, 0.432334, -0.115784, 0.455896, -0.483869]
[0.645555, 0.35208, -0.443894, 0.4799, -0.471722]
[0.646529, -0.35031, -0.358671, 0.450164, -0.486172]
[0.615998, 0.372209, -0.070191, 0.493928, -0.492506]
[0.662586, 0.248944, 0.429539, 0.481001, -0.483053]
[0.609141, -0.04071, 0.067153, 0.461675, -0.498527]
[0.624286, 0.371054, 0.184571, 0.473206, -0.491992]
[0.647466, -0.34223, 0.384711, 0.469497, -0.482894]
[0.610646, -0.140847, -0.471824, 0.497669, -0.46154]
[0.615918, 0.392619, -0.490362, 0.490741, -0.491463]
[0.662274, -0.246583, 0.427912, 0.453329, -0.487397]
[0.622215, -0.179839, -0.34377, 0.488806, -0.498933]
[0.629426, 0.127222, 0.450825, 0.459133, -0.495181]
[0.635659, -0.025459, 0.052946, 0.472322, -0.454093]
[0.634156, 0.248518, 0.31827, 0.48685, -0.489423]
[0.654438, -0.431235, -0.120878, 0.46409, -0.483674]
[0.624695, -0.413836, 0.316245, 0.470497, -0.498687]
[0.637123, 0.183694, 0.137525, 0.479891, -0.489452]
[0.647806, -0.423618, 0.439523, 0.497039, -0.480058]
[0.606237, -0.06628, 0.262369, 0.489942, -0.464659]
[0.640443, 0.488214, -0.156053, 0.499, -0.453211]
[0.603455, 0.424831, 0.114623, 0.495715, -0.45859]
[0.670975, 0.24228, 0.219138, 0.476651, -0.475722]
[0.606092, -0.463017, 0.435787, 0.476351, -0.452149]
[0.64259, 0.261141, -0.108878, 0.475228, -0.45126]
[0.625961, 0.311068, 0.059786, 0.494227, -0.483222]
[0.620522, -0.255816, 0.079989, 0.489706, -0.462062]
[0.639385, 0.251081, -0.339767, 0.486305, -0.455185]
[0.614878, 0.138662, 0.491543, 0.487696, -0.458535]
[0.645237, -0.439371, -0.186297, 0.463875, -0.485513]
[0.622316, -0.024829, 0.154566, 0.467127, -0.495218]
[0.662166, 0.495258, -0.184339, 0.455459, -0.478749]
[0.656345, -0.079363, 0.211098, 0.499215, -0.464884]
[0.662949, 0.156939, 0.466064, 0.483017, -0.478461]
[0.652297, -0.497157, -0.205507, 0.496431, -0.461602]
[0.670552, -0.315234, 0.456513, 0.466478, -0.460153]
[0.642783, -0.299644, 0.43757, 0.463376, -0.472197]
[0.615795, -0.178488, 0.391296, 0.480439, -0.474829]
[0.61245, -0.143715, 0.321593, 0.450366, -0.490857]
[0.663854, -0.091592, -0.019631, 0.475641, -0.475229]
[0.62192, -0.364882, 0.03374, 0.495382, -0.48218]
[0.631242, 0.183177, -0.33473, 0.497, -0.492308]
[0.654065, 0.439324, 0.329832, 0.494241, -0.465065]
[0.63559, -0.23095, -0.363192, 0.465863, -0.45929]
[0.665512, 0.298468, -0.291665, 0.47568, -0.490621]
[0.64095, 0.185304, 0.283108, 0.464318, -0.479285]
[0.679084, -0.378755, 0.369285, 0.462567, -0.49733]
[0.60338, 0.079533, -0.289898, 0.466191, -0.498252]
[0.668023, -0.430896, -0.153692, 0.461403, -0.489933]
[0.640887, 0.147239, 0.411102, 0.489041, -0.453159]
[0.610846, 0.298566, -0.397641, 0.459211, -0.493855]
[0.621794, 0.397799, 0.27689, 0.462558, -0.476765]
[0.619202, -0.366712, 0.204491, 0.46817, -0.478586]
[0.600588, 0.290971, -0.089698, 0.492921, -0.487963]
[0.669743, 0.33685, -0.248542, 0.46334, -0.467985]
[0.656496, -0.129679, -0.268591, 0.468155, -0.4857]
[0.601924, -0.445112, -0.424303, 0.476437, -0.460652]
[0.643287, 0.189976, 0.278318, 0.450157, -0.474622]
[0.649227, -0.278847, -0.452464, 0.462994, -0.456331]
[0.649571, -0.253176, 0.302366, 0.461488, -0.497031]
[0.606568, 0.208738, 0.265932, 0.485598, -0.49937]
[0.615385, 0.02534, 0.208212, 0.468836, -0.477908]
[0.675118, -0.029702, -0.21933, 0.457037, -0.499655]
[0.608143, 0.451475, -0.461955, 0.485143, -0.499015]
[0.677323, 0.482139, -0.490136, 0.486081, -0.488068]
[0.642677, -0.365052, -0.445339, 0.496198, -0.478839]
[0.61098, 0.051945, 0.159338, 0.464676, -0.486825]
[0.611536, 0.190833, 0.084869, 0.452072, -0.459748]
[0.665976, 0.193147, -0.421068, 0.475301, -0.494042]
[0.675072, -0.388425, -0.0228, 0.459656, -0.450348]
[0.651554, 0.006312, 0.04798, 0.472913, -0.476636]
[0.600567, 0.032258, -0.221407, 0.494623, -0.48873]
[0.653116, -0.042717, 0.421735, 0.466048, -0.470567]
[0.672506, 0.356446, 0.375688, 0.454409, -0.458213]
[0.662016, -0.036101, -0.462522, 0.475008, -0.460249]
[0.628648, -0.208832, -0.202884, 0.487184, -0.49633]
[0.63094, -0.033594, -0.028052, 0.454935, -0.497893]
[0.678566, 0.233377, 0.078025, 0.486125, -0.475009]
[0.671369, 0.189177, -0.018808, 0.453101, -0.461928]
[0.612394, 0.454767, 0.034738, 0.477727, -0.46208]
[0.615196, -0.433526, 0.083301, 0.454241, -0.48918]
[0.668521, -0.437027, 0.2652, 0.499832, -0.473193]
[0.63265, 0.278664, 0.31851, 0.459063, -0.45793]
[0.646106, 0.248767, 0.25803, 0.493446, -0.460335]
[0.651991, 0.003545, 0.043148, 0.472681, -0.476618]
[0.652613, -0.003055, 0.060409, 0.472853, -0.476656]
[0.65251, 0.007924, 0.039927, 0.473012, -0.476408]
[0.65172, 0.019082, 0.055396, 0.473038, -0.476603]
[0.652705, 0.01672, 0.064829, 0.472981, -0.47659]
[0.652716, 0.017544, 0.070698, 0.473038, -0.476519]
[0.651817, 0.021328, 0.068075, 0.472968, -0.476638]
[0.651978, 0.012236, 0.063961, 0.472756, -0.476518]
[0.651972, -0.001406, 0.047937, 0.473071, -0.476523]
[0.652072, 0.001826, 0.042071, 0.472993, -0.476524]
[0.65221, 0.020872, 0.049934, 0.473007, -0.476338]
[0.651977, 0.023022, 0.040574, 0.472808, -0.476653]
[0.651691, 0.013265, 0.044677, 0.472805, -0.476354]
[0.651923, 0.021081, 0.039526, 0.472789, -0.476401]
[0.652299, 0.012619, 0.054496, 0.472703, -0.476603]
[0.652026, 0.019607, 0.069056, 0.472823, -0.476685]
[0.651799, 0.013657, 0.062867, 0.472879, -0.476465]
[0.652261, 0.011043, 0.048786, 0.472881, -0.476605]
[0.651947, 0.002644, 0.063412, 0.472888, -0.476372]
[0.651494, 0.013641, 0.072524, 0.472696, -0.476416]
[0.651676, 0.01392, 0.073484, 0.473057, -0.476426]
[0.651513, 0.001519, 0.049243, 0.472909, -0.476647]
[0.65192, 0.016052, 0.05384, 0.472989, -0.476646]
[0.652026, 0.015087, 0.059491, 0.472991, -0.476392]
[0.652304, 0.001705, 0.064487, 0.472909, -0.476345]
[0.652406, 0.005788, 0.074042, 0.472787, -0.476605]
[0.651684, 0.019845, 0.064414, 0.472719, -0.476648]
[0.65262, -0.000157, 0.048431, 0.472848, -0.476567]
[0.652443, 0.022312, 0.047872, 0.472748, -0.476454]
[0.652378, 0.009247, 0.060043, 0.47282, -0.476413]
[0.652227, 0.018458, 0.074197, 0.472795, -0.476474]
[0.651654, 0.00708, 0.053037, 0.472875, -0.476627]
[0.652706, 0.003814, 0.069572, 0.473062, -0.476514]
[0.652509, 0.013932, 0.04307, 0.472922, -0.476658]
[0.651745, 0.008398, 0.074121, 0.472781, -0.476377]
[0.651633, 0.011169, 0.045316, 0.473094, -0.476595]
[0.652289, 0.020565, 0.073419, 0.47268, -0.476504]
[0.651579, -0.002525, 0.061038, 0.472868, -0.476502]
[0.652428, -0.001614, 0.060258, 0.473061, -0.476528]
[0.652472, 0.010669, 0.040191, 0.472713, -0.476335]
[0.652668, -2e-05, 0.065098, 0.473015, -0.476608]
[0.651562, -0.001075, 0.060123, 0.472764, -0.476394]
[0.651481, 0.007235, 0.044657, 0.472819, -0.476519]
[0.651901, 0.00554, 0.064695, 0.472816, -0.476553]
[0.652548, -0.004551, 0.058462, 0.472801, -0.476361]
[0.651595, 0.010334, 0.072439, 0.47304, -0.476637]
[0.651499, 0.023358, 0.040117, 0.473015, -0.476587]
[0.651872, 0.021858, 0.049029, 0.47302, -0.476443]
[0.652683, 0.015683, 0.057585, 0.472701, -0.476667]
[0.652405, -0.003775, 0.040919, 0.472878, -0.476677]
[0.651754, 0.002965, 0.074134, 0.472689, -0.476546]
[0.652697, 0.020326, 0.052588, 0.47284, -0.4766]
[0.652117, 0.009199, 0.053679, 0.472814, -0.476342]
[0.6522, 0.017069, 0.045444, 0.472894, -0.476459]
[0.651513, 0.002202, 0.058634, 0.472785, -0.476376]
[0.651949, 0.007058, 0.057427, 0.473016, -0.476418]
[0.651646, 0.006497, 0.045829, 0.472892, -0.476443]
[0.652129, 0.017592, 0.048881, 0.47271, -0.476352]
[0.651935, -0.002129, 0.059391, 0.472725, -0.47653]
[0.651931, 0.006857, 0.066452, 0.473009, -0.476499]
[0.651729, -0.002552, 0.047983, 0.472788, -0.476512]
[0.652003, 0.003209, 0.049844, 0.473088, -0.476386]
[0.652671, 0.015841, 0.057988, 0.473076, -0.47634]
[0.652216, 0.010119, 0.065048, 0.47297, -0.476478]
[0.652537, 0.004495, 0.05, 0.472956, -0.476625]
[0.652343, 0.005359, 0.046569, 0.472777, -0.476531]
[0.651656, 0.019206, 0.070515, 0.472882, -0.476335]
[0.652493, -0.004806, 0.042938, 0.472924, -0.476399]
[0.651816, -0.004611, 0.059591, 0.473038, -0.476341]
[0.651586, 0.023375, 0.060564, 0.472868, -0.476611]
[0.651506, 0.01189, 0.043183, 0.472736, -0.476352]
[0.651856, -0.000896, 0.052854, 0.47305, -0.476681]
[0.652013, 0.005592, 0.057828, 0.472709, -0.476577]
[0.651513, 0.003352, 0.057923, 0.472829, -0.476437]
[0.651805, -0.004923, 0.042902, 0.473003, -0.476517]
[0.652378, 0.001017, 0.061786, 0.473043, -0.476483]
[0.651567, 0.003703, 0.0459, 0.472896, -0.476501]
[0.652149, 0.005911, 0.041855, 0.473081, -0.476581]
[0.651485, 0.006607, 0.047026, 0.472718, -0.476505]
[0.651581, 0.012875, 0.042348, 0.472884, -0.476469]
[0.651778, 0.016583, 0.047836, 0.472718, -0.476474]
[0.652299, 9.3e-05, 0.050863, 0.472964, -0.476564]
[0.651542, 0.003222, 0.052713, 0.472834, -0.476478]
[0.651503, 0.017603, 0.047813, 0.47298, -0.476662]
[0.652055, 0.009789, 0.050035, 0.472797, -0.476463]
[0.651777, 0.010667, 0.045727, 0.472988, -0.476614]
[0.651739, 0.005745, 0.049531, 0.472956, -0.476631]
[0.652051, 0.011417, 0.055491, 0.472838, -0.476624]
[0.651488, 0.020059, 0.054404, 0.472691, -0.476579]
[0.652681, 0.002621, 0.066082, 0.472982, -0.47643]
[0.651712, -0.000514, 0.070718, 0.47301, -0.476572]
[0.652272, 0.00754, 0.047219, 0.472778, -0.476657]
[0.652404, 0.002456, 0.054287, 0.47287, -0.476561]
[0.651896, -0.003664, 0.065668, 0.473009, -0.476595]
[0.65157, -0.003405, 0.073002, 0.47283, -0.47644]
[0.652145, -0.00364, 0.071175, 0.472858, -0.476491]
[0.652568, 0.006103, 0.069551, 0.472997, -0.476649]
[0.652289, 0.016749, 0.056242, 0.472763, -0.476384]
[0.652058, 0.005311, 0.062324, 0.472973, -0.476438]
[0.651616, 0.001948, 0.06422, 0.472808, -0.476624]
[0.65212, 0.022533, 0.066704, 0.472909, -0.476548]
[0.65172, 0.005697, 0.057731, 0.472936, -0.476603]
[0.652229, 0.010234, 0.05108, 0.472875, -0.476551]
[0.65232, -0.003708, 0.065738, 0.47307, -0.476614]
[0.651789, 0.013675, 0.053781, 0.472684, -0.476372]
[0.651758, -0.000537, 0.049331, 0.472934, -0.476587]
[0.652211, -0.002507, 0.065471, 0.472961, -0.476403]
[0.652539, 0.002807, 0.041072, 0.473073, -0.476364]
[0.652017, 0.020089, 0.073332, 0.472897, -0.476444]
[0.652386, 0.018642, 0.048021, 0.472709, -0.476464]
[0.652623, 0.011738, 0.071981, 0.473001, -0.476444]
[0.652317, 8e-06, 0.050431, 0.472817, -0.476435]
[0.651922, -0.004403, 0.072129, 0.472785, -0.476549]
[0.652656, 0.009078, 0.070614, 0.47294, -0.476338]
[0.651785, 0.015295, 0.039836, 0.473014, -0.476621]
[0.652588, -0.001596, 0.059649, 0.472849, -0.476374]
[0.652271, 0.001168, 0.04668, 0.472955, -0.476478]
[0.652659, 0.019509, 0.070698, 0.472812, -0.476379]
[0.651634, 0.011921, 0.055032, 0.472817, -0.476565]
[0.651896, -0.002979, 0.040915, 0.472743, -0.476425]
[0.652059, 0.013196, 0.04324, 0.473031, -0.476614]
[0.652199, -0.004352, 0.061679, 0.473093, -0.476505]
[0.651835, 0.014006, 0.049242, 0.47298, -0.47638]
[0.652478, 0.018492, 0.049612, 0.47287, -0.476446]
[0.652467, 0.007539, 0.050709, 0.472742, -0.476576]
[0.652635, 0.00585, 0.052769, 0.472952, -0.476612]
[0.651518, 0.005077, 0.065312, 0.473049, -0.47643]
[0.65271, 0.017276, 0.070413, 0.473026, -0.476404]
[0.652591, 0.018581, 0.044104, 0.472709, -0.476649]
[0.652135, 0.007632, 0.050622, 0.472909, -0.476643]
[0.652642, 0.014052, 0.051803, 0.472679, -0.4764]
[0.652708, 0.017795, 0.063587, 0.472831, -0.476482]
[0.651724, 0.005779, 0.068502, 0.472823, -0.476522]
[0.652709, 0.002219, 0.058475, 0.473069, -0.476534]
[0.651852, 0.004628, 0.040412, 0.472922, -0.476492]
[0.652666, 0.001717, 0.043578, 0.472882, -0.47635]
[0.652574, 0.020761, 0.044548, 0.472757, -0.476621]
[0.651772, 0.02028, 0.069918, 0.472864, -0.47646]
[0.651719, -0.004243, 0.042343, 0.472697, -0.476501]
[0.651655, 0.009671, 0.059075, 0.472941, -0.476479]
[0.65211, 0.018449, 0.059772, 0.47283, -0.476663]
[0.652574, 0.01628, 0.05514, 0.472955, -0.476501]
[0.652562, 0.008669, 0.057415, 0.472699, -0.476558]
[0.651501, -0.001839, 0.057414, 0.472802, -0.476402]
[0.651641, 0.02052, 0.064399, 0.472946, -0.476373]
[0.651884, -0.000202, 0.064243, 0.473033, -0.476638]
[0.652552, 0.017382, 0.04949, 0.472917, -0.47644]
[0.651638, 0.020213, 0.063579, 0.472679, -0.476652]
[0.652048, 0.000601, 0.044022, 0.472935, -0.476635]
[0.651566, 1.9e-05, 0.070349, 0.472796, -0.476677]
[0.652088, 0.001814, 0.042075, 0.472993, -0.476523]
[0.652068, 0.001872, 0.042018, 0.472991, -0.476524]
[0.652089, 0.001876, 0.04214, 0.472992, -0.476522]
[0.652081, 0.001842, 0.042003, 0.472993, -0.476522]
[0.652098, 0.00184, 0.041914, 0.472992, -0.476524]
[0.652081, 0.001836, 0.041938, 0.472993, -0.476523]
[0.652098, 0.001739, 0.04193, 0.472992, -0.476523]
[0.652071, 0.001874, 0.04195, 0.472993, -0.476523]
[0.652101, 0.001745, 0.042032, 0.472993, -0.476523]
[0.652073, 0.001722, 0.042075, 0.472991, -0.476521]
[0.652105, 0.001817, 0.04191, 0.472993, -0.476522]
[0.652067, 0.001755, 0.042, 0.472994, -0.476523]
[0.652077, 0.001817, 0.042055, 0.472992, -0.476521]
[0.652103, 0.001764, 0.042136, 0.472992, -0.476522]
[0.652088, 0.001827, 0.042127, 0.472991, -0.476524]
[0.65209, 0.001792, 0.041899, 0.472991, -0.476523]
[0.652106, 0.001787, 0.042048, 0.472991, -0.476521]
[0.652085, 0.001746, 0.041902, 0.472994, -0.476523]
[0.652068, 0.00185, 0.04196, 0.472992, -0.476522]
[0.652091, 0.001859, 0.041997, 0.472991, -0.476522]
[0.652106, 0.001789, 0.041997, 0.472992, -0.476521]
[0.652097, 0.001753, 0.042064, 0.472992, -0.476523]
[0.652074, 0.001875, 0.042044, 0.472994, -0.476522]
[0.652071, 0.001734, 0.04189, 0.472993, -0.476524]
[0.652072, 0.001734, 0.041947, 0.472993, -0.476522]
[0.652067, 0.001851, 0.041906, 0.472994, -0.476523]
[0.652069, 0.001859, 0.042085, 0.472993, -0.476522]
[0.652073, 0.001861, 0.042112, 0.472993, -0.476524]
[0.652093, 0.001789, 0.041925, 0.472992, -0.476521]
[0.652067, 0.001846, 0.042123, 0.472994, -0.476524]
[0.652072, 0.001714, 0.041906, 0.472994, -0.476523]
[0.652085, 0.001712, 0.041972, 0.472992, -0.476524]
[0.652102, 0.00176, 0.042127, 0.472992, -0.476522]
[0.65208, 0.001768, 0.042145, 0.472993, -0.476521]
[0.652063, 0.001799, 0.042054, 0.472993, -0.476522]
[0.652082, 0.001811, 0.041918, 0.472992, -0.476521]
[0.65207, 0.0018, 0.042029, 0.472993, -0.476523]
[0.652087, 0.001847, 0.042106, 0.472992, -0.476522]
[0.652095, 0.001761, 0.042031, 0.472992, -0.476522]
[0.652064, 0.001844, 0.042065, 0.472994, -0.476522]
[0.652089, 0.001782, 0.04202, 0.472994, -0.476522]
[0.652075, 0.001714, 0.042051, 0.472992, -0.476523]
[0.652085, 0.001729, 0.042057, 0.472991, -0.476524]
[0.652095, 0.001808, 0.042112, 0.472992, -0.476522]
[0.652077, 0.001868, 0.041911, 0.472993, -0.476521]
[0.652098, 0.001803, 0.042069, 0.472993, -0.476521]
[0.652081, 0.001825, 0.042091, 0.472991, -0.476523]
[0.6521, 0.001759, 0.041944, 0.472992, -0.476522]
[0.652065, 0.001826, 0.042074, 0.472992, -0.476522]
[0.652065, 0.001753, 0.042104, 0.472993, -0.476522]
[0.652099, 0.00174, 0.042143, 0.472994, -0.476522]
[0.652091, 0.001751, 0.042066, 0.472994, -0.476521]
[0.652087, 0.001784, 0.041997, 0.472992, -0.476522]
[0.652073, 0.001762, 0.042032, 0.472993, -0.476522]
[0.652087, 0.001809, 0.04199, 0.472993, -0.476523]
[0.652091, 0.00185, 0.041917, 0.472993, -0.476521]
[0.652077, 0.00186, 0.042019, 0.472993, -0.476524]
[0.652084, 0.001842, 0.042099, 0.472993, -0.476524]
[0.652092, 0.001727, 0.042108, 0.472993, -0.476521]
[0.652072, 0.00181, 0.042078, 0.472992, -0.476523]
[0.652066, 0.001712, 0.04205, 0.472993, -0.476523]
[0.652082, 0.001876, 0.041919, 0.472993, -0.476524]
[0.652102, 0.001853, 0.042001, 0.472994, -0.476521]
[0.652091, 0.001767, 0.042019, 0.472992, -0.476522]
[0.652072, 0.001813, 0.042003, 0.472993, -0.476522]
[0.652065, 0.001783, 0.042005, 0.472992, -0.476523]
[0.652067, 0.001857, 0.041977, 0.472992, -0.476521]
[0.652093, 0.001787, 0.042081, 0.472993, -0.476524]
[0.652091, 0.001843, 0.042134, 0.472993, -0.476523]
[0.652082, 0.001742, 0.041946, 0.472991, -0.476521]
[0.652076, 0.001798, 0.042024, 0.472992, -0.476523]
[0.652105, 0.00184, 0.041982, 0.472993, -0.476521]
[0.652093, 0.00182, 0.042125, 0.472991, -0.476523]
[0.652074, 0.00172, 0.041896, 0.472994, -0.476521]
[0.652089, 0.001822, 0.042094, 0.472993, -0.476521]
[0.652101, 0.001762, 0.041922, 0.472993, -0.476522]
[0.652072, 0.001872, 0.042054, 0.472993, -0.476522]
[0.652093, 0.001871, 0.04212, 0.472992, -0.476523]
[0.652103, 0.0018, 0.042075, 0.472991, -0.476521]
[0.652086, 0.001772, 0.041901, 0.472992, -0.476523]
[0.652092, 0.001748, 0.042029, 0.472993, -0.476524]
[0.65209, 0.001839, 0.042119, 0.472992, -0.476521]
[0.65209, 0.001756, 0.041903, 0.472992, -0.476524]
[0.652082, 0.001772, 0.041971, 0.472993, -0.476522]
[0.652099, 0.001868, 0.042097, 0.472993, -0.476524]
[0.652084, 0.001874, 0.041946, 0.472994, -0.476523]
[0.652093, 0.001774, 0.042019, 0.472991, -0.476523]
[0.652081, 0.001796, 0.042036, 0.472993, -0.476523]
[0.652107, 0.001753, 0.042051, 0.472993, -0.476521]
[0.652099, 0.001785, 0.042069, 0.472991, -0.476522]
[0.652079, 0.001728, 0.041904, 0.472993, -0.476521]
[0.652068, 0.001765, 0.042054, 0.472992, -0.476523]
[0.652107, 0.001795, 0.042107, 0.472993, -0.476522]
[0.652086, 0.00182, 0.042098, 0.472993, -0.476524]
[0.652068, 0.001849, 0.042138, 0.472991, -0.476522]
[0.652092, 0.001847, 0.041922, 0.472992, -0.476522]
[0.652083, 0.001713, 0.041924, 0.472991, -0.476524]
[0.652066, 0.001828, 0.041936, 0.472992, -0.476523]
[0.652095, 0.001803, 0.041895, 0.472993, -0.476523]
[0.652073, 0.001876, 0.04199, 0.472993, -0.476522]
[0.652086, 0.001809, 0.042047, 0.472991, -0.476522]
[0.652099, 0.001851, 0.042065, 0.472991, -0.476522]
[0.652091, 0.00185, 0.042092, 0.472993, -0.476524]
[0.652105, 0.001856, 0.041952, 0.472992, -0.476523]
[0.65207, 0.001861, 0.042002, 0.472992, -0.476523]
[0.652088, 0.001721, 0.041993, 0.472994, -0.476522]
[0.652092, 0.001823, 0.042096, 0.472993, -0.476522]
[0.652068, 0.001845, 0.042102, 0.472993, -0.476524]
[0.652085, 0.001874, 0.041954, 0.472992, -0.476523]
[0.652064, 0.001867, 0.042025, 0.472992, -0.476522]
[0.652099, 0.00187, 0.042045, 0.472992, -0.476521]
[0.65209, 0.001724, 0.042143, 0.472993, -0.476523]
[0.652086, 0.001836, 0.042059, 0.472992, -0.476523]
[0.652096, 0.001862, 0.042005, 0.472992, -0.476523]
[0.652101, 0.001832, 0.041965, 0.472994, -0.476524]
[0.6521, 0.001789, 0.041953, 0.472993, -0.476523]
[0.652092, 0.001713, 0.042043, 0.472991, -0.476523]
[0.652104, 0.001717, 0.04203, 0.472992, -0.476521]
[0.652085, 0.00188, 0.042053, 0.472993, -0.476522]
[0.652065, 0.001766, 0.042028, 0.472993, -0.476522]
[0.652074, 0.001771, 0.042033, 0.472993, -0.476523]
[0.652077, 0.001787, 0.041895, 0.472993, -0.476523]
[0.652084, 0.001801, 0.041904, 0.472991, -0.476521]
[0.652099, 0.001766, 0.041906, 0.472993, -0.476523]
[0.652092, 0.001865, 0.042139, 0.472993, -0.476521]
[0.65207, 0.001847, 0.042005, 0.472991, -0.476523]
[0.652104, 0.001878, 0.042141, 0.472993, -0.476523]
[0.652082, 0.001725, 0.041992, 0.472992, -0.476522]
[0.652071, 0.001817, 0.041991, 0.472992, -0.476523]
[0.652088, 0.001746, 0.042039, 0.472992, -0.476521]
[0.652084, 0.001771, 0.041998, 0.472992, -0.476523]
[0.65207, 0.001754, 0.04198, 0.472992, -0.476524]
[0.652098, 0.00174, 0.041956, 0.472993, -0.476521]
[0.652092, 0.001832, 0.041976, 0.472992, -0.476522]
[0.652063, 0.00183, 0.041975, 0.472994, -0.476522]
[0.652091, 0.001717, 0.042067, 0.472991, -0.476523]
[0.652078, 0.001713, 0.042012, 0.472991, -0.476523]
[0.652094, 0.00188, 0.042026, 0.472993, -0.476523]
[0.652088, 0.001848, 0.042121, 0.472993, -0.476524]
[0.652082, 0.001823, 0.042113, 0.472992, -0.476523]
[0.652068, 0.00173, 0.041971, 0.472991, -0.476524]
[0.652066, 0.001875, 0.041917, 0.472994, -0.476524]
[0.652073, 0.001829, 0.04189, 0.472992, -0.476522]
[0.652093, 0.001719, 0.042143, 0.472993, -0.476523]
[0.652067, 0.001873, 0.042095, 0.472993, -0.476523]
[0.652089, 0.001869, 0.041934, 0.472991, -0.476523]
[0.652073, 0.001857, 0.041992, 0.472993, -0.476522]
[0.652093, 0.001721, 0.042071, 0.472992, -0.476523]
[0.65209, 0.001843, 0.042135, 0.472993, -0.476523]
[0.652091, 0.001847, 0.042008, 0.472992, -0.476522]
[0.652064, 0.001878, 0.041916, 0.472994, -0.476524]
[0.652064, 0.001876, 0.041918, 0.472994, -0.476524]
[0.652066, 0.001877, 0.041916, 0.472994, -0.476524]
[0.652065, 0.001881, 0.041916, 0.472994, -0.476524]
[0.652065, 0.001875, 0.041918, 0.472994, -0.476524]
[0.652065, 0.00188, 0.041915, 0.472994, -0.476524]
[0.652065, 0.001878, 0.041916, 0.472994, -0.476524]
[0.652065, 0.00188, 0.041916, 0.472994, -0.476524]
[0.652064, 0.001876, 0.041916, 0.472994, -0.476524]
[0.652064, 0.001877, 0.041915, 0.472994, -0.476524]
[0.652065, 0.001875, 0.041917, 0.472994, -0.476524]
[0.652064, 0.001876, 0.041917, 0.472994, -0.476524]
[0.652065, 0.00188, 0.041917, 0.472994, -0.476524]
[0.652064, 0.00188, 0.041916, 0.472994, -0.476524]
[0.652066, 0.001876, 0.041915, 0.472994, -0.476524]
[0.652063, 0.00188, 0.041917, 0.472994, -0.476524]
[0.652064, 0.001881, 0.041917, 0.472994, -0.476524]
[0.652065, 0.001877, 0.041915, 0.472994, -0.476524]
[0.652064, 0.001877, 0.041918, 0.472994, -0.476524]
[0.652065, 0.001877, 0.041917, 0.472994, -0.476524]
[0.652063, 0.001881, 0.041917, 0.472994, -0.476524]
[0.652063, 0.001875, 0.041917, 0.472994, -0.476524]
[0.652064, 0.001877, 0.041917, 0.472994, -0.476524]
[0.652064, 0.001879, 0.041916, 0.472994, -0.476524]
[0.652063, 0.001878, 0.041918, 0.472994, -0.476524]
[0.652063, 0.001876, 0.041916, 0.472994, -0.476524]
[0.652065, 0.001878, 0.041917, 0.472994, -0.476524]
[0.652065, 0.001881, 0.041918, 0.472994, -0.476524]
[0.652064, 0.001877, 0.041916, 0.472994, -0.476524]
[0.652066, 0.001878, 0.041915, 0.472994, -0.476524]
[0.652066, 0.001879, 0.041915, 0.472994, -0.476524]
[0.652063, 0.001876, 0.041918, 0.472994, -0.476524]
[0.652065, 0.001877, 0.041918, 0.472994, -0.476524]
[0.652065, 0.001879, 0.041915, 0.472994, -0.476524]
[0.652063, 0.001878, 0.041916, 0.472994, -0.476524]
[0.652063, 0.001875, 0.041916, 0.472994, -0.476524]
[0.652065, 0.001881, 0.041917, 0.472994, -0.476524]
[0.652065, 0.001878, 0.041918, 0.472994, -0.476524]
[0.652066, 0.00188, 0.041916, 0.472994, -0.476524]
[0.652065, 0.001876, 0.041916, 0.472994, -0.476524]
[0.652064, 0.001875, 0.041916, 0.472994, -0.476524]
[0.652065, 0.001877, 0.041916, 0.472994, -0.476524]
[0.652066, 0.001877, 0.041917, 0.472994, -0.476524]
[0.652063, 0.001879, 0.041917, 0.472994, -0.476524]
[0.652065, 0.00188, 0.041918, 0.472994, -0.476524]
[0.652063, 0.001877, 0.041918, 0.472994, -0.476524]
[0.652064, 0.001878, 0.041918, 0.472994, -0.476524]
[0.652066, 0.001878, 0.041916, 0.472994, -0.476524]
[0.652065, 0.001876, 0.041917, 0.472994, -0.476524]
[0.652065, 0.001879, 0.041916, 0.472994, -0.476524]
[0.652064, 0.001881, 0.041915, 0.472994, -0.476524]
[0.652063, 0.001879, 0.041916, 0.472994, -0.476524]
[0.652063, 0.001877, 0.041917, 0.472994, -0.476524]
[0.652064, 0.001878, 0.041915, 0.472994, -0.476524]
[0.652065, 0.001879, 0.041917, 0.472994, -0.476524]
[0.652064, 0.001875, 0.041915, 0.472994, -0.476524]
[0.652063, 0.001879, 0.041918, 0.472994, -0.476524]
[0.652065, 0.001879, 0.041918, 0.472994, -0.476524]
[0.652063, 0.001881, 0.041918, 0.472994, -0.476524]
[0.652066, 0.00188, 0.041915, 0.472994, -0.476524]
[0.652064, 0.001878, 0.041917, 0.472994, -0.476524]
[0.652063, 0.00188, 0.041918, 0.472994, -0.476524]
[0.652064, 0.00188, 0.041918, 0.472994, -0.476524]
[0.652066, 0.001877, 0.041915, 0.472994, -0.476524]
[0.652064, 0.001879, 0.041918, 0.472994, -0.476524]
[0.652064, 0.00188, 0.041915, 0.472994, -0.476524]
[0.652066, 0.001876, 0.041917, 0.472994, -0.476524]
[0.652063, 0.001875, 0.041918, 0.472994, -0.476524]
[0.652066, 0.001876, 0.041916, 0.472994, -0.476524]
[0.652063, 0.001878, 0.041915, 0.472994, -0.476524]
[0.652066, 0.001877, 0.041918, 0.472994, -0.476524]
[0.652066, 0.001878, 0.041918, 0.472994, -0.476524]
[0.652064, 0.001876, 0.041915, 0.472994, -0.476524]
[0.652066, 0.001879, 0.041916, 0.472994, -0.476524]
[0.652064, 0.001881, 0.041918, 0.472994, -0.476524]
[0.652065, 0.001878, 0.041915, 0.472994, -0.476524]
[0.652064, 0.001879, 0.041917, 0.472994, -0.476524]
[0.652066, 0.001876, 0.041918, 0.472994, -0.476524]
[0.652063, 0.001875, 0.041915, 0.472994, -0.476524]
[0.652066, 0.00188, 0.041917, 0.472994, -0.476524]
[0.652066, 0.001881, 0.041916, 0.472994, -0.476524]
[0.652064, 0.001879, 0.041915, 0.472994, -0.476524]
[0.652063, 0.001877, 0.041916, 0.472994, -0.476524]
[0.652063, 0.001878, 0.041917, 0.472994, -0.476524]
[0.652063, 0.00188, 0.041915, 0.472994, -0.476524]
[0.652064, 0.00188, 0.041917, 0.472994, -0.476524]
[0.652065, 0.001875, 0.041916, 0.472994, -0.476524]
[0.652065, 0.001876, 0.041915, 0.472994, -0.476524]
[0.652063, 0.001881, 0.041916, 0.472994, -0.476524]
[0.652065, 0.001881, 0.041915, 0.472994, -0.476524]
[0.652066, 0.001878, 0.041917, 0.472994, -0.476524]
[0.652063, 0.001876, 0.041917, 0.472994, -0.476524]
[0.652066, 0.001879, 0.041918, 0.472994, -0.476524]
[0.652066, 0.001879, 0.041917, 0.472994, -0.476524]
[0.652064, 0.001875, 0.041917, 0.472994, -0.476524]
[0.652066, 0.00188, 0.041918, 0.472994, -0.476524]
[0.652063, 0.001877, 0.041915, 0.472994, -0.476524]
[0.652065, 0.001875, 0.041915, 0.472994, -0.476524]
[0.652064, 0.001881, 0.041916, 0.472994, -0.476524]
[0.652063, 0.001879, 0.041915, 0.472994, -0.476524]
[0.652066, 0.001881, 0.041917, 0.472994, -0.476524]
[0.652065, 0.001876, 0.041918, 0.472994, -0.476524]
[0.652064, 0.001875, 0.041918, 0.472994, -0.476524]
