Status: violated
Adversarial inputs found:
  [0.661041, -0.0093, -0.390202, 0.452039, -0.480001]
  [0.661296, -0.008683, -0.388653, 0.451595, -0.48085]
  [0.661309, -0.005775, -0.389786, 0.450458, -0.479238]
  [0.661125, -0.004197, -0.393182, 0.451498, -0.4796]
  [0.661129, -0.004234, -0.392607, 0.450978, -0.479824]
  [0.661336, -0.000589, -0.390384, 0.450204, -0.48065]
  [0.661182, -0.001438, -0.39283, 0.451912, -0.479814]
  [0.661035, -0.008133, -0.393288, 0.451182, -0.480569]
  [0.660873, -0.003103, -0.389335, 0.451218, -0.479229]
  [0.660965, -0.002386, -0.393023, 0.450902, -0.479417]
  [0.661078, -0.006308, -0.388093, 0.451854, -0.480032]
  [0.661232, -0.003481, -0.391939, 0.45096, -0.479111]
  [0.661026, -0.007001, -0.390858, 0.450827, -0.479386]
  [0.661327, -0.008872, -0.390994, 0.452039, -0.479779]
  [0.660988, -0.000952, -0.389386, 0.450924, -0.480153]
  [0.661181, -0.00285, -0.389715, 0.450267, -0.480227]
  [0.661025, -0.004989, -0.388845, 0.450182, -0.47997]
  [0.661075, -0.007399, -0.388677, 0.45159, -0.479114]
  [0.661135, -0.009996, -0.388035, 0.451016, -0.479694]
  [0.661054, -0.005002, -0.388752, 0.451458, -0.479649]
  [0.661091, -0.000488, -0.390698, 0.451831, -0.480301]
  [0.661358, -0.000795, -0.388374, 0.450339, -0.480384]
  [0.661007, -0.005231, -0.389593, 0.450299, -0.479747]
  [0.661357, -0.003841, -0.388888, 0.450574, -0.480337]
  [0.661172, -0.001673, -0.389995, 0.450153, -0.479975]
  [0.66102, -0.001145, -0.389202, 0.450838, -0.479109]
  [0.661082, -0.008924, -0.392595, 0.4515, -0.479801]
  [0.661143, -0.005595, -0.390959, 0.451336, -0.480222]
  [0.661028, -0.004772, -0.392279, 0.451399, -0.479395]
  [0.661165, -0.002704, -0.389764, 0.450179, -0.479941]
  [0.660983, -0.000722, -0.392789, 0.451944, -0.479797]
  [0.660966, -0.004768, -0.393217, 0.451779, -0.479351]
  [0.66091, -0.009576, -0.389603, 0.451882, -0.479302]
  [0.661258, -0.000286, -0.392989, 0.451098, -0.480426]
  [0.66089, -0.009531, -0.392446, 0.450513, -0.480191]
  [0.661218, -0.003027, -0.389434, 0.450059, -0.479092]
  [0.661085, -0.008174, -0.392005, 0.450892, -0.4796]
  [0.661121, -0.005572, -0.389959, 0.450367, -0.47977]
  [0.661006, -0.005174, -0.390424, 0.450136, -0.479337]
  [0.661012, -0.002291, -0.389856, 0.45206, -0.480623]
  [0.66134, -0.002282, -0.391529, 0.45007, -0.480434]
  [0.661227, -0.002463, -0.392858, 0.451122, -0.48046]
  [0.661083, -0.007834, -0.39192, 0.451065, -0.480095]
  [0.660985, -0.000726, -0.392645, 0.451972, -0.480175]
  [0.660981, -0.009979, -0.391958, 0.450931, -0.480649]
  [0.661129, -0.008203, -0.38909, 0.451387, -0.480611]
  [0.661244, -0.009261, -0.389649, 0.451033, -0.480655]
  [0.661354, -0.004926, -0.392231, 0.450672, -0.480378]
  [0.661073, -0.007311, -0.39117, 0.451597, -0.480163]
  [0.660943, -0.002739, -0.392198, 0.45086, -0.479324]
  [0.661227, -0.001355, -0.389247, 0.450331, -0.480655]
  [0.66092, -0.009052, -0.391179, 0.450224, -0.479442]
  [0.660996, -0.004375, -0.389011, 0.450373, -0.480648]
  [0.661026, -0.000985, -0.388281, 0.450919, -0.48038]
  [0.660919, -0.00691, -0.388727, 0.450614, -0.479741]
  [0.661047, -0.010689, -0.390589, 0.450208, -0.479548]
  [0.661231, -0.00294, -0.389874, 0.451002, -0.479152]
  [0.660934, -0.006406, -0.391818, 0.452165, -0.480018]
  [0.661031, -0.002906, -0.388249, 0.450559, -0.480191]
  [0.660913, -0.008616, -0.388247, 0.450266, -0.479119]
  [0.661129, -0.004191, -0.391214, 0.451886, -0.480384]
  [0.661102, -0.007303, -0.389379, 0.451747, -0.47929]
  [0.661011, -0.004625, -0.390636, 0.451783, -0.479886]
  [0.661083, -0.007428, -0.390195, 0.451346, -0.480822]
  [0.661313, -0.00242, -0.388053, 0.451067, -0.480238]
  [0.661372, -0.003566, -0.390523, 0.451, -0.479642]
  [0.66117, -0.008393, -0.390541, 0.450693, -0.480063]
  [0.660936, -0.001409, -0.391102, 0.450182, -0.480508]
  [0.66105, -0.009465, -0.38878, 0.450505, -0.480019]
  [0.661235, -0.009139, -0.39242, 0.450385, -0.479347]
  [0.661109, -0.004531, -0.390924, 0.450036, -0.479435]
  [0.661212, -0.000895, -0.390604, 0.451004, -0.479724]
  [0.660939, -0.00717, -0.389953, 0.450734, -0.480336]
  [0.6609, -0.000769, -0.389315, 0.451126, -0.480753]
  [0.66131, -0.00952, -0.39126, 0.451212, -0.480536]
  [0.660888, -0.001533, -0.389908, 0.450157, -0.480193]
  [0.660899, -0.005252, -0.389387, 0.451178, -0.480485]
  [0.661004, -0.001132, -0.390395, 0.450232, -0.479146]
  [0.661099, -0.000416, -0.39246, 0.450923, -0.479913]
  [0.661066, -0.007187, -0.388309, 0.450711, -0.480225]
  [0.660874, -0.009788, -0.392174, 0.450896, -0.48031]
  [0.661087, -0.003786, -0.388331, 0.451809, -0.48001]
  [0.661085, -0.010576, -0.391764, 0.45135, -0.48073]
  [0.661028, -0.002936, -0.388176, 0.450344, -0.479137]
  [0.661351, -0.000883, -0.39176, 0.45086, -0.480752]
  [0.661057, -0.004701, -0.391843, 0.450818, -0.479439]
  [0.661115, -0.000667, -0.392728, 0.451085, -0.48044]
  [0.661141, -0.008658, -0.392653, 0.450941, -0.479481]
  [0.660892, -0.002946, -0.391592, 0.451709, -0.480789]
  [0.661047, -0.003266, -0.391615, 0.451718, -0.48015]
  [0.661088, -0.004919, -0.389411, 0.450587, -0.479914]
  [0.661093, -0.009841, -0.388572, 0.452045, -0.479303]
  [0.660949, -0.003381, -0.391923, 0.451002, -0.480031]
  [0.661239, -0.005861, -0.393199, 0.450428, -0.480447]
  [0.660916, -0.004957, -0.390123, 0.450312, -0.480456]
  [0.661033, -0.002398, -0.390806, 0.452073, -0.480074]
  [0.661097, -0.007549, -0.391691, 0.450667, -0.480517]
  [0.661269, -0.008738, -0.392164, 0.450251, -0.480318]
  [0.661125, -0.006599, -0.392972, 0.451308, -0.480285]
  [0.660884, -0.004508, -0.390339, 0.451816, -0.480509]
  [0.661089, -0.001715, -0.391705, 0.450463, -0.480826]
  [0.661313, -0.001481, -0.392784, 0.451067, -0.479659]
  [0.661279, -0.001559, -0.390202, 0.450441, -0.479669]
  [0.661265, -0.005489, -0.388842, 0.451204, -0.479147]
  [0.661219, -0.007193, -0.392511, 0.451031, -0.480199]
  [0.661327, -0.007074, -0.393278, 0.450192, -0.479835]
  [0.661004, -0.001136, -0.388936, 0.450422, -0.479653]
  [0.661239, -0.006751, -0.391713, 0.450021, -0.480076]
  [0.661244, -0.004784, -0.391199, 0.45065, -0.479612]
  [0.661352, -0.003405, -0.388787, 0.450765, -0.480705]
  [0.661302, -0.009881, -0.388861, 0.450886, -0.480409]
  [0.660945, -0.00732, -0.392646, 0.451061, -0.479658]
  [0.661125, -0.00597, -0.391778, 0.451996, -0.479717]
  [0.661031, -0.003915, -0.388298, 0.452004, -0.479984]
  [0.661072, -0.005849, -0.388406, 0.450974, -0.479085]
  [0.661151, -0.009435, -0.393209, 0.450371, -0.479869]
  [0.661367, -0.004841, -0.390534, 0.452175, -0.480838]
  [0.660962, -0.00063, -0.391547, 0.451776, -0.479465]
  [0.661052, -0.00209, -0.389333, 0.450569, -0.479538]
  [0.661289, -0.007825, -0.392685, 0.452019, -0.480395]
  [0.661331, -0.003634, -0.391882, 0.450015, -0.479479]
  [0.661058, -0.000534, -0.38973, 0.451913, -0.480257]
  [0.661308, -0.009251, -0.39016, 0.45012, -0.48081]
  [0.661098, -0.003053, -0.392098, 0.450603, -0.479801]
  [0.661156, -0.003075, -0.388264, 0.450219, -0.479974]
  [0.661087, -0.003437, -0.390067, 0.451371, -0.479206]
  [0.661006, -0.006493, -0.389126, 0.451601, -0.480474]
  [0.661083, -0.010142, -0.391835, 0.450972, -0.480544]
  [0.661204, -0.001548, -0.393101, 0.451305, -0.480711]
  [0.6613, -0.005143, -0.389551, 0.451526, -0.479511]
  [0.661065, -0.006586, -0.387963, 0.451922, -0.48069]
  [0.660995, -0.003616, -0.388733, 0.452051, -0.480157]
  [0.660911, -0.00408, -0.391127, 0.450134, -0.480342]
  [0.661253, -0.009436, -0.392214, 0.45067, -0.479537]
  [0.661351, -0.001166, -0.389119, 0.451746, -0.479613]
  [0.661248, -0.00234, -0.393091, 0.45166, -0.479218]
  [0.66128, -0.008126, -0.390253, 0.450825, -0.479444]
  [0.661085, -0.006657, -0.389681, 0.45103, -0.47938]
  [0.661065, -0.008188, -0.390058, 0.451396, -0.480736]
  [0.661309, -0.000411, -0.38866, 0.452104, -0.47943]
  [0.660983, -0.008341, -0.392011, 0.452029, -0.480065]
  [0.66135, -0.003892, -0.388559, 0.450146, -0.479874]
  [0.661291, -0.010582, -0.391056, 0.451716, -0.480472]
  [0.661371, -0.007651, -0.387916, 0.451396, -0.479262]
  [0.661138, -0.009688, -0.393013, 0.451741, -0.4801]
  [0.66096, -0.004685, -0.393119, 0.452046, -0.480451]
  [0.660986, -0.000797, -0.392148, 0.451207, -0.479842]
  [0.661152, -0.010347, -0.391699, 0.450899, -0.480151]
  [0.660971, -0.000387, -0.390684, 0.451418, -0.47948]
  [0.661371, -0.001694, -0.389416, 0.450637, -0.479562]
  [0.661241, -0.000479, -0.389534, 0.450119, -0.479699]
  [0.660896, -0.000737, -0.389289, 0.451103, -0.480755]
  [0.660901, -0.000758, -0.38932, 0.451116, -0.480756]
  [0.660901, -0.000747, -0.389275, 0.451103, -0.480758]
  [0.660901, -0.000742, -0.389312, 0.45117, -0.480759]
  [0.660899, -0.000754, -0.389319, 0.451111, -0.480756]
  [0.660898, -0.000795, -0.389267, 0.451122, -0.480757]
  [0.660899, -0.000746, -0.389271, 0.451166, -0.48076]
  [0.660899, -0.000796, -0.389291, 0.451088, -0.480761]
  [0.660898, -0.000801, -0.389305, 0.451153, -0.480761]
  [0.660901, -0.000768, -0.389284, 0.451146, -0.480762]
  [0.660897, -0.00074, -0.38929, 0.451118, -0.480754]
  [0.660896, -0.000763, -0.3893, 0.451103, -0.480758]
  [0.660898, -0.000768, -0.389291, 0.451099, -0.480755]
  [0.660897, -0.000813, -0.389318, 0.451142, -0.480762]
  [0.660899, -0.000757, -0.389294, 0.451127, -0.480755]
  [0.660898, -0.000773, -0.389273, 0.451105, -0.480757]
  [0.660899, -0.000762, -0.389303, 0.451173, -0.480755]
  [0.660897, -0.000824, -0.389264, 0.451106, -0.480756]
  [0.660896, -0.000813, -0.389276, 0.451128, -0.480754]
  [0.660898, -0.000741, -0.389322, 0.451144, -0.480757]
  [0.660902, -0.000754, -0.389309, 0.451132, -0.480754]
  [0.660896, -0.00078, -0.389277, 0.451109, -0.480758]
  [0.660901, -0.000747, -0.389288, 0.451138, -0.480754]
  [0.660902, -0.000785, -0.389282, 0.451168, -0.480754]
  [0.660901, -0.000774, -0.389284, 0.451134, -0.480756]
  [0.6609, -0.000792, -0.389292, 0.451116, -0.480756]
  [0.660897, -0.000762, -0.389293, 0.451171, -0.480753]
  [0.660899, -0.0008, -0.389311, 0.451081, -0.480757]
  [0.660898, -0.00081, -0.389292, 0.451149, -0.480758]
  [0.6609, -0.000747, -0.389274, 0.451148, -0.48076]
  [0.660898, -0.000791, -0.389258, 0.451132, -0.480756]
  [0.660897, -0.000797, -0.389307, 0.451082, -0.480761]
  [0.660899, -0.000805, -0.389268, 0.451113, -0.480757]
  [0.660901, -0.000782, -0.389258, 0.451153, -0.480762]
  [0.6609, -0.000798, -0.389262, 0.451137, -0.480755]
  [0.660898, -0.000738, -0.389277, 0.451098, -0.48076]
  [0.660897, -0.00076, -0.389276, 0.451175, -0.48076]
  [0.660898, -0.000785, -0.389295, 0.451086, -0.480763]
  [0.660901, -0.000775, -0.389275, 0.451128, -0.480757]
  [0.660899, -0.000748, -0.389266, 0.451123, -0.48076]
  [0.660901, -0.000791, -0.389311, 0.451086, -0.480755]
  [0.6609, -0.000774, -0.389297, 0.451082, -0.480757]
  [0.660898, -0.000818, -0.389298, 0.451148, -0.480756]
  [0.660896, -0.000756, -0.389316, 0.451127, -0.480762]
  [0.660902, -0.000798, -0.389262, 0.451137, -0.480762]
  [0.660898, -0.000767, -0.389302, 0.451166, -0.48076]
  [0.660896, -0.000774, -0.38931, 0.451111, -0.480759]
  [0.660898, -0.000762, -0.389305, 0.451099, -0.48076]
  [0.660897, -0.000761, -0.389313, 0.451108, -0.480755]
  [0.6609, -0.000777, -0.389277, 0.45109, -0.480756]
  [0.6609, -0.000768, -0.389277, 0.451127, -0.480762]
  [0.660901, -0.000777, -0.389279, 0.451131, -0.480762]
  [0.660898, -0.000751, -0.389268, 0.451111, -0.480757]
  [0.660902, -0.000769, -0.389281, 0.451151, -0.480759]
  [0.660902, -0.000741, -0.389323, 0.451152, -0.480756]
  [0.660898, -0.000804, -0.389263, 0.451132, -0.480761]
  [0.660896, -0.000805, -0.38929, 0.451155, -0.48076]
  [0.660897, -0.000785, -0.389267, 0.451161, -0.480758]
  [0.660901, -0.000745, -0.389282, 0.451088, -0.480755]
  [0.660899, -0.000741, -0.389271, 0.451118, -0.480753]
  [0.660896, -0.000797, -0.389285, 0.451117, -0.480759]
  [0.660896, -0.00079, -0.389321, 0.451081, -0.480755]
  [0.660897, -0.000805, -0.389265, 0.451153, -0.480759]
  [0.660901, -0.000741, -0.38928, 0.45115, -0.480755]
  [0.660901, -0.000819, -0.38931, 0.451138, -0.480755]
  [0.6609, -0.000762, -0.389271, 0.451086, -0.480761]
  [0.660899, -0.000813, -0.38927, 0.451115, -0.480756]
  [0.660897, -0.000756, -0.389289, 0.451157, -0.480754]
  [0.6609, -0.000757, -0.389276, 0.451163, -0.480757]
  [0.660897, -0.000742, -0.389288, 0.451095, -0.480757]
  [0.660901, -0.000816, -0.389285, 0.451138, -0.480757]
  [0.6609, -0.000744, -0.389288, 0.451145, -0.480759]
  [0.660899, -0.000758, -0.38928, 0.451126, -0.48076]
  [0.660897, -0.000822, -0.389278, 0.451098, -0.480759]
  [0.6609, -0.000791, -0.389322, 0.451115, -0.480762]
  [0.660899, -0.000819, -0.389261, 0.451149, -0.480758]
  [0.660899, -0.000767, -0.389267, 0.45116, -0.480754]
  [0.660897, -0.000812, -0.389318, 0.45115, -0.480756]
  [0.660898, -0.000749, -0.389297, 0.451095, -0.480759]
  [0.660899, -0.000765, -0.389286, 0.451106, -0.480757]
  [0.660898, -0.000782, -0.38929, 0.451158, -0.480762]
  [0.660901, -0.000755, -0.389311, 0.451082, -0.480759]
  [0.660897, -0.000818, -0.38926, 0.451155, -0.480755]
  [0.660897, -0.000784, -0.389283, 0.451168, -0.480755]
  [0.660902, -0.000772, -0.389277, 0.451089, -0.480761]
  [0.660898, -0.000762, -0.389319, 0.451142, -0.48076]
  [0.660897, -0.000762, -0.389278, 0.45116, -0.48076]
  [0.660898, -0.000765, -0.389262, 0.451099, -0.480759]
  [0.660901, -0.000797, -0.389307, 0.451093, -0.480761]
  [0.660899, -0.000818, -0.389301, 0.451151, -0.480757]
  [0.660899, -0.000784, -0.389273, 0.451166, -0.480759]
  [0.660898, -0.000755, -0.389312, 0.451127, -0.48076]
  [0.660898, -0.000779, -0.389271, 0.451119, -0.480755]
  [0.660901, -0.000782, -0.389271, 0.45113, -0.480755]
  [0.660901, -0.000737, -0.389259, 0.451091, -0.480763]
  [0.660902, -0.000816, -0.38928, 0.451114, -0.480762]
  [0.660897, -0.000781, -0.389294, 0.451114, -0.480754]
  [0.660901, -0.000767, -0.389301, 0.451145, -0.480761]
  [0.660898, -0.000754, -0.389316, 0.45112, -0.480759]
  [0.660902, -0.000767, -0.38932, 0.451136, -0.480758]
  [0.660899, -0.000775, -0.389281, 0.451114, -0.480756]
  [0.660897, -0.000736, -0.389297, 0.451169, -0.480756]
  [0.660897, -0.000759, -0.38927, 0.451134, -0.480763]
  [0.660896, -0.000746, -0.389286, 0.451101, -0.480762]
  [0.660897, -0.000779, -0.389286, 0.451109, -0.480757]
  [0.660901, -0.000762, -0.389309, 0.451106, -0.480759]
  [0.660899, -0.000814, -0.389271, 0.451133, -0.480763]
  [0.660897, -0.000811, -0.389306, 0.451122, -0.480759]
  [0.660899, -0.000773, -0.389266, 0.451118, -0.480758]
  [0.660902, -0.000775, -0.389264, 0.451126, -0.480759]
  [0.660897, -0.000749, -0.38929, 0.451147, -0.480758]
  [0.6609, -0.000816, -0.389282, 0.451117, -0.480756]
  [0.660898, -0.000802, -0.389319, 0.451162, -0.480758]
  [0.660898, -0.000778, -0.389312, 0.451081, -0.480759]
  [0.660898, -0.000775, -0.389322, 0.451086, -0.480758]
  [0.660897, -0.00079, -0.389301, 0.451172, -0.480755]
  [0.660901, -0.000766, -0.389266, 0.451138, -0.480758]
  [0.660901, -0.000819, -0.389312, 0.451132, -0.480763]
  [0.660901, -0.000811, -0.389304, 0.451083, -0.480757]
  [0.660901, -0.000739, -0.389289, 0.451151, -0.480753]
  [0.660896, -0.000824, -0.389293, 0.451158, -0.480757]
  [0.6609, -0.000788, -0.389293, 0.451126, -0.48076]
  [0.6609, -0.000823, -0.389289, 0.451135, -0.480758]
  [0.660901, -0.000803, -0.389308, 0.451083, -0.480761]
  [0.660899, -0.000824, -0.389266, 0.451126, -0.480753]
  [0.660897, -0.000739, -0.38932, 0.451116, -0.480756]
  [0.660897, -0.00074, -0.389273, 0.451114, -0.480758]
  [0.660898, -0.000758, -0.389287, 0.451158, -0.48076]
  [0.660898, -0.000766, -0.389289, 0.451119, -0.480761]
  [0.6609, -0.000814, -0.389279, 0.451093, -0.480755]
  [0.660897, -0.000824, -0.389266, 0.451112, -0.480762]
  [0.660902, -0.000816, -0.389288, 0.451157, -0.480757]
  [0.660898, -0.00076, -0.389263, 0.451114, -0.480759]
  [0.660901, -0.000762, -0.389321, 0.451121, -0.480762]
  [0.660898, -0.000823, -0.389289, 0.451152, -0.480759]
  [0.660896, -0.000749, -0.389267, 0.451158, -0.480761]
  [0.660896, -0.000801, -0.38926, 0.45115, -0.480759]
  [0.660899, -0.000803, -0.389267, 0.451159, -0.480759]
  [0.660898, -0.000764, -0.38926, 0.451151, -0.480754]
  [0.660898, -0.000741, -0.389278, 0.451129, -0.480758]
  [0.660901, -0.000812, -0.389283, 0.451156, -0.480762]
  [0.660896, -0.00074, -0.389263, 0.451086, -0.480758]
  [0.660897, -0.000813, -0.389315, 0.451112, -0.480763]
  [0.6609, -0.000763, -0.389294, 0.451167, -0.480762]
  [0.6609, -0.000813, -0.389287, 0.45108, -0.480757]
  [0.660901, -0.000745, -0.389299, 0.451138, -0.480755]
  [0.660898, -0.000751, -0.389322, 0.451086, -0.480763]
  [0.6609, -0.000758, -0.389286, 0.45108, -0.480759]
  [0.660899, -0.0008, -0.389277, 0.451115, -0.480761]
  [0.660896, -0.000777, -0.38926, 0.451133, -0.480754]
  [0.660901, -0.000737, -0.389258, 0.451091, -0.480763]
  [0.660902, -0.000737, -0.38926, 0.451091, -0.480763]
  [0.660901, -0.000736, -0.389258, 0.451091, -0.480763]
  [0.660902, -0.000737, -0.389259, 0.45109, -0.480763]
  [0.660902, -0.000736, -0.38926, 0.45109, -0.480763]
  [0.660901, -0.000736, -0.389258, 0.45109, -0.480763]
  [0.660901, -0.000736, -0.389259, 0.451091, -0.480763]
  [0.660902, -0.000736, -0.389259, 0.45109, -0.480763]
  [0.660901, -0.000735, -0.38926, 0.451091, -0.480763]
  [0.660902, -0.000735, -0.389259, 0.45109, -0.480763]
  [0.660902, -0.000736, -0.389258, 0.451091, -0.480763]
  [0.660901, -0.000736, -0.389259, 0.45109, -0.480763]
  [0.660901, -0.000735, -0.389258, 0.45109, -0.480763]
  [0.660901, -0.000735, -0.389258, 0.451091, -0.480763]
  [0.660902, -0.000735, -0.389259, 0.451091, -0.480763]
  [0.660902, -0.000736, -0.389259, 0.451091, -0.480763]
  [0.660902, -0.000737, -0.389259, 0.451091, -0.480763]
  [0.660901, -0.000736, -0.38926, 0.451091, -0.480763]
  [0.660901, -0.000735, -0.389259, 0.45109, -0.480763]
  [0.660902, -0.000737, -0.389258, 0.451091, -0.480763]
  [0.660902, -0.000736, -0.38926, 0.451091, -0.480763]
  [0.660902, -0.000736, -0.389258, 0.45109, -0.480763]
  [0.660901, -0.000735, -0.38926, 0.45109, -0.480763]
  [0.660901, -0.000735, -0.389259, 0.451091, -0.480763]
  [0.660901, -0.000737, -0.38926, 0.45109, -0.480763]
  [0.660902, -0.000735, -0.389258, 0.451091, -0.480763]
  [0.660901, -0.000737, -0.389259, 0.45109, -0.480763]
  [0.660902, -0.000735, -0.38926, 0.451091, -0.480763]
  [0.660902, -0.000737, -0.389258, 0.45109, -0.480763]
  [0.660901, -0.000736, -0.38926, 0.45109, -0.480763]
  [0.660902, -0.000735, -0.38926, 0.45109, -0.480763]
  [0.660902, -0.000737, -0.38926, 0.45109, -0.480763]
  [0.660901, -0.000737, -0.38926, 0.451091, -0.480763]
  [0.660901, -0.000737, -0.389258, 0.45109, -0.480763]
  [0.660902, -0.000735, -0.389258, 0.45109, -0.480763]
