Status: violated
Adversarial inputs found:
  [0.613581, 0.005215, -0.371135, 0.452774, -0.474971]
  [0.613348, 0.005504, -0.375056, 0.45262, -0.475018]
  [0.613564, 0.00512, -0.376882, 0.45217, -0.473023]
  [0.613306, 0.00537, -0.377519, 0.452797, -0.472949]
  [0.613035, 0.00582, -0.375455, 0.452548, -0.473664]
  [0.612959, 0.005392, -0.368142, 0.452507, -0.473237]
  [0.612871, 0.005039, -0.370959, 0.452211, -0.474231]
  [0.613195, 0.005549, -0.373167, 0.452354, -0.473745]
  [0.613265, 0.005705, -0.369413, 0.452776, -0.474534]
  [0.613531, 0.005362, -0.371448, 0.452533, -0.472573]
  [0.612972, 0.005398, -0.378889, 0.452635, -0.474499]
  [0.612903, 0.00555, -0.378773, 0.452456, -0.474097]
  [0.613554, 0.005237, -0.37564, 0.452742, -0.475101]
  [0.613545, 0.005561, -0.376427, 0.45237, -0.474095]
  [0.61294, 0.005528, -0.377474, 0.45256, -0.474084]
  [0.61358, 0.005956, -0.378248, 0.45248, -0.474078]
  [0.612949, 0.005854, -0.372777, 0.452185, -0.473505]
  [0.613208, 0.005397, -0.37842, 0.452594, -0.47491]
  [0.613075, 0.005708, -0.375441, 0.452673, -0.474333]
  [0.613187, 0.005681, -0.378728, 0.452418, -0.473966]
  [0.613012, 0.005125, -0.371618, 0.452799, -0.474633]
  [0.613321, 0.005798, -0.371909, 0.452183, -0.474261]
  [0.612988, 0.005051, -0.367767, 0.452789, -0.474404]
  [0.61359, 0.005099, -0.373407, 0.45227, -0.475131]
  [0.61359, 0.005957, -0.3776, 0.452419, -0.473874]
  [0.613496, 0.005721, -0.368742, 0.45219, -0.472925]
  [0.613394, 0.005894, -0.370784, 0.452472, -0.47386]
  [0.613513, 0.005145, -0.368115, 0.452752, -0.474164]
  [0.612956, 0.00566, -0.372227, 0.452374, -0.475089]
  [0.613564, 0.005814, -0.378708, 0.452756, -0.473413]
  [0.613425, 0.005031, -0.368106, 0.452796, -0.472419]
  [0.61353, 0.005536, -0.376521, 0.452749, -0.473526]
  [0.613566, 0.005091, -0.373387, 0.452706, -0.473378]
  [0.61307, 0.005318, -0.367632, 0.452771, -0.473519]
  [0.61341, 0.005658, -0.376307, 0.452164, -0.473539]
  [0.613175, 0.005643, -0.375199, 0.452721, -0.473494]
  [0.613302, 0.00514, -0.368414, 0.452168, -0.472402]
  [0.612932, 0.005834, -0.377656, 0.452348, -0.474925]
  [0.613071, 0.005973, -0.36962, 0.45217, -0.474235]
  [0.613137, 0.005165, -0.36815, 0.452626, -0.473519]
  [0.613016, 0.005244, -0.378954, 0.452212, -0.474129]
  [0.613347, 0.005467, -0.369266, 0.452552, -0.472587]
  [0.613112, 0.005472, -0.370581, 0.45236, -0.472965]
  [0.613213, 0.005202, -0.372544, 0.452449, -0.472701]
  [0.613403, 0.005557, -0.369806, 0.452313, -0.472394]
  [0.613321, 0.005052, -0.377806, 0.452457, -0.475139]
  [0.613138, 0.005748, -0.376267, 0.452541, -0.474178]
  [0.61314, 0.005169, -0.37044, 0.452804, -0.474888]
  [0.613548, 0.005738, -0.368327, 0.452779, -0.474963]
  [0.61349, 0.005208, -0.37844, 0.452366, -0.474429]
  [0.613365, 0.005967, -0.367914, 0.45231, -0.474697]
  [0.613588, 0.005806, -0.374864, 0.452711, -0.474221]
  [0.613065, 0.00595, -0.368994, 0.452565, -0.472654]
  [0.613235, 0.005193, -0.368241, 0.452238, -0.473188]
  [0.6131, 0.005336, -0.372632, 0.452348, -0.473598]
  [0.61345, 0.005383, -0.369795, 0.4523, -0.473719]
  [0.613096, 0.005171, -0.370927, 0.452388, -0.47285]
  [0.613367, 0.005596, -0.368677, 0.45254, -0.474758]
  [0.612955, 0.005213, -0.370033, 0.452449, -0.473671]
  [0.613481, 0.00575, -0.377844, 0.452779, -0.472544]
  [0.613349, 0.005695, -0.372522, 0.452811, -0.472913]
  [0.612986, 0.00586, -0.378773, 0.452228, -0.474259]
  [0.613124, 0.005653, -0.370354, 0.452732, -0.474802]
  [0.612934, 0.00577, -0.368309, 0.452814, -0.474409]
  [0.613615, 0.005856, -0.370939, 0.45252, -0.473778]
  [0.613195, 0.005135, -0.377723, 0.452407, -0.474561]
  [0.612935, 0.005303, -0.37187, 0.452324, -0.473648]
  [0.613573, 0.005723, -0.369346, 0.45278, -0.472798]
  [0.613299, 0.005959, -0.372395, 0.452447, -0.473399]
  [0.613547, 0.005622, -0.378212, 0.452477, -0.474205]
  [0.612864, 0.005401, -0.376544, 0.452705, -0.473578]
  [0.613421, 0.005295, -0.372126, 0.452354, -0.474963]
  [0.613049, 0.005646, -0.376915, 0.452534, -0.474295]
  [0.613145, 0.005297, -0.369428, 0.452175, -0.472495]
  [0.613092, 0.005428, -0.373588, 0.452635, -0.472579]
  [0.613208, 0.005663, -0.369739, 0.452789, -0.474469]
  [0.612989, 0.00523, -0.375253, 0.45274, -0.474767]
  [0.613277, 0.005377, -0.36968, 0.452791, -0.473514]
  [0.612888, 0.005034, -0.370798, 0.452664, -0.474575]
  [0.613009, 0.005592, -0.368104, 0.452818, -0.473435]
  [0.612876, 0.005288, -0.368977, 0.452787, -0.472621]
  [0.613177, 0.005295, -0.37609, 0.452411, -0.472952]
  [0.61345, 0.005076, -0.375004, 0.452175, -0.474099]
  [0.613401, 0.005749, -0.371516, 0.45277, -0.474072]
  [0.613527, 0.0056, -0.369727, 0.45254, -0.47388]
  [0.613443, 0.005527, -0.37271, 0.452215, -0.474122]
  [0.613327, 0.005113, -0.374832, 0.452479, -0.472606]
  [0.613025, 0.005603, -0.372595, 0.452381, -0.472293]
  [0.613313, 0.005341, -0.375098, 0.452204, -0.473497]
  [0.612929, 0.005648, -0.377443, 0.452512, -0.473462]
  [0.613163, 0.005322, -0.376529, 0.452686, -0.473622]
  [0.613421, 0.00555, -0.376279, 0.452468, -0.473651]
  [0.613142, 0.005227, -0.374707, 0.45233, -0.474252]
  [0.612973, 0.005082, -0.37602, 0.452493, -0.473366]
  [0.61337, 0.005103, -0.378319, 0.45265, -0.472799]
  [0.613416, 0.005515, -0.377445, 0.452546, -0.475052]
  [0.613196, 0.005232, -0.369601, 0.452601, -0.472551]
  [0.61289, 0.005814, -0.36882, 0.452386, -0.472498]
  [0.613322, 0.005179, -0.375653, 0.452635, -0.475139]
  [0.612905, 0.005189, -0.370988, 0.452733, -0.474655]
  [0.613451, 0.005509, -0.375504, 0.452606, -0.472648]
  [0.613157, 0.005448, -0.368902, 0.452281, -0.474923]
  [0.612896, 0.005732, -0.374303, 0.452502, -0.474843]
  [0.613375, 0.005201, -0.37545, 0.452514, -0.472366]
  [0.613518, 0.00509, -0.37479, 0.452701, -0.472465]
  [0.613113, 0.005719, -0.372899, 0.452568, -0.472664]
  [0.613105, 0.005234, -0.370766, 0.452576, -0.472935]
  [0.613496, 0.005649, -0.374282, 0.4526, -0.474373]
  [0.612865, 0.005362, -0.371302, 0.452314, -0.473335]
  [0.613033, 0.005832, -0.375143, 0.452483, -0.474242]
  [0.613301, 0.005857, -0.376585, 0.452334, -0.474924]
  [0.613555, 0.005429, -0.376518, 0.452356, -0.474828]
  [0.61299, 0.005735, -0.37255, 0.452209, -0.472831]
  [0.613085, 0.005199, -0.368933, 0.452404, -0.473374]
  [0.613463, 0.005937, -0.376491, 0.452831, -0.472541]
  [0.613064, 0.005449, -0.374685, 0.452341, -0.473367]
  [0.613259, 0.005845, -0.368342, 0.452713, -0.472962]
  [0.613504, 0.005316, -0.376944, 0.452787, -0.472928]
  [0.613314, 0.005187, -0.376279, 0.452711, -0.474843]
  [0.613015, 0.005619, -0.3694, 0.452605, -0.474468]
  [0.613298, 0.005689, -0.375423, 0.45245, -0.474338]
  [0.613255, 0.00511, -0.367873, 0.452775, -0.47476]
  [0.613521, 0.005782, -0.372638, 0.452271, -0.474412]
  [0.613389, 0.005225, -0.375004, 0.452713, -0.472776]
  [0.613449, 0.005354, -0.376033, 0.452663, -0.473988]
  [0.613389, 0.005775, -0.367863, 0.452696, -0.473106]
  [0.613392, 0.005464, -0.368992, 0.452227, -0.473915]
  [0.613189, 0.005408, -0.374953, 0.45283, -0.473065]
  [0.613156, 0.005518, -0.375785, 0.452603, -0.474744]
  [0.613109, 0.005778, -0.373709, 0.452779, -0.4747]
  [0.613417, 0.00509, -0.367695, 0.452464, -0.474744]
  [0.613367, 0.005317, -0.37781, 0.452167, -0.472368]
  [0.613519, 0.005475, -0.369653, 0.452309, -0.473794]
  [0.613253, 0.00568, -0.37226, 0.452608, -0.474262]
  [0.613588, 0.005505, -0.376782, 0.452768, -0.474562]
  [0.613159, 0.005789, -0.375743, 0.452695, -0.474807]
  [0.613072, 0.005352, -0.368097, 0.452818, -0.475124]
  [0.613251, 0.005054, -0.379037, 0.452378, -0.474537]
  [0.613074, 0.005772, -0.375192, 0.452347, -0.4747]
  [0.613594, 0.005421, -0.371033, 0.452448, -0.474624]
  [0.613452, 0.005759, -0.368056, 0.452288, -0.472838]
  [0.613218, 0.005873, -0.37044, 0.452563, -0.474884]
  [0.613035, 0.00531, -0.375665, 0.452801, -0.474677]
  [0.612866, 0.005279, -0.37216, 0.452717, -0.474036]
  [0.613386, 0.005447, -0.370852, 0.452505, -0.472271]
  [0.613565, 0.00592, -0.374217, 0.452406, -0.47434]
  [0.613413, 0.005354, -0.369716, 0.45236, -0.474509]
  [0.613367, 0.005462, -0.377274, 0.452449, -0.472728]
  [0.613537, 0.005865, -0.367604, 0.452289, -0.473977]
  [0.613248, 0.005711, -0.36844, 0.452498, -0.472744]
  [0.613564, 0.005539, -0.37373, 0.452698, -0.474599]
  [0.613319, 0.005044, -0.377805, 0.452462, -0.475114]
  [0.613313, 0.005034, -0.377804, 0.452459, -0.475142]
  [0.613322, 0.005044, -0.377804, 0.452461, -0.475119]
  [0.613321, 0.005054, -0.377806, 0.452462, -0.475141]
  [0.613314, 0.00504, -0.377805, 0.452459, -0.475123]
  [0.613318, 0.00505, -0.377804, 0.452457, -0.475141]
  [0.613318, 0.00505, -0.377805, 0.452457, -0.47515]
  [0.613319, 0.00505, -0.377805, 0.45246, -0.475122]
  [0.613317, 0.005041, -0.377805, 0.452461, -0.475123]
  [0.613318, 0.005042, -0.377805, 0.452461, -0.475109]
  [0.613314, 0.005034, -0.377804, 0.452457, -0.475128]
  [0.613317, 0.005034, -0.377805, 0.452462, -0.475134]
  [0.613321, 0.005045, -0.377806, 0.452456, -0.475149]
  [0.613322, 0.005052, -0.377804, 0.452457, -0.475132]
  [0.613318, 0.005048, -0.377805, 0.452458, -0.475125]
  [0.613316, 0.005039, -0.377806, 0.452461, -0.475121]
  [0.613314, 0.005049, -0.377806, 0.452461, -0.475107]
  [0.613322, 0.005053, -0.377805, 0.452457, -0.47511]
  [0.613321, 0.005037, -0.377804, 0.452459, -0.475148]
  [0.61332, 0.005049, -0.377806, 0.452461, -0.475127]
  [0.613314, 0.005043, -0.377805, 0.452457, -0.475121]
  [0.613317, 0.005039, -0.377806, 0.452458, -0.475142]
  [0.613315, 0.005052, -0.377805, 0.452458, -0.475136]
  [0.613315, 0.00505, -0.377805, 0.452459, -0.475146]
  [0.613318, 0.005049, -0.377804, 0.45246, -0.475143]
  [0.613316, 0.005036, -0.377806, 0.452456, -0.475124]
  [0.613315, 0.005039, -0.377804, 0.45246, -0.475143]
  [0.613313, 0.005046, -0.377804, 0.452462, -0.475108]
  [0.613313, 0.005044, -0.377806, 0.452457, -0.475137]
  [0.613315, 0.005053, -0.377805, 0.452461, -0.475145]
  [0.61332, 0.005046, -0.377806, 0.452459, -0.475149]
  [0.613313, 0.005046, -0.377804, 0.452456, -0.475118]
  [0.613319, 0.005034, -0.377805, 0.452458, -0.475124]
  [0.613322, 0.005042, -0.377805, 0.452461, -0.475116]
  [0.613315, 0.005039, -0.377805, 0.452459, -0.475136]
  [0.61332, 0.005053, -0.377806, 0.452456, -0.475128]
  [0.613318, 0.005047, -0.377806, 0.452462, -0.475115]
  [0.613315, 0.005034, -0.377804, 0.45246, -0.475148]
  [0.613319, 0.005048, -0.377805, 0.452458, -0.475106]
  [0.61332, 0.005039, -0.377805, 0.452459, -0.475138]
  [0.613318, 0.005046, -0.377806, 0.452457, -0.47515]
  [0.613313, 0.005033, -0.377804, 0.452459, -0.475112]
  [0.613321, 0.005044, -0.377804, 0.452457, -0.475115]
  [0.613317, 0.005045, -0.377804, 0.45246, -0.475113]
  [0.613318, 0.005038, -0.377804, 0.452462, -0.475112]
  [0.613315, 0.005033, -0.377804, 0.452457, -0.475129]
  [0.613316, 0.005045, -0.377805, 0.452457, -0.47511]
  [0.613316, 0.005053, -0.377805, 0.452459, -0.475108]
  [0.613322, 0.005041, -0.377805, 0.45246, -0.475126]
  [0.613321, 0.005034, -0.377804, 0.452456, -0.475113]
  [0.613314, 0.005052, -0.377804, 0.452459, -0.475135]
  [0.613319, 0.005051, -0.377805, 0.452459, -0.475142]
  [0.613319, 0.005054, -0.377806, 0.45246, -0.475138]
  [0.613319, 0.005039, -0.377804, 0.452457, -0.475114]
  [0.613318, 0.005054, -0.377805, 0.452458, -0.475141]
  [0.613321, 0.005034, -0.377805, 0.452459, -0.47513]
  [0.613321, 0.005054, -0.377805, 0.45246, -0.47513]
  [0.613314, 0.005042, -0.377805, 0.452458, -0.475113]
  [0.613314, 0.005052, -0.377804, 0.452462, -0.475136]
  [0.613318, 0.005042, -0.377805, 0.45246, -0.475133]
  [0.613319, 0.005048, -0.377805, 0.452459, -0.475128]
  [0.613315, 0.005048, -0.377806, 0.452458, -0.475138]
  [0.613321, 0.005051, -0.377805, 0.452456, -0.47513]
  [0.613315, 0.00505, -0.377806, 0.45246, -0.475138]
  [0.613314, 0.005043, -0.377805, 0.452462, -0.47511]
  [0.613317, 0.00504, -0.377806, 0.452459, -0.475116]
  [0.613314, 0.00505, -0.377805, 0.45246, -0.475144]
  [0.61332, 0.005047, -0.377806, 0.452456, -0.475144]
  [0.613319, 0.00505, -0.377805, 0.452457, -0.475132]
  [0.613314, 0.005051, -0.377804, 0.452461, -0.475115]
  [0.613314, 0.005054, -0.377805, 0.45246, -0.475146]
  [0.61332, 0.005052, -0.377806, 0.452457, -0.475145]
  [0.613313, 0.005039, -0.377805, 0.452457, -0.475109]
  [0.613319, 0.005035, -0.377804, 0.452461, -0.475136]
  [0.613315, 0.005048, -0.377806, 0.452458, -0.475143]
  [0.613318, 0.005035, -0.377804, 0.45246, -0.475146]
  [0.613318, 0.00504, -0.377805, 0.452457, -0.475131]
  [0.613318, 0.005054, -0.377805, 0.45246, -0.475123]
  [0.613317, 0.005051, -0.377804, 0.452461, -0.475133]
  [0.613321, 0.005043, -0.377806, 0.452458, -0.475106]
  [0.613316, 0.00505, -0.377806, 0.452461, -0.475121]
  [0.613314, 0.005053, -0.377804, 0.452461, -0.475144]
  [0.613319, 0.005051, -0.377805, 0.452461, -0.475139]
  [0.613315, 0.005052, -0.377806, 0.452459, -0.475115]
  [0.613319, 0.005034, -0.377805, 0.452458, -0.475106]
  [0.613313, 0.005052, -0.377804, 0.452458, -0.475115]
  [0.613322, 0.005039, -0.377806, 0.452461, -0.475145]
  [0.61332, 0.005054, -0.377805, 0.45246, -0.475114]
  [0.613314, 0.005043, -0.377805, 0.452461, -0.475137]
  [0.613316, 0.005046, -0.377804, 0.452459, -0.475144]
  [0.613321, 0.005049, -0.377805, 0.452458, -0.475116]
  [0.613317, 0.005055, -0.377805, 0.452459, -0.475141]
  [0.613315, 0.005048, -0.377804, 0.452457, -0.475126]
  [0.613318, 0.00504, -0.377804, 0.452459, -0.475126]
  [0.613321, 0.005053, -0.377804, 0.452457, -0.475122]
  [0.613316, 0.005043, -0.377806, 0.452457, -0.475117]
  [0.613314, 0.00505, -0.377804, 0.452461, -0.475116]
  [0.613315, 0.005053, -0.377804, 0.45246, -0.475145]
  [0.613318, 0.005039, -0.377806, 0.452457, -0.475144]
  [0.613316, 0.00504, -0.377805, 0.452461, -0.475141]
  [0.613315, 0.005038, -0.377805, 0.452461, -0.475132]
  [0.613314, 0.005039, -0.377804, 0.452457, -0.475145]
  [0.613318, 0.005043, -0.377805, 0.45246, -0.475119]
  [0.613316, 0.005045, -0.377804, 0.452461, -0.475138]
  [0.613314, 0.005035, -0.377806, 0.452458, -0.475137]
  [0.613315, 0.005041, -0.377806, 0.452461, -0.475111]
  [0.613314, 0.005035, -0.377804, 0.452458, -0.475115]
  [0.613321, 0.005038, -0.377805, 0.452456, -0.475114]
  [0.61332, 0.005055, -0.377804, 0.452461, -0.475113]
  [0.61332, 0.005038, -0.377806, 0.452462, -0.475146]
  [0.613319, 0.005054, -0.377805, 0.452459, -0.475145]
  [0.613316, 0.005034, -0.377806, 0.452457, -0.47512]
  [0.613316, 0.005054, -0.377805, 0.452461, -0.475132]
  [0.61332, 0.005044, -0.377805, 0.452456, -0.475118]
  [0.613318, 0.00505, -0.377806, 0.452458, -0.475131]
  [0.613318, 0.005041, -0.377805, 0.452461, -0.475142]
  [0.61332, 0.00505, -0.377806, 0.452458, -0.475133]
  [0.613317, 0.00505, -0.377806, 0.452461, -0.475148]
  [0.61332, 0.005047, -0.377804, 0.452459, -0.475134]
  [0.613319, 0.005039, -0.377805, 0.452462, -0.475121]
  [0.613317, 0.00505, -0.377804, 0.452462, -0.475114]
  [0.613318, 0.005044, -0.377805, 0.452459, -0.475141]
  [0.613317, 0.005042, -0.377805, 0.452457, -0.475131]
  [0.613322, 0.005038, -0.377805, 0.452459, -0.475116]
  [0.613319, 0.005048, -0.377805, 0.452457, -0.475131]
  [0.613317, 0.00505, -0.377804, 0.45246, -0.475112]
  [0.613318, 0.005033, -0.377805, 0.452461, -0.47511]
  [0.613314, 0.005038, -0.377804, 0.452458, -0.475141]
  [0.613317, 0.00505, -0.377806, 0.452459, -0.475125]
  [0.613316, 0.005052, -0.377804, 0.452459, -0.475124]
  [0.613318, 0.005043, -0.377806, 0.452457, -0.475143]
  [0.613317, 0.005054, -0.377805, 0.452459, -0.475131]
  [0.613316, 0.005037, -0.377806, 0.452457, -0.475145]
  [0.613321, 0.005052, -0.377806, 0.452462, -0.475129]
  [0.613319, 0.00504, -0.377805, 0.452462, -0.475135]
  [0.613314, 0.005047, -0.377806, 0.452461, -0.475146]
  [0.613321, 0.005046, -0.377805, 0.452457, -0.475134]
  [0.61332, 0.005034, -0.377805, 0.452461, -0.475136]
  [0.613318, 0.005046, -0.377804, 0.452458, -0.47513]
  [0.613317, 0.005042, -0.377804, 0.452459, -0.475106]
  [0.61332, 0.005052, -0.377805, 0.452456, -0.475141]
  [0.61332, 0.005049, -0.377805, 0.452457, -0.475146]
  [0.613316, 0.005037, -0.377805, 0.452457, -0.47514]
  [0.61332, 0.005047, -0.377805, 0.452459, -0.475137]
  [0.613317, 0.005034, -0.377805, 0.452459, -0.475146]
  [0.613315, 0.005048, -0.377805, 0.45246, -0.475136]
  [0.613321, 0.005043, -0.377805, 0.45246, -0.475119]
  [0.61332, 0.005044, -0.377805, 0.452459, -0.475126]
  [0.613318, 0.005049, -0.377805, 0.452458, -0.47513]
  [0.613321, 0.005042, -0.377804, 0.452461, -0.475147]
  [0.613315, 0.005033, -0.377804, 0.45246, -0.475148]
