Status: non-adversarial inputs found
[0.621406, 0.156457, -0.282867, 0.496449, -0.467605]
[0.670696, -0.000109, -0.192346, 0.464502, -0.467946]
[0.659666, 0.131854, -0.350478, 0.47516, -0.475935]
[0.658736, 0.477214, 0.474625, 0.496267, -0.468768]
[0.660494, 0.27414, 0.454882, 0.498674, -0.468121]
[0.6332, 0.360413, -0.16942, 0.458092, -0.496218]
[0.652329, 0.323099, -0.275159, 0.47684, -0.493847]
[0.63088, -0.33355, 0.219596, 0.460319, -0.470891]
[0.639863, -0.041215, -0.075156, 0.499337, -0.486413]
[0.659607, 0.409226, -0.203907, 0.468773, -0.465669]
[0.632684, 0.342209, 0.409207, 0.487198, -0.484113]
[0.678428, -0.00323, 0.435186, 0.45796, -0.466848]
[0.662886, 0.322729, 0.274704, 0.475366, -0.486388]
[0.626146, -0.192301, 0.087177, 0.486736, -0.495363]
[0.637138, 0.286094, 0.10488, 0.494311, -0.457402]
[0.646488, 0.34373, 0.190328, 0.454621, -0.46049]
[0.649073, -0.069734, 0.200854, 0.476002, -0.47742]
[0.631318, -0.304829, 0.369824, 0.452579, -0.483233]
[0.61702, -0.408309, 0.245475, 0.49632, -0.480873]
[0.642483, -0.08554, 0.418555, 0.499166, -0.494559]
[0.67876, -0.396512, 0.309647, 0.481901, -0.454231]
[0.661731, 0.031339, 0.462272, 0.460235, -0.467297]
[0.634861, 0.340464, 0.08773, 0.496575, -0.483749]
[0.662117, -0.469599, -0.226635, 0.463531, -0.487057]
[0.664122, -0.446439, -0.200006, 0.461394, -0.485672]
[0.649826, 0.414197, 0.461495, 0.460753, -0.479941]
[0.610688, -0.368418, 0.369561, 0.460515, -0.473483]
[0.611836, 0.212898, 0.00352, 0.497371, -0.486144]
[0.620181, -0.34717, 0.04911, 0.451744, -0.474218]
[0.656525, -0.404808, 0.435475, 0.460592, -0.487571]
[0.646931, -0.374886, 0.174483, 0.464096, -0.452961]
[0.611153, -0.383886, 0.116291, 0.464552, -0.488584]
[0.668003, -0.444656, 0.373202, 0.465791, -0.457446]
[0.623881, -0.337272, 0.416007, 0.471737, -0.492086]
[0.63017, -0.284192, -0.160779, 0.473292, -0.483517]
[0.622404, 0.448556, 0.314136, 0.482276, -0.461194]
[0.611239, 0.012418, 0.040263, 0.458452, -0.466555]
[0.673748, -0.354044, 0.025311, 0.490841, -0.45089]
[0.62259, -0.461362, 0.016042, 0.455783, -0.487467]
[0.648997, -0.135472, 0.274802, 0.487776, -0.47446]
[0.672434, 0.420717, 0.203646, 0.496629, -0.484932]
[0.66647, -0.296758, 0.051647, 0.480012, -0.48502]
[0.603641, -0.220297, 0.391715, 0.464991, -0.469157]
[0.676704, -0.029502, 0.206145, 0.46511, -0.459485]
[0.630449, 0.341014, -0.26349, 0.487349, -0.469995]
[0.619331, 0.341283, 0.158623, 0.463973, -0.457328]
[0.647125, 0.062025, 0.177981, 0.470635, -0.455515]
[0.600096, 0.189855, -0.119773, 0.465356, -0.494699]
[0.639902, 0.337899, -0.13499, 0.459792, -0.498595]
[0.638592, 0.433284, -0.482593, 0.450838, -0.47504]
[0.675847, 0.321371, 0.040119, 0.458319, -0.477429]
[0.634087, -0.140104, -0.333887, 0.458646, -0.494704]
[0.621318, -0.439111, 0.120982, 0.492519, -0.462066]
[0.661517, -0.420009, -0.339202, 0.470294, -0.483559]
[0.631146, 0.181004, 0.127265, 0.495028, -0.458194]
[0.609786, 0.010714, 0.100004, 0.478682, -0.476586]
[0.611398, -0.032673, -0.086973, 0.496627, -0.49783]
[0.679274, 0.257518, 0.231176, 0.487744, -0.465809]
[0.606553, 0.082759, 0.325032, 0.470972, -0.459891]
[0.643691, 0.163091, -0.128811, 0.499, -0.469901]
[0.615694, -0.20793, 0.237005, 0.48205, -0.450279]
[0.617842, -0.367634, 0.363948, 0.499575, -0.482446]
[0.674757, -0.381106, -0.231716, 0.484012, -0.458544]
[0.670102, -0.348688, 0.418544, 0.480505, -0.471529]
[0.672056, -0.39988, 0.479553, 0.450059, -0.489696]
[0.678004, 0.017048, 0.355031, 0.487715, -0.481861]
[0.635888, 0.337144, 0.354908, 0.46248, -0.452291]
[0.665505, 0.243507, -0.203674, 0.459126, -0.462099]
[0.672605, -0.246162, -0.01254, 0.481649, -0.451971]
[0.658405, -0.000326, -0.285534, 0.483451, -0.49786]
[0.66293, 0.021639, -0.02573, 0.45718, -0.46874]
[0.666406, 0.428893, -0.155869, 0.451488, -0.49689]
[0.644072, -0.054495, -0.330936, 0.482002, -0.478421]
[0.660037, 0.432724, -0.315555, 0.460461, -0.450837]
[0.605011, 0.495367, -0.388393, 0.465309, -0.46618]
[0.677051, -0.128831, -0.11026, 0.498087, -0.458827]
[0.665429, -0.211028, 0.382207, 0.456748, -0.47669]
[0.611816, 0.233396, 0.39958, 0.450091, -0.464037]
[0.643305, 0.192811, -0.066049, 0.476945, -0.466257]
[0.623075, 0.031878, -0.27863, 0.456018, -0.474556]
[0.632843, 0.387496, -0.173133, 0.469819, -0.491776]
[0.653683, 0.004619, -0.039853, 0.472198, -0.484818]
[0.61309, 0.337865, 0.327249, 0.474365, -0.467367]
[0.649429, -0.361664, -0.140663, 0.462646, -0.451548]
[0.624548, 0.403637, 0.101704, 0.478639, -0.482196]
[0.653069, -0.003908, -0.205105, 0.463948, -0.481794]
[0.614559, 0.40866, 0.163933, 0.453851, -0.496384]
[0.619791, 0.171944, 0.097285, 0.464521, -0.458418]
[0.630405, -0.131764, 0.444565, 0.491411, -0.464572]
[0.62238, -0.034656, 0.378785, 0.469031, -0.488712]
[0.656777, -0.354322, -0.321242, 0.478903, -0.459867]
[0.601631, 0.098642, 0.10912, 0.462239, -0.456915]
[0.601012, -0.220066, 0.259526, 0.469953, -0.495635]
[0.65182, 0.312593, 0.38316, 0.497217, -0.485864]
[0.603653, 0.44521, -0.495046, 0.475602, -0.457564]
[0.67332, 0.135436, -0.358885, 0.486344, -0.459079]
[0.622533, -0.346602, -0.19754, 0.469771, -0.498891]
[0.640487, -0.340968, -0.087185, 0.470923, -0.455277]
[0.637473, 0.446473, -0.399318, 0.459997, -0.462346]
[0.663555, -0.025835, -0.319591, 0.472257, -0.459614]
[0.60871, -0.106298, -0.303443, 0.46817, -0.459258]
[0.66861, -0.086096, -0.146216, 0.470295, -0.470919]
[0.647844, 0.426245, 0.302172, 0.495546, -0.460592]
[0.628398, -0.111902, 0.022035, 0.45209, -0.466854]
[0.647343, 0.396061, -0.273329, 0.462379, -0.486863]
[0.653645, -0.240922, 0.295482, 0.483046, -0.480073]
[0.606628, -0.421384, 0.08, 0.491726, -0.484744]
[0.652533, 0.020334, -0.122247, 0.453397, -0.471155]
[0.60707, -0.228411, -0.074204, 0.499764, -0.483845]
[0.637474, 0.178153, 0.443716, 0.463517, -0.46032]
[0.669655, 0.363637, 0.453012, 0.464267, -0.478299]
[0.611258, 0.349176, 0.269786, 0.476342, -0.465175]
[0.645835, 0.087951, -0.117629, 0.454323, -0.488025]
[0.63394, -0.119289, -0.159983, 0.484473, -0.491164]
[0.605352, -0.240905, 0.176695, 0.490313, -0.462112]
[0.671093, -0.415854, 0.359012, 0.492692, -0.458109]
[0.63282, -0.350078, -0.30008, 0.457746, -0.499936]
[0.625807, -0.142918, -0.009959, 0.494214, -0.468051]
[0.664365, 0.144174, -0.444973, 0.47602, -0.494154]
[0.655587, 0.175758, 0.413462, 0.453398, -0.494769]
[0.678989, -0.152581, -0.373661, 0.475117, -0.452185]
[0.649667, -0.410233, -0.293258, 0.478338, -0.485845]
[0.644382, 0.433084, 0.076059, 0.452286, -0.490078]
[0.606343, 0.227121, -0.056784, 0.487661, -0.486907]
[0.645783, -0.02485, 0.32318, 0.462042, -0.491512]
[0.624587, -0.268378, -0.095554, 0.483466, -0.453342]
[0.610474, 0.429687, 0.323599, 0.460302, -0.470828]
[0.652487, 0.374289, -0.294554, 0.49825, -0.490695]
[0.672239, -0.188545, 0.231846, 0.498745, -0.490356]
[0.639766, 0.264143, -0.177288, 0.489673, -0.456908]
[0.602984, -0.158053, -0.237725, 0.460936, -0.451539]
[0.644944, -0.004405, -0.147337, 0.49573, -0.482757]
[0.650775, 0.328101, -0.278892, 0.474899, -0.497462]
[0.628903, 0.347285, 0.455491, 0.480778, -0.464953]
[0.61949, -0.497714, 0.109355, 0.464163, -0.480793]
[0.637611, 0.001571, 0.002605, 0.461389, -0.465633]
[0.603078, 0.300914, -0.204142, 0.470447, -0.462119]
[0.610755, -0.452869, -0.05337, 0.457954, -0.460831]
[0.648454, -0.159951, -0.390485, 0.462357, -0.459565]
[0.602847, -0.249952, -0.386903, 0.463124, -0.469489]
[0.644404, 0.172446, -0.330493, 0.4795, -0.499665]
[0.638494, -0.497869, -0.281923, 0.460639, -0.498422]
[0.616373, -0.200807, 0.373877, 0.495132, -0.457588]
[0.654413, 0.446418, 0.073395, 0.487826, -0.466829]
[0.655201, 0.140564, 0.184851, 0.49185, -0.486237]
[0.635587, -0.329834, -0.477516, 0.469711, -0.455356]
[0.610585, 0.256377, -0.368218, 0.465711, -0.463358]
[0.622149, 0.144491, 0.31604, 0.498557, -0.47736]
[0.677623, -0.350104, -0.055844, 0.452184, -0.45602]
[0.654783, -0.187079, -0.272623, 0.482979, -0.468804]
[0.678619, -0.00224, 0.443912, 0.457861, -0.466768]
[0.678493, -0.000806, 0.444993, 0.458041, -0.466911]
[0.678668, -0.002258, 0.432965, 0.457629, -0.466986]
[0.678618, -0.001764, 0.437511, 0.457666, -0.466959]
[0.678503, -0.001142, 0.438772, 0.457465, -0.466692]
[0.678617, -0.000991, 0.44175, 0.457953, -0.466777]
[0.678566, -0.00229, 0.443499, 0.458194, -0.466943]
[0.678585, -0.003016, 0.435839, 0.458026, -0.466649]
[0.678643, -0.000595, 0.440093, 0.457644, -0.466956]
[0.678644, -0.002211, 0.444528, 0.457545, -0.466714]
[0.678426, -0.002154, 0.445108, 0.457547, -0.466707]
[0.678585, -0.001344, 0.434118, 0.457648, -0.466728]
[0.678465, -0.002077, 0.445082, 0.457965, -0.466706]
[0.678714, -0.000542, 0.443019, 0.457465, -0.466642]
[0.678472, -0.001055, 0.437883, 0.458069, -0.466996]
[0.678631, -0.000918, 0.442666, 0.458195, -0.466899]
[0.678727, -0.002989, 0.445311, 0.45756, -0.466734]
[0.678657, -0.001245, 0.439694, 0.457659, -0.466982]
[0.678685, -0.002546, 0.434689, 0.458118, -0.46661]
[0.678644, -0.001173, 0.443067, 0.457924, -0.466662]
[0.67843, -0.00309, 0.445347, 0.457648, -0.466594]
[0.678542, -0.002036, 0.432953, 0.458092, -0.466669]
[0.678577, -0.000664, 0.443102, 0.457855, -0.466609]
[0.678683, -0.001683, 0.444869, 0.457658, -0.466737]
[0.678735, -0.002433, 0.436432, 0.457512, -0.466833]
[0.678448, -0.002891, 0.43643, 0.457745, -0.466694]
[0.678751, -0.002785, 0.440543, 0.457864, -0.466809]
[0.678693, -0.002262, 0.438829, 0.457465, -0.466888]
[0.678725, -0.002128, 0.442816, 0.457636, -0.466934]
[0.678733, -0.00291, 0.436679, 0.457964, -0.466944]
[0.678507, -0.002736, 0.437248, 0.457781, -0.46686]
[0.678547, -0.002162, 0.43587, 0.457825, -0.466633]
[0.678441, -0.001311, 0.437843, 0.457822, -0.466753]
[0.678668, -0.00226, 0.439321, 0.457625, -0.466895]
[0.678561, -0.001106, 0.441868, 0.458072, -0.466671]
[0.678737, -0.000705, 0.438496, 0.458199, -0.466755]
[0.678646, -0.000749, 0.437388, 0.457587, -0.466954]
[0.678702, -0.001673, 0.442211, 0.457505, -0.466997]
[0.678599, -0.002572, 0.436666, 0.458101, -0.466972]
[0.678674, -0.001101, 0.440526, 0.45813, -0.466838]
[0.678439, -0.001844, 0.438294, 0.457712, -0.466579]
[0.678592, -0.001869, 0.44064, 0.457877, -0.466644]
[0.67872, -0.000766, 0.438393, 0.457677, -0.466568]
[0.678457, -0.001285, 0.433108, 0.45794, -0.466992]
[0.678665, -0.000863, 0.434433, 0.457858, -0.466922]
[0.678413, -0.003007, 0.440509, 0.45785, -0.466773]
[0.678632, -0.001754, 0.437464, 0.457572, -0.466603]
[0.678637, -0.003011, 0.440132, 0.45814, -0.466506]
[0.678522, -0.00102, 0.438813, 0.458181, -0.466793]
[0.678572, -0.001684, 0.446011, 0.457857, -0.466993]
[0.67875, -0.000981, 0.438348, 0.457814, -0.466983]
[0.678683, -0.003, 0.443687, 0.458025, -0.466801]
[0.678546, -0.002449, 0.445994, 0.457987, -0.466728]
[0.678711, -0.002184, 0.434574, 0.45808, -0.466638]
[0.678426, -0.000539, 0.434585, 0.457703, -0.466906]
[0.678461, -0.002707, 0.43943, 0.457539, -0.466899]
[0.678709, -0.002034, 0.442135, 0.458142, -0.466859]
[0.67867, -0.001622, 0.434389, 0.457986, -0.466582]
[0.678615, -0.002861, 0.445901, 0.45819, -0.466649]
[0.67858, -0.001078, 0.443439, 0.457609, -0.466677]
[0.678597, -0.0006, 0.438533, 0.457698, -0.466588]
[0.678756, -0.002943, 0.435465, 0.457874, -0.466914]
[0.678649, -0.002708, 0.435666, 0.458022, -0.46684]
[0.678637, -0.002375, 0.443614, 0.457734, -0.466555]
[0.678523, -0.002935, 0.443813, 0.457679, -0.466987]
[0.678537, -0.002495, 0.441481, 0.458156, -0.466755]
[0.678684, -0.000523, 0.433449, 0.457873, -0.466954]
[0.678449, -0.00107, 0.434888, 0.457789, -0.466908]
[0.678528, -0.001973, 0.442347, 0.457777, -0.466955]
[0.678417, -0.001334, 0.443761, 0.457708, -0.466804]
[0.678537, -0.002852, 0.44112, 0.457586, -0.466537]
[0.678558, -0.002437, 0.436108, 0.458197, -0.466668]
[0.678748, -0.001365, 0.44153, 0.457834, -0.466543]
[0.678697, -0.00182, 0.444594, 0.457627, -0.466781]
[0.678485, -0.000965, 0.442043, 0.457467, -0.466844]
[0.678453, -0.002995, 0.438044, 0.457724, -0.46653]
[0.678676, -0.002101, 0.440825, 0.45746, -0.466975]
[0.678415, -0.001212, 0.436016, 0.457905, -0.466954]
[0.678693, -0.000559, 0.442648, 0.457875, -0.466741]
[0.678507, -0.002227, 0.441392, 0.457639, -0.466865]
[0.678702, -0.002501, 0.442639, 0.458173, -0.466899]
[0.67865, -0.000685, 0.439497, 0.457889, -0.466964]
[0.678579, -0.002416, 0.442393, 0.457935, -0.466768]
[0.678516, -0.002042, 0.438131, 0.457933, -0.466714]
[0.678746, -0.001142, 0.442308, 0.457926, -0.466863]
[0.678478, -0.002309, 0.435799, 0.458076, -0.46668]
[0.678555, -0.000699, 0.440941, 0.45817, -0.466996]
[0.678593, -0.002144, 0.442734, 0.457487, -0.466963]
[0.678673, -0.002493, 0.437801, 0.458046, -0.466875]
[0.678694, -0.000832, 0.44379, 0.457753, -0.466687]
[0.678664, -0.002071, 0.443308, 0.458008, -0.466732]
[0.678458, -0.001683, 0.437737, 0.457897, -0.466686]
[0.67852, -0.00174, 0.438439, 0.457634, -0.466855]
[0.678683, -0.001504, 0.438811, 0.457639, -0.466975]
[0.6786, -0.003075, 0.442376, 0.457756, -0.466603]
[0.678584, -0.001154, 0.43621, 0.458103, -0.466732]
[0.678445, -0.002927, 0.436537, 0.457525, -0.46655]
[0.67849, -0.001316, 0.439086, 0.457514, -0.466827]
[0.678627, -0.002637, 0.440548, 0.458192, -0.466816]
[0.678427, -0.001268, 0.445351, 0.457876, -0.466678]
[0.67863, -0.002408, 0.442783, 0.458104, -0.466841]
[0.678418, -0.002686, 0.438405, 0.458089, -0.466664]
[0.67868, -0.001894, 0.433546, 0.458158, -0.466684]
[0.678701, -0.002945, 0.436954, 0.457539, -0.466683]
[0.678738, -0.001694, 0.443772, 0.458043, -0.466945]
[0.678412, -0.001906, 0.438507, 0.457682, -0.466701]
[0.67862, -0.001138, 0.441121, 0.457877, -0.466837]
[0.678506, -0.001376, 0.438642, 0.458008, -0.466789]
[0.678501, -0.002356, 0.438829, 0.457607, -0.466655]
[0.678692, -0.003152, 0.440321, 0.458052, -0.466655]
[0.67856, -0.002586, 0.444761, 0.458005, -0.46664]
[0.678594, -0.001948, 0.43333, 0.457558, -0.466972]
[0.678424, -0.002911, 0.434093, 0.457573, -0.466537]
[0.678409, -0.002154, 0.44134, 0.457624, -0.466749]
[0.678537, -0.003233, 0.439183, 0.457808, -0.466864]
[0.678736, -0.003109, 0.441011, 0.457474, -0.466834]
[0.678538, -0.002689, 0.434044, 0.457572, -0.466726]
[0.678556, -0.001454, 0.435758, 0.458053, -0.466722]
[0.678649, -0.000988, 0.443551, 0.458134, -0.466996]
[0.678557, -0.002468, 0.441282, 0.457646, -0.466684]
[0.678561, -0.001772, 0.441987, 0.457616, -0.466882]
[0.678506, -0.001112, 0.435593, 0.457539, -0.466896]
[0.678696, -0.002994, 0.436543, 0.45813, -0.466848]
[0.678544, -0.000693, 0.443462, 0.45766, -0.466978]
[0.678432, -0.002879, 0.443198, 0.457662, -0.466715]
[0.678662, -0.001073, 0.43295, 0.457904, -0.466515]
[0.678654, -0.00114, 0.436702, 0.457887, -0.466836]
[0.678684, -0.003119, 0.436377, 0.457732, -0.46653]
[0.67866, -0.000951, 0.4365, 0.457992, -0.466878]
[0.678645, -0.002285, 0.444583, 0.457511, -0.466958]
[0.678422, -0.001886, 0.44536, 0.457573, -0.466698]
[0.678571, -0.001372, 0.436082, 0.457772, -0.46666]
[0.678737, -0.001726, 0.434851, 0.457563, -0.466848]
[0.678645, -0.002741, 0.441566, 0.457897, -0.466521]
[0.678596, -0.001989, 0.444528, 0.457496, -0.466677]
[0.67855, -0.000857, 0.435239, 0.457704, -0.466859]
[0.678665, -0.000726, 0.441231, 0.457623, -0.466755]
[0.678634, -0.002231, 0.444338, 0.458156, -0.466907]
[0.678714, -0.001735, 0.440927, 0.458088, -0.466912]
[0.678546, -0.002292, 0.43312, 0.457875, -0.466931]
[0.678537, -0.000631, 0.435837, 0.457881, -0.466982]
[0.678549, -0.00077, 0.442869, 0.458129, -0.46667]
[0.6784, -0.002435, 0.444952, 0.457515, -0.46672]
[0.678738, -0.002156, 0.437082, 0.45799, -0.466852]
[0.678491, -0.001251, 0.433932, 0.457522, -0.466759]
[0.678619, -0.001187, 0.445913, 0.458061, -0.466544]
[0.678554, -0.003171, 0.44108, 0.45773, -0.46655]
[0.678577, -0.002654, 0.444596, 0.457751, -0.466505]
[0.678633, -0.002804, 0.439092, 0.458067, -0.466557]
[0.678591, -0.000779, 0.435969, 0.457691, -0.466663]
[0.67862, -0.001176, 0.446111, 0.458061, -0.466545]
[0.678619, -0.001274, 0.446156, 0.458058, -0.466544]
[0.678619, -0.001259, 0.445899, 0.45806, -0.466543]
[0.678619, -0.001249, 0.446083, 0.45806, -0.466542]
[0.67862, -0.001274, 0.44587, 0.458059, -0.466544]
[0.678619, -0.001204, 0.446061, 0.458058, -0.466545]
[0.678618, -0.001273, 0.446129, 0.458062, -0.466542]
[0.67862, -0.001282, 0.44586, 0.458062, -0.466543]
[0.678619, -0.001297, 0.446027, 0.458059, -0.466544]
[0.678619, -0.001182, 0.445854, 0.45806, -0.466544]
[0.678618, -0.001269, 0.446178, 0.458059, -0.466544]
[0.678618, -0.001233, 0.446063, 0.458058, -0.466543]
[0.678618, -0.001185, 0.446202, 0.458061, -0.466544]
[0.678618, -0.00123, 0.446176, 0.458058, -0.466542]
[0.678619, -0.001176, 0.44601, 0.458062, -0.466542]
[0.678618, -0.001188, 0.445876, 0.458059, -0.466545]
[0.678618, -0.001282, 0.445976, 0.458059, -0.466543]
[0.67862, -0.001208, 0.446192, 0.458061, -0.466545]
[0.67862, -0.001199, 0.446092, 0.458062, -0.466544]
[0.67862, -0.001272, 0.44604, 0.458059, -0.466544]
[0.678618, -0.001295, 0.445976, 0.458059, -0.466542]
[0.678619, -0.001225, 0.445846, 0.45806, -0.466544]
[0.67862, -0.001301, 0.446109, 0.458061, -0.466545]
[0.678619, -0.001286, 0.446007, 0.458058, -0.466543]
[0.678618, -0.001278, 0.446163, 0.458062, -0.466544]
[0.678618, -0.00122, 0.446057, 0.458059, -0.466543]
[0.678619, -0.001226, 0.445979, 0.458057, -0.466543]
[0.678619, -0.001209, 0.446201, 0.458062, -0.466544]
[0.678619, -0.001302, 0.446127, 0.458058, -0.466545]
[0.678619, -0.001178, 0.446159, 0.458057, -0.466544]
[0.678619, -0.001194, 0.446059, 0.458058, -0.466545]
[0.678619, -0.001202, 0.445992, 0.458062, -0.466542]
[0.678619, -0.001226, 0.445931, 0.45806, -0.466544]
[0.67862, -0.001177, 0.4462, 0.45806, -0.466544]
[0.678619, -0.001184, 0.445998, 0.458059, -0.466544]
[0.678619, -0.001288, 0.446175, 0.458058, -0.466543]
[0.67862, -0.001287, 0.445989, 0.458059, -0.466543]
[0.67862, -0.001261, 0.446213, 0.458058, -0.466545]
[0.678618, -0.001186, 0.445966, 0.458057, -0.466542]
[0.678619, -0.001239, 0.446212, 0.45806, -0.466542]
[0.67862, -0.001293, 0.445981, 0.458059, -0.466542]
[0.678619, -0.001268, 0.446216, 0.458062, -0.466545]
[0.678619, -0.00125, 0.446046, 0.458062, -0.466545]
[0.678619, -0.001191, 0.446151, 0.458059, -0.466545]
[0.678619, -0.001297, 0.446102, 0.458061, -0.466544]
[0.678619, -0.001245, 0.446198, 0.458061, -0.466544]
[0.67862, -0.001202, 0.446198, 0.45806, -0.466545]
[0.678618, -0.001199, 0.446113, 0.458059, -0.466544]
[0.678619, -0.001256, 0.445982, 0.458059, -0.466543]
[0.67862, -0.001216, 0.445915, 0.458059, -0.466544]
[0.67862, -0.001276, 0.446107, 0.458059, -0.466545]
[0.678619, -0.001206, 0.445845, 0.458061, -0.466543]
[0.678619, -0.001301, 0.445969, 0.45806, -0.466543]
[0.678618, -0.001286, 0.446067, 0.458058, -0.466542]
[0.67862, -0.001225, 0.446216, 0.458058, -0.466543]
[0.678618, -0.001283, 0.445878, 0.458061, -0.466544]
[0.678619, -0.0012, 0.446144, 0.45806, -0.466543]
[0.678619, -0.001184, 0.446216, 0.458057, -0.466544]
[0.678619, -0.001223, 0.446033, 0.458059, -0.466542]
[0.678619, -0.001246, 0.44585, 0.458058, -0.466545]
[0.678619, -0.001245, 0.446122, 0.458058, -0.466544]
[0.678618, -0.001239, 0.446087, 0.45806, -0.466543]
[0.678619, -0.001293, 0.446151, 0.458061, -0.466542]
[0.678619, -0.001189, 0.44608, 0.458059, -0.466542]
[0.678618, -0.001201, 0.445949, 0.458061, -0.466543]
[0.678619, -0.001257, 0.445879, 0.458062, -0.466545]
[0.67862, -0.001278, 0.446166, 0.458062, -0.466544]
[0.67862, -0.001295, 0.446042, 0.458061, -0.466545]
[0.678618, -0.001212, 0.446031, 0.45806, -0.466545]
[0.678618, -0.001305, 0.446054, 0.458062, -0.466543]
[0.678618, -0.00118, 0.44602, 0.458061, -0.466544]
[0.678618, -0.001214, 0.446203, 0.458058, -0.466545]
[0.678619, -0.001214, 0.445904, 0.458062, -0.466545]
[0.678619, -0.001268, 0.446195, 0.458058, -0.466545]
[0.678618, -0.001233, 0.445952, 0.458058, -0.466543]
[0.678618, -0.001191, 0.445858, 0.458061, -0.466545]
[0.678618, -0.00124, 0.446204, 0.458061, -0.466545]
[0.678619, -0.001189, 0.445994, 0.458059, -0.466544]
[0.67862, -0.001202, 0.446207, 0.458059, -0.466545]
[0.678619, -0.001205, 0.446071, 0.458061, -0.466544]
[0.67862, -0.001263, 0.44599, 0.458062, -0.466543]
[0.678619, -0.001233, 0.446199, 0.458058, -0.466542]
[0.67862, -0.001237, 0.44609, 0.45806, -0.466544]
[0.678619, -0.00125, 0.446146, 0.458061, -0.466542]
[0.678619, -0.001222, 0.446118, 0.458058, -0.466545]
[0.678619, -0.001285, 0.44591, 0.45806, -0.466545]
[0.678619, -0.001212, 0.446062, 0.458062, -0.466545]
[0.678618, -0.001244, 0.446106, 0.458059, -0.466544]
[0.67862, -0.001197, 0.445936, 0.458061, -0.466543]
[0.678618, -0.001234, 0.445968, 0.458061, -0.466545]
[0.678619, -0.001299, 0.446138, 0.458058, -0.466543]
[0.678619, -0.00122, 0.445947, 0.458058, -0.466545]
[0.678619, -0.001182, 0.4459, 0.458061, -0.466545]
[0.678619, -0.001216, 0.446032, 0.458059, -0.466544]
[0.678618, -0.001294, 0.446004, 0.458057, -0.466542]
[0.678618, -0.001249, 0.446146, 0.45806, -0.466544]
[0.67862, -0.00125, 0.446053, 0.458059, -0.466543]
[0.678619, -0.00118, 0.446178, 0.458058, -0.466543]
[0.678618, -0.001182, 0.446021, 0.458059, -0.466545]
[0.678619, -0.001242, 0.445985, 0.458058, -0.466544]
[0.678619, -0.001248, 0.44612, 0.458057, -0.466543]
[0.678618, -0.001202, 0.445918, 0.458058, -0.466543]
[0.67862, -0.001276, 0.446142, 0.45806, -0.466544]
[0.678618, -0.00127, 0.446076, 0.458059, -0.466544]
[0.67862, -0.0012, 0.446126, 0.45806, -0.466543]
[0.678619, -0.001305, 0.44613, 0.458058, -0.466544]
[0.678619, -0.00123, 0.446051, 0.458062, -0.466542]
[0.678619, -0.001185, 0.445848, 0.458061, -0.466543]
[0.678619, -0.001282, 0.446099, 0.458062, -0.466542]
[0.678619, -0.001196, 0.445844, 0.458061, -0.466544]
[0.67862, -0.001207, 0.446123, 0.458062, -0.466544]
[0.678619, -0.001296, 0.446146, 0.458059, -0.466543]
[0.678618, -0.001178, 0.446177, 0.458059, -0.466545]
[0.678619, -0.00126, 0.446133, 0.45806, -0.466544]
[0.678618, -0.00123, 0.446142, 0.458059, -0.466544]
[0.678618, -0.001233, 0.446187, 0.458057, -0.466542]
[0.67862, -0.001208, 0.4462, 0.458057, -0.466545]
[0.678619, -0.001182, 0.445847, 0.458059, -0.466545]
[0.678619, -0.001224, 0.446068, 0.458057, -0.466542]
[0.678618, -0.001219, 0.445883, 0.45806, -0.466542]
[0.678618, -0.001238, 0.446164, 0.458061, -0.466544]
[0.678618, -0.001217, 0.446145, 0.458059, -0.466542]
[0.678619, -0.001299, 0.4462, 0.45806, -0.466544]
[0.678618, -0.001181, 0.446016, 0.458058, -0.466543]
[0.678619, -0.001276, 0.445983, 0.458061, -0.466543]
[0.67862, -0.001246, 0.44611, 0.45806, -0.466544]
[0.67862, -0.001186, 0.44595, 0.45806, -0.466542]
[0.67862, -0.00119, 0.446215, 0.458061, -0.466543]
[0.67862, -0.001305, 0.44596, 0.458061, -0.466544]
[0.678618, -0.001189, 0.445985, 0.458061, -0.466545]
[0.678619, -0.001225, 0.446108, 0.458062, -0.466543]
[0.678619, -0.001304, 0.446054, 0.458058, -0.466545]
[0.678618, -0.001263, 0.446096, 0.458062, -0.466545]
[0.678618, -0.001198, 0.446096, 0.458061, -0.466544]
[0.678619, -0.001277, 0.446212, 0.458061, -0.466544]
[0.67862, -0.001196, 0.446197, 0.458061, -0.466542]
[0.67862, -0.001184, 0.445924, 0.458058, -0.466544]
[0.678618, -0.001267, 0.446171, 0.458061, -0.466542]
[0.678618, -0.001269, 0.446051, 0.45806, -0.466543]
[0.678618, -0.00126, 0.445874, 0.458061, -0.466545]
[0.67862, -0.001209, 0.445932, 0.458059, -0.466545]
[0.678619, -0.00124, 0.44585, 0.458062, -0.466543]
[0.67862, -0.001283, 0.445858, 0.458058, -0.466545]
[0.678618, -0.001222, 0.446111, 0.45806, -0.466543]
[0.678618, -0.001249, 0.445862, 0.458062, -0.466544]
[0.67862, -0.001258, 0.446172, 0.458058, -0.466543]
[0.678619, -0.001245, 0.446178, 0.45806, -0.466543]
[0.67862, -0.001209, 0.445846, 0.45806, -0.466543]
[0.678619, -0.001217, 0.446038, 0.458061, -0.466542]
[0.678619, -0.001284, 0.446029, 0.45806, -0.466543]
[0.678619, -0.001267, 0.446217, 0.458062, -0.466545]
[0.678619, -0.001267, 0.446219, 0.458062, -0.466545]
[0.678619, -0.001268, 0.446217, 0.458062, -0.466545]
[0.678619, -0.001267, 0.446218, 0.458062, -0.466545]
[0.678619, -0.001268, 0.446218, 0.458062, -0.466545]
[0.678619, -0.001267, 0.446216, 0.458062, -0.466545]
[0.678619, -0.001268, 0.446219, 0.458062, -0.466545]
[0.63422, 0.249649, 0.401553, 0.494716, -0.488229]
[0.608145, -0.040105, -0.174537, 0.456483, -0.476268]
[0.665479, -0.029619, 0.019855, 0.456966, -0.477088]
[0.624521, -0.488395, -0.450307, 0.474956, -0.485821]
[0.652147, 0.02985, 0.21519, 0.458516, -0.4606]
[0.602307, -0.282121, -0.228844, 0.475068, -0.464854]
[0.638704, 0.202486, 0.137628, 0.497185, -0.459591]
[0.645356, -0.261781, 0.302938, 0.477925, -0.452759]
[0.649531, 0.082542, 0.204706, 0.48397, -0.490888]
[0.665399, -0.197637, 0.279761, 0.49373, -0.458612]
[0.678031, 0.414092, 0.151026, 0.474788, -0.473812]
[0.631246, 0.474343, 0.253625, 0.457214, -0.474544]
[0.672435, 0.413296, 0.280851, 0.464465, -0.490282]
[0.645451, 0.226547, 0.488857, 0.47444, -0.47753]
[0.673972, 0.464461, -0.41579, 0.464814, -0.462847]
[0.610643, 0.460424, -0.056239, 0.456086, -0.473318]
[0.660275, -0.360891, 0.407021, 0.45318, -0.485796]
[0.609682, 0.382028, 0.161526, 0.461174, -0.497341]
[0.629419, 0.421373, 0.454339, 0.453322, -0.46273]
[0.61756, 0.295635, 0.168434, 0.456339, -0.487613]
[0.669556, -0.348866, -0.001193, 0.473396, -0.455491]
[0.647198, -0.403694, -0.324545, 0.486829, -0.483067]
[0.654575, 0.157902, -0.327565, 0.456047, -0.496727]
[0.620163, -0.422565, 0.026727, 0.484907, -0.481992]
[0.671457, -0.040176, 0.211412, 0.485902, -0.496376]
[0.601543, -0.406048, -0.478291, 0.476014, -0.461412]
[0.616983, -0.105284, 0.332775, 0.490527, -0.486065]
[0.63235, 0.047335, 0.217594, 0.476949, -0.494509]
[0.61222, -0.11488, 0.439192, 0.486127, -0.494166]
[0.673833, -0.273501, 0.110508, 0.490139, -0.492868]
[0.678504, -0.316553, 0.258165, 0.45644, -0.482997]
[0.630801, 0.35572, -0.238898, 0.46419, -0.450909]
[0.610896, -0.07711, -0.291914, 0.470959, -0.4524]
[0.602539, -0.068533, -0.016303, 0.486628, -0.493576]
[0.635442, -0.079536, 0.432266, 0.48133, -0.470134]
[0.601477, -0.074346, 0.483342, 0.480595, -0.464375]
[0.657825, 0.291357, 0.062565, 0.462844, -0.46875]
[0.616055, -0.143306, 0.20609, 0.484419, -0.466552]
[0.653526, 0.396601, -0.44035, 0.481915, -0.461474]
[0.601984, 0.498719, -0.229036, 0.498051, -0.460447]
[0.615936, -0.338288, -0.450684, 0.495923, -0.461836]
[0.631888, 0.215564, -0.361819, 0.464034, -0.493193]
[0.630074, 0.376155, -0.026485, 0.476843, -0.489626]
[0.606313, -0.23454, -0.195312, 0.493247, -0.481373]
[0.663678, 0.316801, -0.403597, 0.484292, -0.493403]
[0.609196, 0.018613, 0.192256, 0.472143, -0.489796]
[0.676381, -0.177065, -0.260513, 0.452032, -0.463398]
[0.621083, 0.339111, 0.488569, 0.492723, -0.466608]
[0.668972, 0.004278, -0.110336, 0.470704, -0.479962]
[0.657817, 0.295753, 0.085442, 0.493818, -0.455598]
[0.641721, 0.485953, 0.064711, 0.451924, -0.488135]
[0.631868, 0.424968, 0.344713, 0.464962, -0.49325]
[0.632275, -0.026793, 0.069614, 0.481429, -0.488976]
[0.6486, -0.201161, 0.392954, 0.463757, -0.490756]
[0.645763, -0.395611, 0.427339, 0.466029, -0.487861]
[0.623651, 0.271458, -0.370518, 0.493945, -0.495364]
[0.677501, 0.191671, 0.049642, 0.451711, -0.452376]
[0.629206, -0.2884, 0.31419, 0.497866, -0.491481]
[0.643924, -0.16927, 0.24801, 0.463029, -0.479409]
[0.639844, 0.383423, 0.072792, 0.460928, -0.489505]
[0.679109, -0.09481, -0.412275, 0.470685, -0.485377]
[0.670493, 0.288909, -0.389593, 0.474237, -0.452838]
[0.671548, 0.185673, 0.209747, 0.462338, -0.477371]
[0.607536, -0.115454, -0.197736, 0.494039, -0.496433]
[0.623053, -0.020957, -0.431533, 0.470816, -0.484932]
[0.676841, 0.081193, -0.465793, 0.457762, -0.497727]
[0.612359, -0.020409, -0.288812, 0.455191, -0.478327]
[0.670591, 0.018147, 0.038389, 0.471203, -0.459403]
[0.64902, -0.229305, -0.32825, 0.471046, -0.478412]
[0.633283, 0.24578, -0.028734, 0.487722, -0.472574]
[0.611246, -0.482586, -0.271323, 0.461326, -0.455715]
[0.646951, 0.468096, 0.220016, 0.490214, -0.465767]
[0.633735, 0.168868, -0.259743, 0.467934, -0.493629]
[0.644135, 0.472088, 0.494281, 0.471339, -0.45485]
[0.630932, 0.08542, 0.08075, 0.493229, -0.45808]
[0.645535, -0.272616, -0.205783, 0.498181, -0.459335]
[0.679567, 0.44859, 0.413488, 0.457324, -0.473514]
[0.600089, 0.220979, 0.227438, 0.463582, -0.467892]
[0.676574, 0.499389, 0.482911, 0.471245, -0.467143]
[0.67044, -0.082288, 0.415417, 0.453711, -0.481803]
[0.643115, 0.491153, -0.019615, 0.497834, -0.451454]
[0.667826, 0.210717, -0.118388, 0.450415, -0.450305]
[0.644535, -0.190342, 0.011744, 0.493871, -0.477449]
[0.623266, -0.40278, -0.346793, 0.480343, -0.46092]
[0.67483, -0.226442, 0.32838, 0.473305, -0.456221]
[0.61309, -0.08245, 0.118436, 0.466259, -0.480903]
[0.614952, 0.176138, -0.364022, 0.474062, -0.452043]
[0.670102, 0.399227, -0.493603, 0.494955, -0.46447]
[0.617533, 0.132073, 0.290266, 0.478078, -0.481053]
[0.606686, -0.379008, 0.336829, 0.482349, -0.498905]
[0.631291, -0.053631, 0.493812, 0.46866, -0.475193]
[0.601959, 0.14895, 0.469697, 0.45364, -0.490176]
[0.613324, -0.421198, -0.088478, 0.468436, -0.490831]
[0.65828, -0.181779, 0.329627, 0.478697, -0.482381]
[0.65067, -0.20715, -0.070763, 0.466518, -0.48522]
[0.621609, -0.149071, -0.269449, 0.479991, -0.458887]
[0.617058, 0.342753, 0.390527, 0.464817, -0.486236]
[0.622882, 0.415213, 0.304736, 0.476663, -0.477313]
[0.667499, -0.435777, 0.44143, 0.470631, -0.457629]
[0.603666, 0.431917, 0.135353, 0.496235, -0.475526]
[0.668246, -0.420548, -0.316612, 0.457238, -0.480488]
[0.609088, 0.000324, 0.118327, 0.497024, -0.463452]
[0.644074, -0.299942, 0.260148, 0.464003, -0.476503]
[0.646555, 0.48915, 0.189302, 0.475606, -0.480068]
[0.63884, -0.097993, -0.356997, 0.469316, -0.478832]
[0.648918, 0.189202, -0.49312, 0.456128, -0.476709]
[0.658167, -0.151277, -0.07088, 0.499483, -0.487418]
[0.639812, 0.024681, -0.246109, 0.468577, -0.499261]
[0.608822, -0.236294, -0.444525, 0.484758, -0.460198]
[0.658388, -0.327365, -0.103462, 0.464181, -0.493215]
[0.649225, 0.284159, 0.138565, 0.481128, -0.497354]
[0.614924, -0.037985, -0.484906, 0.499556, -0.45211]
[0.652335, -0.356779, -0.251511, 0.483119, -0.453113]
[0.679756, 0.129617, -0.364407, 0.468996, -0.461781]
[0.612924, 0.138392, 0.13564, 0.453252, -0.497336]
[0.635018, 0.000643, 0.301615, 0.49948, -0.465801]
[0.66265, -0.093929, 0.132652, 0.494974, -0.459437]
[0.616369, 0.301851, -0.018568, 0.477679, -0.456145]
[0.612741, -0.243886, -0.0347, 0.498147, -0.467282]
[0.63903, -0.418059, -0.03776, 0.460503, -0.495098]
[0.602096, -0.139404, 0.412658, 0.491184, -0.451523]
[0.623138, -0.118182, 0.283129, 0.499596, -0.469945]
[0.651198, 0.410736, -0.148559, 0.483186, -0.455344]
[0.622411, 0.455574, 0.344766, 0.481713, -0.468158]
[0.63395, -0.212299, -0.301511, 0.454964, -0.485247]
[0.64318, 0.006912, -0.155087, 0.491953, -0.463369]
[0.644608, 0.31991, 0.075714, 0.481112, -0.472328]
[0.645219, 0.244719, -0.308631, 0.452748, -0.485919]
[0.656949, -0.207119, 0.112087, 0.484715, -0.464571]
[0.627944, -0.123963, 0.455786, 0.492776, -0.479378]
[0.620445, -0.269043, 0.179503, 0.451212, -0.479529]
[0.623991, 0.028487, 0.008997, 0.482799, -0.495792]
[0.649187, -0.065707, -0.496446, 0.475878, -0.482522]
[0.664872, 0.417827, -0.275497, 0.487547, -0.472909]
[0.630846, 0.346906, -0.258427, 0.467087, -0.480322]
[0.620824, -0.405991, -0.451754, 0.467735, -0.47503]
[0.636135, 0.256147, 0.330387, 0.474406, -0.454656]
[0.651427, 0.46821, 0.000332, 0.450362, -0.455841]
[0.602219, -0.484193, -0.423882, 0.461882, -0.498012]
[0.652275, 0.028447, 0.485163, 0.497737, -0.463113]
[0.632944, -0.284336, -0.07828, 0.468665, -0.471677]
[0.676942, 0.464049, -0.185488, 0.466664, -0.479573]
[0.631539, -0.385657, 0.119639, 0.479399, -0.489697]
[0.678328, 0.399844, 0.239612, 0.492856, -0.482557]
[0.666536, -0.169589, 0.045296, 0.47244, -0.476825]
[0.62195, 0.379407, 0.411263, 0.460378, -0.495684]
[0.60801, 0.340986, 0.115796, 0.450752, -0.465837]
[0.636049, 0.444546, -0.387185, 0.489039, -0.497617]
[0.614654, 0.033079, 0.457353, 0.485412, -0.479985]
