Status: non-adversarial inputs found
[0.651685, 0.35067, 0.111579, 0.485885, -0.498707]
[0.641402, -0.348987, 0.449559, 0.454538, -0.497576]
[0.603152, -0.153891, -0.178438, 0.450201, -0.471143]
[0.600962, -0.073079, -0.406562, 0.458183, -0.499256]
[0.64502, 0.250895, -0.364473, 0.466462, -0.488421]
[0.677884, -0.310221, 0.461972, 0.483474, -0.496397]
[0.65744, 0.144855, -0.443355, 0.478395, -0.457537]
[0.622564, -0.330393, -0.218375, 0.496179, -0.468825]
[0.652029, -0.36309, 0.117893, 0.489348, -0.492875]
[0.656913, -0.384611, 0.491446, 0.471501, -0.489804]
[0.633578, 0.442813, 0.360099, 0.454179, -0.494531]
[0.611963, -0.494259, -0.335509, 0.498668, -0.490189]
[0.651594, -0.025177, -0.15973, 0.499914, -0.498913]
[0.619982, -0.473189, -0.272707, 0.494951, -0.451619]
[0.653842, 0.271766, 0.036965, 0.472243, -0.459643]
[0.64963, 0.13451, -0.480704, 0.483384, -0.45185]
[0.678908, -0.268238, 0.036167, 0.458403, -0.493186]
[0.638715, -0.172399, -0.205496, 0.464773, -0.493813]
[0.651952, 0.377883, 0.229582, 0.467599, -0.477956]
[0.600209, 0.026537, -0.015023, 0.466312, -0.495676]
[0.613498, 0.053884, 0.323745, 0.487947, -0.499574]
[0.632011, -0.060535, -0.278787, 0.471231, -0.454227]
[0.615836, 0.467038, -0.087323, 0.489479, -0.462788]
[0.621917, -0.249309, -0.451595, 0.461915, -0.475352]
[0.639621, -0.323117, 0.289848, 0.476598, -0.472299]
[0.605538, 0.087858, 0.066198, 0.465605, -0.489159]
[0.67458, 0.321305, -0.277929, 0.454435, -0.462365]
[0.601011, -0.363411, 0.391609, 0.498512, -0.450268]
[0.606979, -0.23047, -0.352417, 0.476247, -0.466426]
[0.601729, -0.072425, -0.348121, 0.453515, -0.462489]
[0.671273, -0.017252, 0.076006, 0.475029, -0.478559]
[0.606153, 0.437597, -0.465012, 0.479814, -0.450315]
[0.614736, -0.278079, 0.409267, 0.469692, -0.461705]
[0.612478, -0.147992, -0.207107, 0.49785, -0.481238]
[0.675233, -0.394313, -0.336443, 0.453407, -0.483355]
[0.660827, -0.095434, 0.366757, 0.462968, -0.496507]
[0.679717, 0.375914, -0.357051, 0.490295, -0.485618]
[0.618325, 0.161178, -0.378877, 0.458561, -0.488103]
[0.6353, -0.211975, -0.458333, 0.494074, -0.464698]
[0.674167, -0.45437, -0.101168, 0.476421, -0.490157]
[0.608366, 0.347762, -0.487106, 0.470017, -0.453219]
[0.623709, -0.497352, 0.013646, 0.472982, -0.470762]
[0.637703, -0.088127, 0.438366, 0.454267, -0.460034]
[0.673815, 0.47332, 0.138679, 0.498236, -0.459121]
[0.675768, -0.213583, 0.134924, 0.457593, -0.498902]
[0.651945, 0.06355, -0.096958, 0.458598, -0.46486]
[0.666981, -0.261907, 0.194813, 0.472294, -0.477276]
[0.623579, 0.06673, 0.111538, 0.473271, -0.485078]
[0.669672, -0.306227, -0.168627, 0.453683, -0.48237]
[0.607138, -0.166827, 0.035219, 0.4714, -0.474413]
[0.646741, 0.347157, -0.251182, 0.472715, -0.45976]
[0.663396, 0.35485, 0.308012, 0.484043, -0.496203]
[0.652786, -0.043083, -0.161205, 0.475123, -0.476602]
[0.629174, -0.497515, -0.230447, 0.477121, -0.493848]
[0.64959, 0.274343, 0.05716, 0.462342, -0.476877]
[0.645032, 0.098792, 0.211661, 0.476654, -0.491276]
[0.663237, -0.140811, -0.024765, 0.470732, -0.464741]
[0.648996, -0.158284, 0.292481, 0.452742, -0.450036]
[0.668429, 0.038719, 0.37747, 0.498476, -0.455207]
[0.60678, 0.283726, 0.222227, 0.460967, -0.493808]
[0.652431, -0.257418, -0.107038, 0.468344, -0.463387]
[0.634894, -0.474706, 0.098821, 0.49447, -0.489782]
[0.667538, -0.458021, 0.360817, 0.481869, -0.452756]
[0.629947, -0.432861, 0.199064, 0.471897, -0.46346]
[0.650085, -0.271292, -0.006483, 0.456607, -0.472346]
[0.608756, -0.428223, -0.030656, 0.498793, -0.47164]
[0.605469, 0.289536, 0.259902, 0.459675, -0.495405]
[0.604608, 0.483275, 0.362803, 0.453381, -0.468848]
[0.631744, 0.217779, -0.387732, 0.471618, -0.450325]
[0.627711, 0.216927, 0.28734, 0.455961, -0.479414]
[0.637706, 0.420527, -0.435451, 0.474856, -0.485666]
[0.603243, -0.024352, 0.441044, 0.484692, -0.480352]
[0.676692, 0.251745, -0.428655, 0.489243, -0.490995]
[0.656247, -0.131728, 0.123737, 0.486972, -0.463136]
[0.633966, -0.401601, 0.058316, 0.471149, -0.497968]
[0.660305, -0.392971, -0.321558, 0.480935, -0.47298]
[0.626223, 0.426181, 0.495502, 0.458437, -0.465026]
[0.65351, -0.082334, 0.267733, 0.468737, -0.458514]
[0.645246, 0.369466, -0.371994, 0.477155, -0.457739]
[0.614338, -0.3679, 0.32739, 0.460962, -0.485692]
[0.632284, -0.02252, -0.010342, 0.450561, -0.484938]
[0.62667, 0.181252, 0.013842, 0.473283, -0.496053]
[0.600353, 0.139863, -0.065642, 0.461314, -0.47845]
[0.613402, -0.409557, 0.231077, 0.450538, -0.45964]
[0.656869, -0.322835, 0.133278, 0.48823, -0.474673]
[0.657291, -0.192984, -0.389064, 0.45901, -0.482205]
[0.659546, -0.431983, -0.406837, 0.469974, -0.457839]
[0.650179, 0.145355, -0.255975, 0.49365, -0.455589]
[0.623422, 0.057075, 0.270525, 0.492635, -0.47297]
[0.673735, -0.095733, 0.489921, 0.497198, -0.46665]
[0.610634, -0.125713, 0.016595, 0.46452, -0.481214]
[0.674206, 0.252227, 0.048852, 0.484199, -0.478918]
[0.661086, -0.23607, 0.385088, 0.493404, -0.484462]
[0.632733, -0.124824, 0.228457, 0.49882, -0.463362]
[0.612618, -0.444733, 0.442737, 0.456902, -0.484731]
[0.652626, -0.128958, -0.080547, 0.486631, -0.45119]
[0.629646, -0.028981, 0.299236, 0.465102, -0.477749]
[0.613613, 0.390981, 0.482507, 0.467889, -0.454416]
[0.660423, 0.308085, 0.049185, 0.475521, -0.483081]
[0.635171, -0.215524, -0.322912, 0.478366, -0.475804]
[0.655376, 0.388927, 0.178702, 0.494542, -0.464507]
[0.663383, 0.019372, 0.302264, 0.482973, -0.499569]
[0.653666, 0.409983, 0.434118, 0.49022, -0.486795]
[0.632768, 0.103756, 0.493517, 0.465018, -0.485111]
[0.674909, -0.265905, -0.102521, 0.469912, -0.464808]
[0.678764, 0.173338, 0.257704, 0.454671, -0.469664]
[0.656949, -0.43899, 0.119129, 0.452639, -0.490551]
[0.673692, -0.39914, -0.488611, 0.477326, -0.490962]
[0.621057, 0.290731, 0.25512, 0.494356, -0.460823]
[0.65537, -0.156002, -0.345202, 0.45108, -0.494665]
[0.674692, 0.386323, -0.455911, 0.454098, -0.461358]
[0.666153, -0.474646, 0.461285, 0.499568, -0.45935]
[0.637251, -0.343182, 0.474269, 0.479509, -0.476006]
[0.627707, -0.49909, 0.06329, 0.481571, -0.482058]
[0.611545, -0.426938, 0.049854, 0.488587, -0.462085]
[0.628076, -0.354708, -0.477269, 0.473853, -0.479786]
[0.645437, -0.047021, 0.409341, 0.459302, -0.460784]
[0.634393, 0.133724, -0.271156, 0.465854, -0.498578]
[0.604772, -0.022124, -0.179869, 0.499728, -0.492718]
[0.620378, 0.479715, -0.387783, 0.469652, -0.462843]
[0.648325, -0.116772, -0.278127, 0.462053, -0.455802]
[0.614255, 0.281481, 0.058126, 0.485736, -0.472847]
[0.606118, 0.304189, 0.024129, 0.470287, -0.470456]
[0.663049, 0.149684, -0.394444, 0.452717, -0.490824]
[0.613728, -0.003, -0.45468, 0.477988, -0.460659]
[0.632065, -0.324052, 0.188311, 0.46132, -0.454519]
[0.625955, 0.036124, 0.386609, 0.485051, -0.474295]
[0.668678, 0.083526, -0.127167, 0.47124, -0.459629]
[0.629655, 0.089478, 0.305892, 0.465583, -0.463969]
[0.621622, 0.478365, -0.488586, 0.467158, -0.467567]
[0.614363, -0.313638, 0.477844, 0.49853, -0.459403]
[0.676731, -0.475164, 0.486394, 0.462815, -0.473369]
[0.642314, -0.489264, -0.394089, 0.461394, -0.483876]
[0.613535, 0.368666, -0.051318, 0.482654, -0.458238]
[0.666004, -0.443777, 0.271107, 0.499947, -0.470488]
[0.652956, -0.214747, 0.127977, 0.486353, -0.495504]
[0.672339, -0.414159, 0.057255, 0.473934, -0.472986]
[0.607808, 0.266875, -0.047615, 0.482056, -0.495639]
[0.60903, 0.43809, 0.115456, 0.460387, -0.466523]
[0.635812, 0.192265, -0.389554, 0.483802, -0.474086]
[0.662823, 0.39176, -0.231068, 0.489367, -0.45896]
[0.672355, 0.193129, 0.073508, 0.483359, -0.462544]
[0.631779, -0.129944, -0.104803, 0.468556, -0.455132]
[0.669539, -0.353085, -0.089232, 0.484214, -0.457184]
[0.613367, -0.164455, 0.333404, 0.476118, -0.473091]
[0.66916, -0.270527, -0.250415, 0.488411, -0.463964]
[0.657084, -0.282872, 0.202205, 0.483603, -0.489602]
[0.637091, -0.469546, -0.33552, 0.480622, -0.478667]
[0.649179, -0.047967, -0.215584, 0.484164, -0.452901]
[0.636289, 0.008026, -0.416377, 0.460474, -0.495455]
[0.635777, 0.013277, -0.412835, 0.460437, -0.49549]
[0.635943, 0.010508, -0.415556, 0.460516, -0.495385]
[0.636521, 0.011096, -0.415789, 0.4605, -0.495495]
[0.635872, 0.009597, -0.418601, 0.460416, -0.495494]
[0.635958, 0.00847, -0.414393, 0.460406, -0.495379]
[0.635946, 0.012727, -0.41438, 0.460486, -0.495504]
[0.635822, 0.012286, -0.414739, 0.460474, -0.495526]
[0.636369, 0.007452, -0.418313, 0.46044, -0.495373]
[0.635828, 0.008021, -0.419854, 0.460529, -0.495509]
[0.636213, 0.012318, -0.419656, 0.460484, -0.495472]
[0.636377, 0.012161, -0.413275, 0.460425, -0.495309]
[0.636035, 0.007888, -0.413506, 0.460489, -0.49538]
[0.636682, 0.007443, -0.415434, 0.460493, -0.495514]
[0.636577, 0.011494, -0.419702, 0.460519, -0.495339]
[0.636114, 0.008468, -0.413606, 0.460437, -0.495317]
[0.636292, 0.009978, -0.413271, 0.460435, -0.495296]
[0.636554, 0.01118, -0.414458, 0.460483, -0.495469]
[0.636087, 0.013081, -0.413123, 0.460464, -0.495449]
[0.63575, 0.011695, -0.418301, 0.46046, -0.495539]
[0.636688, 0.009668, -0.41793, 0.460436, -0.495337]
[0.635781, 0.01053, -0.413201, 0.460451, -0.495456]
[0.636707, 0.011535, -0.415916, 0.460435, -0.495388]
[0.636222, 0.009962, -0.414751, 0.460451, -0.49553]
[0.635856, 0.011819, -0.415326, 0.460421, -0.495447]
[0.635957, 0.009935, -0.413084, 0.460519, -0.495468]
[0.636357, 0.011175, -0.413309, 0.460495, -0.495455]
[0.636558, 0.010887, -0.413565, 0.460524, -0.495535]
[0.636031, 0.012981, -0.416226, 0.460449, -0.495265]
[0.635804, 0.013337, -0.417538, 0.460509, -0.495365]
[0.635994, 0.00952, -0.412828, 0.460443, -0.49526]
[0.636297, 0.011059, -0.413611, 0.460407, -0.49533]
[0.636464, 0.011805, -0.416985, 0.460494, -0.495317]
[0.636033, 0.012767, -0.419972, 0.460475, -0.495371]
[0.635965, 0.012902, -0.414713, 0.460505, -0.495258]
[0.636521, 0.010793, -0.412508, 0.460531, -0.495279]
[0.636233, 0.009501, -0.413563, 0.460425, -0.495333]
[0.636129, 0.007827, -0.417247, 0.460459, -0.495299]
[0.636311, 0.007366, -0.412493, 0.460411, -0.495458]
[0.635854, 0.013236, -0.41419, 0.460456, -0.495467]
[0.636657, 0.009674, -0.414489, 0.460422, -0.495254]
[0.63599, 0.010458, -0.413819, 0.460425, -0.495537]
[0.636092, 0.009713, -0.417194, 0.460446, -0.495403]
[0.636456, 0.008785, -0.4138, 0.460432, -0.495286]
[0.636208, 0.01257, -0.413947, 0.460516, -0.495401]
[0.636358, 0.012782, -0.416736, 0.460406, -0.495466]
[0.635948, 0.010134, -0.414469, 0.460495, -0.495295]
[0.636471, 0.009609, -0.414853, 0.460466, -0.495302]
[0.636581, 0.011462, -0.416237, 0.460519, -0.495337]
[0.636694, 0.009461, -0.415167, 0.460467, -0.495456]
[0.635954, 0.010039, -0.414066, 0.460432, -0.495441]
[0.636575, 0.009768, -0.414259, 0.460497, -0.495271]
[0.635731, 0.008308, -0.416808, 0.460423, -0.495535]
[0.63608, 0.009773, -0.419742, 0.460479, -0.495417]
[0.636694, 0.010327, -0.417909, 0.460452, -0.495309]
[0.636183, 0.011388, -0.419162, 0.460514, -0.495288]
[0.636502, 0.0118, -0.415713, 0.460444, -0.495506]
[0.636398, 0.008125, -0.41699, 0.460455, -0.495246]
[0.635749, 0.012544, -0.414762, 0.460415, -0.495267]
[0.636208, 0.00739, -0.415238, 0.460497, -0.495342]
[0.636697, 0.007583, -0.41766, 0.460528, -0.495311]
[0.636396, 0.011663, -0.41415, 0.460414, -0.495289]
[0.636152, 0.008403, -0.417746, 0.46043, -0.495517]
[0.635945, 0.009914, -0.414711, 0.46042, -0.495448]
[0.635726, 0.01275, -0.415067, 0.46048, -0.495367]
[0.636252, 0.012694, -0.414445, 0.460423, -0.495423]
[0.636298, 0.007474, -0.418886, 0.460401, -0.495542]
[0.636443, 0.011935, -0.415596, 0.460484, -0.495257]
[0.636693, 0.012693, -0.412696, 0.460422, -0.495424]
[0.63587, 0.009558, -0.413124, 0.460409, -0.495282]
[0.644231, 0.185811, 0.116601, 0.464609, -0.49204]
[0.64362, -0.28036, 0.170346, 0.476231, -0.463908]
[0.61579, -0.138045, 0.130344, 0.479585, -0.494988]
[0.650655, -0.209004, 0.014905, 0.467104, -0.478054]
[0.637048, 0.039938, -0.403341, 0.491497, -0.46897]
[0.64821, -0.118044, -0.499442, 0.485827, -0.45332]
[0.626891, 0.277181, 0.377005, 0.460124, -0.465474]
[0.63784, 0.013379, -0.120827, 0.460197, -0.48842]
[0.632437, 0.420648, -0.204136, 0.494065, -0.475537]
[0.607233, 0.337516, -0.444181, 0.496492, -0.457035]
[0.678124, 0.307052, -0.484321, 0.494012, -0.464294]
[0.60845, 0.24353, -0.157504, 0.467727, -0.492872]
[0.641123, -0.240464, -0.254197, 0.472865, -0.454009]
[0.667686, 0.340344, 0.110754, 0.488088, -0.458008]
[0.637607, 0.204552, -0.457297, 0.461105, -0.471875]
[0.652679, 0.423558, -0.452417, 0.460641, -0.480838]
[0.606017, 0.482791, -0.356976, 0.482612, -0.486546]
[0.605507, -0.394091, 0.405501, 0.492295, -0.485399]
[0.651109, -0.357492, -0.146168, 0.462753, -0.486257]
[0.649896, -0.09245, -0.473605, 0.453808, -0.489624]
[0.651239, -0.486763, 0.117438, 0.466505, -0.458156]
[0.647586, 0.210337, -0.262854, 0.456959, -0.450409]
[0.613491, 0.486462, -0.482327, 0.491492, -0.489613]
[0.660402, 0.282014, 0.118427, 0.459455, -0.469523]
[0.609491, 0.059635, 0.062908, 0.467643, -0.452586]
[0.647525, 0.018518, -0.003315, 0.473419, -0.498046]
[0.617719, -0.100447, -0.116185, 0.46931, -0.474632]
[0.607267, 0.019526, 0.327421, 0.468129, -0.488024]
[0.633699, 0.049092, -0.297244, 0.462923, -0.455664]
[0.651939, 0.447998, 0.490611, 0.479037, -0.465738]
[0.670684, -0.154509, -0.155976, 0.494281, -0.464128]
[0.662534, 0.244824, 0.21118, 0.451297, -0.496126]
[0.679054, 0.270318, 0.39964, 0.478117, -0.468003]
[0.648988, 0.152487, -0.382065, 0.45137, -0.494516]
[0.635287, 0.047269, 0.461398, 0.491691, -0.483938]
[0.600936, -0.477504, 0.002228, 0.468055, -0.45626]
[0.6277, -0.319031, -0.081618, 0.462242, -0.4898]
[0.610917, 0.484096, 0.062615, 0.46592, -0.457343]
[0.620291, 0.147616, 0.371828, 0.462511, -0.460841]
[0.663345, 0.266482, 0.068344, 0.472666, -0.452522]
[0.676561, 0.330753, -0.034522, 0.484834, -0.488267]
[0.637153, -0.213005, 0.35287, 0.461517, -0.487817]
[0.618171, -0.277917, 0.264536, 0.49696, -0.461445]
[0.616544, 0.431138, -0.159572, 0.46119, -0.490361]
[0.615144, -0.413986, -0.135829, 0.467586, -0.475163]
[0.674321, -0.273183, -0.139781, 0.482097, -0.46981]
[0.666585, -0.156446, 0.180271, 0.495924, -0.469691]
[0.620444, 0.182127, 0.059364, 0.479226, -0.469543]
[0.645163, -0.26493, 0.326742, 0.477824, -0.494993]
[0.620073, 0.440608, 0.250681, 0.491979, -0.461574]
[0.657333, 0.216999, 0.30457, 0.493777, -0.474877]
[0.650506, -0.043453, 0.221471, 0.471147, -0.483709]
[0.625784, -0.065016, -0.430883, 0.493414, -0.477581]
[0.622219, -0.112446, 0.077401, 0.477726, -0.496317]
[0.640588, 0.328297, 0.074056, 0.479781, -0.458406]
[0.669072, -0.369364, -0.328177, 0.458108, -0.463571]
[0.614611, -0.235849, 0.090741, 0.450787, -0.497224]
[0.66174, -0.059966, -0.34639, 0.458645, -0.480242]
[0.634459, 0.274884, -0.498944, 0.494641, -0.486694]
[0.675404, 0.345324, 0.437811, 0.491375, -0.459866]
[0.66978, 0.318335, 0.111161, 0.454702, -0.461265]
[0.660878, -0.359992, -0.480154, 0.476589, -0.499778]
[0.652202, -0.476733, -0.113925, 0.4665, -0.463953]
[0.614117, -0.190562, 0.23993, 0.476242, -0.492227]
[0.655473, 0.162217, 0.196949, 0.463604, -0.487756]
[0.609769, 0.380621, -0.278808, 0.467471, -0.485584]
[0.629318, 0.375453, 0.256539, 0.467052, -0.492557]
[0.602814, 0.4334, -0.220813, 0.497023, -0.457435]
[0.6214, 0.253956, -0.073702, 0.460074, -0.497485]
[0.644373, 0.203089, 0.178501, 0.490305, -0.494651]
[0.668863, -0.471014, -0.325818, 0.477211, -0.471395]
[0.642832, 0.114903, 0.366989, 0.451592, -0.494309]
[0.668703, 0.22021, 0.21618, 0.467532, -0.482788]
[0.609821, -0.195823, -0.257777, 0.477474, -0.456579]
[0.667196, -0.376425, -0.291948, 0.481785, -0.475517]
[0.675037, 0.364741, 0.19725, 0.46644, -0.464444]
[0.605484, -0.047402, 0.044718, 0.49892, -0.467994]
[0.603942, -0.306384, 0.402209, 0.454438, -0.498552]
[0.603016, 0.28903, -0.066426, 0.450094, -0.453668]
[0.654271, -0.489031, -0.207705, 0.482589, -0.466725]
[0.649307, 0.308242, -0.162997, 0.494783, -0.462751]
[0.645137, -0.053869, 0.261838, 0.46853, -0.451101]
[0.620089, -0.372193, 0.487695, 0.497337, -0.476626]
[0.640837, -0.20258, 0.285685, 0.473352, -0.463486]
[0.618633, -0.249264, 0.34109, 0.465951, -0.466381]
[0.649662, 0.21375, -0.367428, 0.496644, -0.458652]
[0.631548, 0.342247, 0.089221, 0.472474, -0.480425]
[0.601323, 0.496684, 0.201622, 0.49038, -0.467356]
[0.634302, 0.047597, 0.488418, 0.482619, -0.454223]
[0.669083, 0.170099, -0.397354, 0.483068, -0.494172]
[0.679332, -0.177378, 0.353807, 0.487145, -0.481383]
[0.628492, 0.017658, 0.210276, 0.452156, -0.461957]
[0.666751, -0.291106, -0.202784, 0.456545, -0.494389]
[0.604012, -0.236981, 0.382798, 0.462119, -0.472301]
[0.633921, -0.416616, -0.395039, 0.477183, -0.457783]
[0.64929, -0.382487, 0.108158, 0.493591, -0.484861]
[0.679632, 0.114969, 0.443381, 0.479244, -0.482225]
[0.621788, 0.435608, -0.383421, 0.462673, -0.461645]
[0.660787, 0.069304, 0.286124, 0.475312, -0.457603]
[0.672088, 0.02578, 0.124392, 0.479695, -0.4771]
[0.660105, 0.374769, 0.190828, 0.453892, -0.452171]
[0.614839, 0.28987, 0.200086, 0.456368, -0.450356]
[0.601342, 0.353773, 0.299168, 0.481687, -0.495586]
[0.610333, 0.436162, 0.380233, 0.491991, -0.457063]
[0.669322, -0.238936, 0.180462, 0.492858, -0.476996]
[0.604626, 0.149637, -0.148313, 0.482744, -0.453488]
[0.60591, -0.266908, 0.003313, 0.485412, -0.463181]
[0.639017, -0.151566, 0.052294, 0.450918, -0.475679]
[0.651722, -0.161394, 0.402467, 0.458056, -0.46244]
[0.603031, -0.028326, 0.336813, 0.487143, -0.489129]
[0.619974, 0.441577, -0.154828, 0.450254, -0.471542]
[0.6743, -0.187998, -0.357171, 0.471256, -0.457098]
[0.639067, -0.024878, 0.452513, 0.484464, -0.496532]
[0.641104, -0.041146, 0.407795, 0.479351, -0.490448]
[0.618966, -0.245777, 0.188844, 0.472247, -0.472316]
[0.668869, 0.382915, 0.157161, 0.477062, -0.49873]
[0.645219, 0.161039, -0.376634, 0.465992, -0.485418]
[0.605337, 0.033988, -0.419368, 0.491858, -0.475404]
[0.634962, -0.227299, -0.43634, 0.45473, -0.486321]
[0.675782, 0.213783, -0.094391, 0.456355, -0.450518]
[0.621584, 0.319565, -0.034604, 0.471447, -0.466537]
[0.668898, 0.054594, -0.351392, 0.473168, -0.4793]
[0.674635, -0.204849, 0.453493, 0.494052, -0.465491]
[0.67841, -0.216169, -0.21768, 0.479973, -0.496413]
[0.656923, 0.499791, 0.462233, 0.493957, -0.467104]
[0.606982, -0.323355, 0.084998, 0.477242, -0.497836]
[0.635519, -0.231712, 0.067381, 0.491093, -0.473221]
[0.617587, -0.306948, -0.073668, 0.477992, -0.487632]
[0.624854, 0.056959, 0.171808, 0.462117, -0.48346]
[0.638029, 0.241374, 0.426848, 0.45804, -0.470907]
[0.659479, -0.332257, -0.000905, 0.499842, -0.486354]
[0.602456, 0.07489, -0.474258, 0.474873, -0.490205]
[0.622737, -0.400879, -0.127104, 0.491062, -0.483939]
[0.675492, -0.460288, 0.280903, 0.474282, -0.480445]
[0.611561, -0.473445, 0.077599, 0.461412, -0.481625]
[0.650374, 0.373322, -0.401272, 0.462013, -0.482983]
[0.634932, 0.423015, 0.227135, 0.482376, -0.491372]
[0.610563, -0.437369, -0.166116, 0.453984, -0.486191]
[0.628231, -0.367806, -0.081692, 0.469806, -0.492024]
[0.61283, 0.379196, 0.007647, 0.457318, -0.497254]
[0.609581, 0.154855, -0.111343, 0.462497, -0.487535]
[0.665982, -0.069808, 0.131158, 0.461418, -0.460058]
[0.617868, 0.184764, -0.199087, 0.488568, -0.482704]
[0.615488, -0.389697, -0.130955, 0.452434, -0.457454]
[0.603409, -0.356417, 0.450024, 0.464584, -0.485562]
[0.629266, 0.288842, -0.361846, 0.498791, -0.459055]
[0.633912, -0.431611, 0.05335, 0.49114, -0.496687]
[0.628592, -0.225976, -0.453662, 0.491271, -0.497413]
[0.635517, -0.238884, 0.002602, 0.485686, -0.46913]
[0.672593, -0.032074, -0.487743, 0.499313, -0.495541]
[0.672538, -0.036687, -0.496424, 0.499568, -0.495726]
[0.672311, -0.041806, -0.495245, 0.499897, -0.495685]
[0.672383, -0.042185, -0.486585, 0.499447, -0.495446]
[0.672269, -0.041933, -0.498409, 0.498849, -0.495642]
[0.672792, -0.030038, -0.487073, 0.497735, -0.495472]
[0.672929, -0.042436, -0.487669, 0.49705, -0.495668]
[0.672899, -0.026331, -0.492965, 0.496729, -0.495495]
[0.672882, -0.037458, -0.498421, 0.498917, -0.495562]
[0.672256, -0.043244, -0.495962, 0.496693, -0.495486]
[0.672462, -0.027713, -0.491887, 0.499099, -0.495444]
[0.672281, -0.039601, -0.488814, 0.498785, -0.495686]
[0.672684, -0.034786, -0.496987, 0.499158, -0.495666]
[0.672582, -0.04063, -0.48849, 0.498386, -0.495647]
[0.672625, -0.026586, -0.488205, 0.497813, -0.495779]
[0.672712, -0.026736, -0.486739, 0.499464, -0.495415]
[0.672679, -0.032419, -0.499564, 0.499224, -0.495802]
[0.6729, -0.028152, -0.494255, 0.498764, -0.495704]
[0.672644, -0.028207, -0.488715, 0.498574, -0.495672]
[0.672905, -0.037253, -0.495215, 0.499086, -0.495564]
[0.672248, -0.025783, -0.493255, 0.497179, -0.495743]
[0.67288, -0.042034, -0.49503, 0.498044, -0.495743]
[0.67236, -0.032984, -0.496416, 0.496744, -0.49563]
[0.67237, -0.044829, -0.490557, 0.498352, -0.495441]
[0.672656, -0.03983, -0.490884, 0.49941, -0.495762]
[0.672298, -0.032881, -0.494943, 0.499505, -0.49571]
[0.672471, -0.040369, -0.488573, 0.499266, -0.495697]
[0.672384, -0.043563, -0.499373, 0.497376, -0.495609]
[0.672445, -0.037975, -0.491528, 0.498005, -0.49573]
[0.672647, -0.029018, -0.490833, 0.496846, -0.495784]
[0.672368, -0.038142, -0.486692, 0.497917, -0.495699]
[0.672357, -0.038016, -0.495274, 0.49772, -0.495789]
[0.672195, -0.042873, -0.490084, 0.498253, -0.495424]
[0.672291, -0.041024, -0.494719, 0.499803, -0.495696]
[0.672495, -0.042253, -0.497595, 0.499964, -0.495643]
[0.672739, -0.026895, -0.493603, 0.498789, -0.495506]
[0.672571, -0.026533, -0.490062, 0.496688, -0.495664]
[0.672804, -0.044742, -0.493783, 0.497143, -0.49541]
[0.672821, -0.025021, -0.489672, 0.498059, -0.495659]
[0.672728, -0.026924, -0.494854, 0.498118, -0.495512]
[0.672762, -0.026034, -0.491836, 0.498682, -0.495485]
[0.672846, -0.043953, -0.495453, 0.499859, -0.495414]
[0.672548, -0.03396, -0.497222, 0.496627, -0.495423]
[0.672847, -0.028691, -0.48811, 0.499388, -0.495687]
[0.672618, -0.028186, -0.498847, 0.499897, -0.495605]
[0.672647, -0.041573, -0.499877, 0.496711, -0.495448]
[0.672831, -0.027429, -0.498122, 0.499311, -0.495519]
[0.6723, -0.022914, -0.48669, 0.498694, -0.49559]
[0.672495, -0.024668, -0.493589, 0.497219, -0.495758]
[0.672853, -0.028279, -0.490743, 0.498486, -0.495682]
[0.672613, -0.025848, -0.486792, 0.497584, -0.495627]
[0.672454, -0.038684, -0.498679, 0.497773, -0.495803]
[0.672375, -0.036198, -0.499422, 0.499438, -0.49563]
[0.672814, -0.043687, -0.49612, 0.497395, -0.495687]
[0.672836, -0.040202, -0.495428, 0.498279, -0.495497]
[0.672364, -0.027867, -0.496263, 0.49946, -0.495468]
[0.672778, -0.041377, -0.49244, 0.498746, -0.495693]
[0.672814, -0.031121, -0.498438, 0.497324, -0.495572]
[0.672693, -0.039629, -0.499582, 0.499533, -0.495629]
[0.672816, -0.027661, -0.491197, 0.496577, -0.495744]
[0.672656, -0.038896, -0.499768, 0.499291, -0.495454]
[0.672227, -0.028105, -0.487193, 0.498136, -0.495566]
[0.67228, -0.042074, -0.487686, 0.498134, -0.495689]
[0.672509, -0.026925, -0.493375, 0.499993, -0.495484]
[0.672883, -0.025798, -0.496225, 0.498369, -0.495736]
[0.672806, -0.044107, -0.49912, 0.498506, -0.495476]
[0.672766, -0.026698, -0.493746, 0.49743, -0.495523]
[0.672334, -0.031179, -0.487045, 0.49751, -0.495598]
[0.672432, -0.042211, -0.49128, 0.497433, -0.495478]
[0.672182, -0.030879, -0.496665, 0.497492, -0.495644]
