Status: violated
Adversarial inputs found:
  [0.636822, 0.006269, -0.423659, 0.492308, -0.487362]
  [0.666687, 0.004994, -0.460176, 0.465866, -0.488251]
  [0.637054, 0.006602, -0.423944, 0.492208, -0.487046]
  [0.63744, 0.010275, -0.423685, 0.492114, -0.487069]
  [0.637542, 0.0104, -0.42367, 0.491913, -0.487152]
  [0.636906, 0.008136, -0.423665, 0.49203, -0.487196]
  [0.637527, 0.006231, -0.423785, 0.491784, -0.487167]
  [0.636981, 0.006016, -0.423837, 0.492001, -0.487276]
  [0.637792, 0.007164, -0.42381, 0.491921, -0.487069]
  [0.63736, 0.008008, -0.423938, 0.491898, -0.487171]
  [0.637258, 0.00682, -0.423841, 0.491783, -0.48728]
  [0.636649, 0.005552, -0.423823, 0.492259, -0.487231]
  [0.637558, 0.008027, -0.423679, 0.492188, -0.487331]
  [0.637708, 0.007694, -0.423831, 0.491906, -0.487348]
  [0.63722, 0.007354, -0.423763, 0.492304, -0.487217]
  [0.636938, 0.010281, -0.423751, 0.491921, -0.487157]
  [0.636812, 0.005704, -0.423686, 0.491972, -0.487099]
  [0.637258, 0.005652, -0.423839, 0.492277, -0.487377]
  [0.637334, 0.007604, -0.423757, 0.492202, -0.487124]
  [0.637413, 0.00654, -0.423758, 0.491986, -0.48732]
  [0.637084, 0.010445, -0.423669, 0.492133, -0.487354]
  [0.63753, 0.01018, -0.423954, 0.492296, -0.487235]
  [0.636759, 0.007735, -0.423833, 0.491784, -0.487266]
  [0.63703, 0.007906, -0.423796, 0.492267, -0.487266]
  [0.63701, 0.006618, -0.423768, 0.492248, -0.487178]
  [0.637798, 0.006223, -0.423863, 0.492245, -0.487257]
  [0.637597, 0.006819, -0.423741, 0.492008, -0.487312]
  [0.637203, 0.006461, -0.423704, 0.491933, -0.487051]
  [0.637204, 0.00567, -0.423854, 0.492063, -0.487178]
  [0.637068, 0.005924, -0.423791, 0.492256, -0.487306]
  [0.636986, 0.006241, -0.42394, 0.491929, -0.487124]
  [0.637007, 0.007208, -0.423847, 0.492307, -0.487122]
  [0.637615, 0.007807, -0.423764, 0.492263, -0.487318]
  [0.637579, 0.008252, -0.423745, 0.491862, -0.487158]
  [0.636873, 0.006926, -0.423856, 0.491803, -0.487216]
  [0.636918, 0.005887, -0.42386, 0.492111, -0.487125]
  [0.637161, 0.010252, -0.423728, 0.492138, -0.48726]
  [0.637495, 0.006594, -0.423708, 0.492113, -0.4871]
  [0.63758, 0.010228, -0.423911, 0.492295, -0.487089]
  [0.636827, 0.006536, -0.42376, 0.491865, -0.487263]
  [0.637363, 0.010584, -0.423698, 0.491963, -0.487158]
  [0.637543, 0.007307, -0.423897, 0.49188, -0.487341]
  [0.637617, 0.006454, -0.423818, 0.492169, -0.487131]
  [0.637348, 0.005693, -0.42377, 0.492358, -0.487248]
  [0.637794, 0.006946, -0.423838, 0.492354, -0.487057]
  [0.636999, 0.006762, -0.423705, 0.491953, -0.487087]
  [0.637168, 0.008047, -0.42388, 0.492158, -0.487274]
  [0.636967, 0.007174, -0.42395, 0.492258, -0.487251]
  [0.636995, 0.007321, -0.423802, 0.492285, -0.48728]
  [0.637635, 0.005861, -0.423948, 0.492277, -0.487242]
  [0.637379, 0.007356, -0.423855, 0.492295, -0.487337]
  [0.636999, 0.006899, -0.423948, 0.491964, -0.487072]
  [0.6377, 0.00651, -0.423959, 0.491933, -0.487157]
  [0.63694, 0.006872, -0.423715, 0.492237, -0.487232]
  [0.637651, 0.005529, -0.423955, 0.492229, -0.487247]
  [0.636892, 0.007224, -0.423786, 0.492107, -0.487325]
  [0.636716, 0.010395, -0.423718, 0.492164, -0.487299]
  [0.637626, 0.006339, -0.423917, 0.492111, -0.487268]
  [0.636724, 0.010544, -0.42366, 0.492302, -0.48722]
  [0.636891, 0.007878, -0.423789, 0.492273, -0.487084]
  [0.636757, 0.005529, -0.423926, 0.492005, -0.487178]
  [0.636887, 0.007594, -0.423799, 0.49183, -0.487329]
  [0.636593, 0.007073, -0.423899, 0.491895, -0.487275]
  [0.63702, 0.00655, -0.423862, 0.492173, -0.487221]
  [0.637187, 0.006679, -0.423834, 0.491891, -0.487323]
  [0.637503, 0.007015, -0.423758, 0.49233, -0.487307]
  [0.63713, 0.006002, -0.423793, 0.492275, -0.487288]
  [0.63753, 0.007672, -0.423894, 0.491959, -0.48711]
  [0.637142, 0.00554, -0.423943, 0.491875, -0.487134]
  [0.637102, 0.006575, -0.423926, 0.49226, -0.487202]
  [0.637006, 0.007185, -0.423738, 0.491991, -0.487147]
  [0.636675, 0.007124, -0.423669, 0.492108, -0.487216]
  [0.636656, 0.006755, -0.423835, 0.492183, -0.487271]
  [0.636652, 0.006758, -0.423757, 0.492058, -0.487207]
  [0.63661, 0.006134, -0.423781, 0.49231, -0.487088]
  [0.637773, 0.007567, -0.423847, 0.491793, -0.487153]
  [0.636933, 0.006326, -0.423754, 0.491993, -0.487353]
  [0.63677, 0.007519, -0.423719, 0.492303, -0.48716]
  [0.637423, 0.008069, -0.423665, 0.491886, -0.48732]
  [0.637516, 0.00714, -0.423856, 0.492071, -0.487142]
  [0.636892, 0.007866, -0.423924, 0.492269, -0.487222]
  [0.636608, 0.010409, -0.423946, 0.492123, -0.487264]
  [0.637067, 0.006029, -0.423861, 0.492099, -0.487074]
  [0.637797, 0.00554, -0.423916, 0.492133, -0.487203]
  [0.637622, 0.007806, -0.423883, 0.491952, -0.48715]
  [0.63694, 0.007224, -0.423939, 0.491958, -0.487282]
  [0.636812, 0.006314, -0.423831, 0.491957, -0.487371]
  [0.636776, 0.006294, -0.423903, 0.492306, -0.487108]
  [0.636756, 0.006563, -0.423756, 0.492282, -0.487182]
  [0.637025, 0.005684, -0.423811, 0.491821, -0.487256]
  [0.636962, 0.005894, -0.423916, 0.492199, -0.487122]
  [0.637639, 0.00791, -0.42369, 0.492006, -0.487252]
  [0.637062, 0.010451, -0.423669, 0.492128, -0.487356]
  [0.637085, 0.010504, -0.423669, 0.492129, -0.487353]
  [0.637084, 0.010433, -0.42367, 0.492128, -0.487358]
  [0.637069, 0.0105, -0.42367, 0.492129, -0.487354]
  [0.63707, 0.010448, -0.423669, 0.49213, -0.487358]
  [0.63708, 0.010546, -0.423669, 0.492133, -0.487357]
  [0.637083, 0.010479, -0.42367, 0.49213, -0.487353]
  [0.637077, 0.010442, -0.423669, 0.492128, -0.487357]
  [0.637065, 0.010432, -0.42367, 0.492133, -0.487357]
  [0.637063, 0.01052, -0.423669, 0.492133, -0.487357]
  [0.637069, 0.010499, -0.423669, 0.49213, -0.487357]
  [0.637062, 0.010455, -0.423669, 0.492128, -0.487355]
  [0.637072, 0.010463, -0.42367, 0.492128, -0.487355]
  [0.637077, 0.010474, -0.42367, 0.492132, -0.487357]
  [0.637086, 0.010448, -0.42367, 0.492131, -0.487355]
  [0.637076, 0.0105, -0.42367, 0.492132, -0.487354]
  [0.637075, 0.010536, -0.423669, 0.492129, -0.487357]
  [0.637064, 0.010439, -0.42367, 0.492133, -0.487355]
  [0.637078, 0.010497, -0.423669, 0.492127, -0.487358]
  [0.637079, 0.010434, -0.42367, 0.492128, -0.487354]
  [0.637078, 0.010485, -0.42367, 0.492131, -0.487355]
  [0.637084, 0.010463, -0.423669, 0.49213, -0.487356]
  [0.637067, 0.01054, -0.423669, 0.49213, -0.487355]
  [0.63709, 0.010527, -0.423669, 0.492129, -0.487357]
  [0.637076, 0.010495, -0.423669, 0.492129, -0.487357]
  [0.63707, 0.0105, -0.423669, 0.492132, -0.487354]
  [0.63706, 0.010495, -0.42367, 0.492131, -0.487353]
  [0.637082, 0.010521, -0.423669, 0.492129, -0.487357]
  [0.637065, 0.010529, -0.423669, 0.492132, -0.487354]
  [0.637071, 0.010452, -0.423669, 0.492128, -0.487357]
  [0.637087, 0.010431, -0.42367, 0.492131, -0.487356]
  [0.637089, 0.010505, -0.42367, 0.492128, -0.487356]
  [0.637066, 0.010474, -0.42367, 0.492131, -0.487357]
  [0.637068, 0.010458, -0.423669, 0.492128, -0.487357]
  [0.637068, 0.010449, -0.42367, 0.49213, -0.487354]
  [0.637078, 0.01048, -0.423669, 0.492131, -0.487355]
  [0.637082, 0.010514, -0.423669, 0.492132, -0.487355]
  [0.637079, 0.010487, -0.42367, 0.492131, -0.487354]
  [0.637087, 0.010516, -0.42367, 0.492132, -0.487355]
  [0.637064, 0.010546, -0.42367, 0.492128, -0.487357]
  [0.637072, 0.010469, -0.423669, 0.492127, -0.487354]
  [0.637078, 0.010536, -0.42367, 0.49213, -0.487356]
  [0.637074, 0.010459, -0.42367, 0.492129, -0.487357]
  [0.637081, 0.010531, -0.423669, 0.492132, -0.487357]
  [0.63708, 0.01048, -0.423669, 0.492131, -0.487357]
  [0.637085, 0.010486, -0.42367, 0.492131, -0.487357]
  [0.637063, 0.010535, -0.423669, 0.492131, -0.487357]
  [0.637077, 0.010505, -0.423669, 0.492132, -0.487358]
  [0.637062, 0.010475, -0.42367, 0.492132, -0.487358]
  [0.637063, 0.010474, -0.423669, 0.492131, -0.487357]
  [0.637063, 0.010479, -0.42367, 0.492129, -0.487353]
  [0.637088, 0.01046, -0.423669, 0.492132, -0.487355]
  [0.637076, 0.010497, -0.423669, 0.492128, -0.487354]
  [0.637085, 0.010506, -0.42367, 0.492127, -0.487354]
  [0.637088, 0.010437, -0.423669, 0.492128, -0.487357]
  [0.637074, 0.010498, -0.423669, 0.492132, -0.487355]
  [0.637088, 0.010436, -0.423669, 0.492132, -0.487355]
  [0.63709, 0.010456, -0.42367, 0.492128, -0.487354]
  [0.63707, 0.0105, -0.42367, 0.492133, -0.487357]
  [0.63707, 0.010442, -0.42367, 0.49213, -0.487354]
  [0.637082, 0.010457, -0.423669, 0.492132, -0.487358]
  [0.637082, 0.010542, -0.423669, 0.492131, -0.487357]
  [0.637067, 0.010466, -0.423669, 0.492131, -0.487353]
  [0.637073, 0.0105, -0.423669, 0.492132, -0.487355]
  [0.637073, 0.010499, -0.423669, 0.492132, -0.487355]
  [0.637074, 0.010496, -0.423669, 0.492132, -0.487355]
  [0.637074, 0.0105, -0.423669, 0.492132, -0.487355]
  [0.637074, 0.010499, -0.423669, 0.492132, -0.487355]
  [0.637074, 0.010497, -0.423669, 0.492132, -0.487355]
  [0.637073, 0.010501, -0.423669, 0.492132, -0.487355]
  [0.637073, 0.010497, -0.423669, 0.492132, -0.487355]
  [0.637073, 0.010496, -0.423669, 0.492132, -0.487355]
  [0.637074, 0.010501, -0.423669, 0.492132, -0.487355]
  [0.637073, 0.010498, -0.423669, 0.492132, -0.487355]
