Status: non-adversarial inputs found
[0.67954, 0.311578, 0.352882, 0.471379, -0.460049]
[0.639037, -0.342327, -0.066252, 0.472705, -0.485161]
[0.659509, -0.339833, 0.09126, 0.484076, -0.474409]
[0.646837, 0.02062, -0.30078, 0.499496, -0.493646]
[0.67824, -0.237085, -0.476419, 0.45793, -0.453921]
[0.645092, -0.019056, 0.065807, 0.454393, -0.457508]
[0.6358, -0.161139, 0.380281, 0.476427, -0.494708]
[0.678173, -0.259639, 0.01556, 0.489942, -0.456311]
[0.632605, -0.395907, -0.281071, 0.492063, -0.452355]
[0.651277, -0.324035, -0.250929, 0.450377, -0.46569]
[0.604179, -0.280613, -0.346469, 0.467842, -0.464421]
[0.631386, -0.136321, -0.003841, 0.496996, -0.474144]
[0.605922, 0.302923, 0.079209, 0.481751, -0.49691]
[0.646136, -0.172413, 0.125435, 0.454295, -0.457125]
[0.635858, 0.431073, 0.444179, 0.496016, -0.459269]
[0.611251, -0.048881, 0.486117, 0.484356, -0.46126]
[0.625045, -0.403652, 0.47803, 0.465446, -0.481908]
[0.679755, -0.052726, -0.184695, 0.464793, -0.463536]
[0.677544, -0.153913, -0.229777, 0.475993, -0.499097]
[0.673915, -0.459771, -0.387083, 0.471012, -0.49479]
[0.638072, 0.452928, 0.004813, 0.492166, -0.477844]
[0.653706, -0.014104, 0.181887, 0.456371, -0.451218]
[0.605447, -0.306985, -0.003698, 0.499735, -0.452719]
[0.625484, 0.045582, 0.242003, 0.485284, -0.454528]
[0.613376, -0.272216, -0.062596, 0.462788, -0.469424]
[0.658935, -0.138822, -0.082292, 0.45316, -0.46874]
[0.618117, -0.388515, 0.224953, 0.451473, -0.473193]
[0.600782, -0.272401, 0.114623, 0.454137, -0.463173]
[0.667884, -0.203004, -0.261744, 0.49257, -0.486638]
[0.622156, 0.015283, 0.488235, 0.455198, -0.450047]
[0.669981, -0.17208, -0.253274, 0.471864, -0.48944]
[0.62492, 0.473356, 0.102395, 0.469129, -0.48797]
[0.63095, -0.184951, 0.080866, 0.464884, -0.495886]
[0.662077, -0.025878, 0.412304, 0.486081, -0.49669]
[0.641446, 0.406228, -0.406151, 0.475203, -0.486823]
[0.674853, -0.427323, 0.385253, 0.484661, -0.476118]
[0.619846, -0.130818, 0.390161, 0.481862, -0.478751]
[0.629256, 0.396221, -0.295279, 0.489962, -0.499271]
[0.601108, 0.495782, 0.263254, 0.486198, -0.475492]
[0.640463, 0.039001, 0.185529, 0.471517, -0.464338]
[0.65664, -0.112598, 0.42901, 0.495066, -0.482428]
[0.62223, 0.171718, -0.244734, 0.475201, -0.468912]
[0.625229, -0.484512, -0.226222, 0.498963, -0.46574]
[0.630941, -0.08535, 0.329623, 0.48963, -0.47666]
[0.65302, -0.249349, 0.161681, 0.493273, -0.463465]
[0.662283, -0.395769, 0.105533, 0.456758, -0.459627]
[0.62239, -0.234935, -0.028108, 0.483721, -0.483256]
[0.63079, -0.402856, 0.392114, 0.4501, -0.451353]
[0.679611, -0.238355, 0.198304, 0.492352, -0.485039]
[0.605021, 0.228584, -0.256473, 0.486599, -0.482567]
[0.64821, 0.138363, 0.463565, 0.484843, -0.465868]
[0.678194, -0.15311, 0.037501, 0.492475, -0.451578]
[0.654812, -0.056528, 0.00544, 0.482272, -0.45764]
[0.624145, 0.052314, -0.068388, 0.467027, -0.476116]
[0.616291, -0.398348, -0.096085, 0.475738, -0.47085]
[0.662167, -0.072083, 0.154414, 0.473565, -0.467273]
[0.652634, 0.275881, 0.276268, 0.472889, -0.499138]
[0.629985, -0.303683, -0.360314, 0.482822, -0.467252]
[0.616347, -0.033411, -0.242386, 0.469257, -0.457254]
[0.667779, 0.011062, -0.354723, 0.463195, -0.452209]
[0.677185, -0.256353, 0.021197, 0.488795, -0.48016]
[0.667044, 0.251212, -0.034542, 0.458103, -0.48657]
[0.633729, -0.246833, -0.175339, 0.468151, -0.454711]
[0.604659, 0.356566, 0.05344, 0.499318, -0.452643]
[0.626773, -0.389709, -0.499879, 0.475532, -0.484971]
[0.670601, 0.145069, -0.200092, 0.459281, -0.482149]
[0.642295, 0.450029, 0.138593, 0.48006, -0.492438]
[0.659466, -0.066516, -0.18385, 0.491987, -0.494375]
[0.647748, -0.077623, 0.468351, 0.472484, -0.451951]
[0.650157, 0.11597, 0.17015, 0.495739, -0.463702]
[0.654137, -0.261967, -0.240458, 0.472275, -0.4603]
[0.6215, -0.123793, -0.179774, 0.485934, -0.495815]
[0.627927, 0.217174, 0.487408, 0.492769, -0.483514]
[0.657098, -0.18109, -0.158526, 0.463103, -0.452122]
[0.607353, 0.027893, -0.443818, 0.473004, -0.460226]
[0.602549, 0.115255, -0.009485, 0.475665, -0.457211]
[0.611158, 0.276116, -0.025174, 0.496386, -0.4586]
[0.666402, -0.45538, 0.174562, 0.452949, -0.4584]
[0.672143, -0.41794, -0.106079, 0.483908, -0.454332]
[0.668878, -0.090996, 0.234657, 0.454254, -0.49384]
[0.669546, -0.13845, -0.116614, 0.495151, -0.481813]
[0.620667, -0.439697, 0.021432, 0.489575, -0.48379]
[0.671713, 0.406459, -0.269663, 0.487501, -0.489634]
[0.62755, 0.408926, -0.191414, 0.484217, -0.480914]
[0.648143, -0.080643, -0.42623, 0.472722, -0.469918]
[0.678872, 0.037856, 0.133589, 0.464311, -0.451417]
[0.6056, 0.450709, -0.180377, 0.465499, -0.450211]
[0.616681, 0.464171, -0.288369, 0.470469, -0.480184]
[0.611345, -0.277344, 0.169782, 0.459038, -0.452801]
[0.655999, -0.194596, 0.209069, 0.489605, -0.471581]
[0.620592, 0.059378, -0.179941, 0.476899, -0.468864]
[0.672391, -0.193989, -0.284273, 0.456318, -0.473076]
[0.606801, 0.325547, 0.293321, 0.46046, -0.450548]
[0.666942, 0.265559, 0.415878, 0.454076, -0.499156]
[0.631888, -0.450919, -0.431615, 0.489298, -0.465509]
[0.644322, -0.044696, 0.468653, 0.485334, -0.481412]
[0.641592, 0.174199, -0.127211, 0.467596, -0.498044]
[0.6668, 0.044087, -0.008857, 0.476427, -0.463832]
[0.665936, -0.452343, -0.426793, 0.458017, -0.451434]
[0.61055, 0.062413, -0.424897, 0.451817, -0.479248]
[0.619005, -0.174729, -0.432355, 0.463816, -0.468948]
[0.61162, -0.195512, 0.153078, 0.480377, -0.48818]
[0.631454, 0.268822, -0.316765, 0.458311, -0.485586]
[0.646761, 0.404304, -0.32239, 0.482608, -0.489913]
[0.650948, -0.091969, 0.337551, 0.45452, -0.488467]
[0.659843, 0.165984, 0.145107, 0.476428, -0.473626]
[0.637213, 0.385148, -0.157867, 0.471594, -0.462895]
[0.678609, -0.023623, 0.435055, 0.493175, -0.494329]
[0.636917, 0.110802, -0.022666, 0.470446, -0.495129]
[0.61, 0.287403, 0.300927, 0.475839, -0.491782]
[0.647452, -0.377588, -0.061382, 0.481673, -0.469092]
[0.649984, -0.089989, 0.297484, 0.473956, -0.482628]
[0.626221, -0.237956, 0.13012, 0.49656, -0.499863]
[0.627594, 0.443679, 0.419451, 0.46495, -0.467935]
[0.617339, -0.384926, -0.063009, 0.497252, -0.460316]
[0.672763, -0.127585, -0.045842, 0.479336, -0.461344]
[0.616662, 0.424631, 0.062258, 0.464455, -0.490552]
[0.643388, 0.156858, 0.152881, 0.484503, -0.461062]
[0.655315, 0.070563, 0.055566, 0.474396, -0.475349]
[0.61353, 0.076423, -0.090772, 0.488657, -0.465986]
[0.620884, 0.086558, 0.449148, 0.463284, -0.476921]
[0.622973, -0.382725, -0.443225, 0.495169, -0.472311]
[0.662692, -0.164514, 0.170747, 0.486171, -0.476193]
[0.626984, -0.087514, -0.365303, 0.479915, -0.486869]
[0.616706, 0.196273, 0.367188, 0.464073, -0.489194]
[0.60776, -0.456136, -0.458223, 0.453544, -0.455625]
[0.606452, -0.001288, 0.179654, 0.465152, -0.499686]
[0.613221, -0.405866, -0.056843, 0.49912, -0.453791]
[0.674781, -0.443982, -0.061717, 0.454175, -0.472181]
[0.601721, 0.367302, 0.317406, 0.450574, -0.453569]
[0.610078, 0.066673, -0.248901, 0.482221, -0.46382]
[0.600612, -0.386846, -0.11431, 0.466888, -0.481107]
[0.600138, 0.404252, 0.441996, 0.47773, -0.496269]
[0.607116, 0.326101, -0.267595, 0.487089, -0.49298]
[0.633453, -0.337011, -0.202457, 0.467017, -0.457183]
[0.662655, 0.117284, 0.309485, 0.472611, -0.484294]
[0.66948, 0.480391, -0.06953, 0.458318, -0.472279]
[0.629355, 0.147185, -0.012743, 0.452047, -0.470639]
[0.612398, 0.182256, -0.060548, 0.462528, -0.460491]
[0.627472, 0.216993, 0.386115, 0.493016, -0.494981]
[0.636245, -0.123108, 0.375502, 0.46091, -0.486035]
[0.679816, 0.068156, 0.129432, 0.49373, -0.46987]
[0.625386, 0.04023, 0.288495, 0.474286, -0.46653]
[0.60774, 0.466857, 0.112476, 0.477351, -0.456935]
[0.662188, -0.239496, 0.487591, 0.468764, -0.451181]
[0.663388, -0.035754, 0.073281, 0.482885, -0.487924]
[0.619834, -0.336897, 0.314313, 0.498293, -0.479583]
[0.641935, 0.290363, 0.332264, 0.490371, -0.467126]
[0.607823, -0.492702, 0.3804, 0.48319, -0.496256]
[0.624207, -0.011867, -0.360722, 0.480593, -0.489583]
[0.624419, -0.018537, -0.359406, 0.479449, -0.489317]
[0.624523, -0.017868, -0.360338, 0.480445, -0.489438]
[0.6243, -0.015525, -0.359762, 0.480513, -0.489491]
[0.62458, -0.020745, -0.356654, 0.4807, -0.489355]
[0.624608, -0.015876, -0.363969, 0.480854, -0.489584]
[0.624233, -0.012907, -0.361818, 0.479738, -0.489337]
[0.624127, -0.018677, -0.36406, 0.480569, -0.489458]
[0.624257, -0.016379, -0.363713, 0.481007, -0.489381]
[0.624432, -0.020931, -0.362346, 0.480233, -0.489433]
[0.624026, -0.017646, -0.364472, 0.47948, -0.489408]
[0.624609, -0.021071, -0.36509, 0.479964, -0.489573]
[0.624189, -0.018709, -0.357203, 0.480462, -0.489587]
[0.624375, -0.017046, -0.357296, 0.480671, -0.489463]
[0.624218, -0.020155, -0.356598, 0.479579, -0.489337]
[0.624212, -0.016278, -0.358813, 0.480891, -0.489511]
[0.624327, -0.018987, -0.364385, 0.480475, -0.489361]
[0.624654, -0.012627, -0.360485, 0.480493, -0.489426]
[0.624406, -0.015759, -0.360369, 0.480008, -0.489438]
[0.623877, -0.016221, -0.361501, 0.480631, -0.489359]
[0.624193, -0.019954, -0.359049, 0.479782, -0.48945]
[0.624373, -0.020241, -0.358489, 0.480453, -0.489342]
[0.623827, -0.01935, -0.359047, 0.480503, -0.489531]
[0.624001, -0.012062, -0.362533, 0.480247, -0.489427]
[0.623941, -0.018801, -0.35812, 0.480387, -0.489591]
[0.624148, -0.018457, -0.358894, 0.479716, -0.489346]
[0.624667, -0.017363, -0.359542, 0.479712, -0.489528]
[0.62408, -0.02046, -0.360394, 0.480573, -0.489512]
[0.623943, -0.019213, -0.359314, 0.480888, -0.489534]
[0.623925, -0.012864, -0.364424, 0.480922, -0.489526]
[0.624268, -0.012059, -0.357934, 0.479624, -0.489556]
[0.624476, -0.01599, -0.359608, 0.479771, -0.489443]
[0.624598, -0.018564, -0.363789, 0.480366, -0.489547]
[0.624008, -0.015688, -0.365099, 0.480706, -0.489362]
[0.623939, -0.018147, -0.362542, 0.480795, -0.489452]
[0.624284, -0.01679, -0.363794, 0.480164, -0.489556]
[0.624288, -0.016338, -0.358797, 0.480502, -0.489467]
[0.624505, -0.018612, -0.362209, 0.480426, -0.489429]
[0.624563, -0.021019, -0.358221, 0.480021, -0.489383]
[0.624266, -0.017713, -0.363984, 0.479631, -0.489324]
[0.623865, -0.016415, -0.361192, 0.480813, -0.489356]
[0.624593, -0.017453, -0.363228, 0.480989, -0.489436]
[0.624425, -0.015869, -0.360158, 0.480641, -0.489485]
[0.62445, -0.013131, -0.357037, 0.480207, -0.489581]
[0.62381, -0.013336, -0.356887, 0.480747, -0.489485]
[0.624651, -0.019004, -0.364485, 0.480561, -0.489545]
[0.624615, -0.016347, -0.358522, 0.480421, -0.489449]
[0.624211, -0.013525, -0.360797, 0.480166, -0.489487]
[0.623965, -0.01263, -0.357811, 0.480568, -0.489587]
[0.624592, -0.013148, -0.35778, 0.480352, -0.489322]
[0.624122, -0.0204, -0.361492, 0.480307, -0.489537]
[0.624272, -0.018031, -0.361011, 0.48019, -0.489352]
[0.673597, -0.272219, -0.248483, 0.48044, -0.499058]
[0.637392, 0.345584, -0.31481, 0.496109, -0.476607]
[0.628278, -0.285867, -0.364086, 0.459529, -0.460472]
[0.632689, -0.334529, 0.249999, 0.483008, -0.49505]
[0.603634, -0.416727, 0.126052, 0.473086, -0.453094]
[0.668756, 0.154705, -0.448141, 0.473527, -0.490244]
[0.616764, -0.198762, 0.309316, 0.491926, -0.497563]
[0.618006, 0.389364, -0.137551, 0.495929, -0.473383]
[0.658745, 0.07672, 0.131675, 0.498555, -0.461709]
[0.675212, 0.255663, 0.440439, 0.48448, -0.462233]
[0.676435, -0.499864, 0.329313, 0.463447, -0.47651]
[0.615876, -0.168665, 0.457923, 0.491929, -0.466794]
[0.621973, 0.249179, -0.094039, 0.471463, -0.471937]
[0.64964, -0.119435, -0.014794, 0.467676, -0.453637]
[0.671473, -0.007758, -0.178712, 0.463801, -0.491711]
[0.648139, -0.268911, -0.17747, 0.495498, -0.461768]
[0.603309, -0.272409, 0.372811, 0.479814, -0.466718]
[0.650272, -0.448565, -0.313213, 0.472947, -0.456669]
[0.645992, -0.407849, -0.03841, 0.464757, -0.469711]
[0.606266, 0.426997, -0.007226, 0.484477, -0.474122]
[0.658954, -0.059823, -0.051791, 0.474633, -0.472503]
[0.656386, 0.407714, -0.170847, 0.46653, -0.479903]
[0.613529, -0.168415, -0.371752, 0.496589, -0.460985]
[0.65061, -0.287936, 0.38929, 0.45088, -0.488197]
[0.671034, -0.073492, 0.470672, 0.467585, -0.466039]
[0.601466, 0.339031, 0.331307, 0.46652, -0.469044]
[0.665739, -0.132984, -0.115841, 0.491145, -0.465179]
[0.641937, -0.315727, -0.313693, 0.479618, -0.487189]
[0.629593, 0.409721, -0.009261, 0.488477, -0.490441]
[0.64839, 0.081867, -0.128328, 0.459616, -0.460254]
[0.674143, -0.061575, -0.288165, 0.485319, -0.473093]
[0.646331, 0.30116, -0.364842, 0.494133, -0.494207]
[0.614139, 0.187067, 0.388783, 0.482349, -0.457644]
[0.673279, 0.011826, -0.28589, 0.483363, -0.451587]
[0.635004, 0.406731, -0.169164, 0.489744, -0.480146]
[0.60045, -0.394067, 0.038122, 0.493095, -0.491112]
[0.655018, -0.046638, -0.489452, 0.471172, -0.498966]
[0.637436, 0.077121, 0.176843, 0.459856, -0.470202]
[0.604521, 0.053351, 0.077331, 0.485283, -0.466064]
[0.607913, -0.039452, 0.058569, 0.499727, -0.454623]
[0.672451, -0.345632, -0.246255, 0.478693, -0.49071]
[0.678235, 0.437452, -0.493967, 0.496285, -0.473153]
[0.630803, -0.295236, 0.394796, 0.473519, -0.493547]
[0.640725, -0.050198, -0.022534, 0.480786, -0.492668]
[0.672634, -0.065114, -0.354893, 0.484011, -0.476489]
[0.64894, -0.214071, 0.189039, 0.461911, -0.48778]
[0.628157, 0.422328, 0.341221, 0.458642, -0.483685]
[0.641164, -0.011931, -0.07432, 0.468739, -0.455106]
[0.639529, -0.37139, -0.2128, 0.463254, -0.492404]
[0.609702, 0.325802, 0.445499, 0.499623, -0.48661]
[0.645001, -0.260684, -0.009397, 0.484137, -0.459122]
[0.612526, -0.450456, -0.369079, 0.450345, -0.453848]
[0.628274, 0.215033, -0.164676, 0.457195, -0.473156]
[0.611161, 0.223819, -0.168545, 0.462673, -0.471519]
[0.61367, 0.284004, 0.445684, 0.453969, -0.453204]
[0.613328, 0.458818, 0.246009, 0.473423, -0.459961]
[0.638648, 0.412831, 0.12381, 0.489379, -0.475725]
[0.644888, 0.080158, 0.389571, 0.463817, -0.494161]
[0.673858, 0.326184, -0.035384, 0.494494, -0.466132]
[0.610992, 0.1286, 0.347499, 0.491208, -0.488595]
[0.637151, -0.011461, -0.064218, 0.474235, -0.489206]
[0.623409, -0.388777, 0.450187, 0.468223, -0.481243]
[0.607329, 0.278547, -0.138507, 0.49065, -0.454494]
[0.619558, -0.162902, 0.29152, 0.454655, -0.464284]
[0.672235, -0.478819, 0.282422, 0.472726, -0.479701]
[0.609186, 0.169115, -0.013618, 0.490676, -0.485612]
[0.622191, -0.457774, 0.353345, 0.455257, -0.461991]
[0.615389, 0.479506, -0.289536, 0.474316, -0.495551]
[0.623652, -0.121677, -0.135884, 0.480572, -0.460468]
[0.600787, -0.25373, -0.484894, 0.494702, -0.485237]
[0.609596, 0.133507, -0.473316, 0.481041, -0.491772]
[0.602378, 0.226399, -0.066206, 0.49617, -0.486587]
[0.621347, 0.101515, 0.349657, 0.493606, -0.45411]
[0.67832, 0.36487, -0.277048, 0.450539, -0.454628]
[0.600213, -0.352933, -0.233542, 0.474063, -0.49674]
[0.673003, 0.288798, 0.098681, 0.464535, -0.46216]
[0.649585, 0.277532, 0.068369, 0.462008, -0.457243]
[0.602953, -0.498517, 0.285761, 0.497941, -0.499471]
[0.672982, -0.218839, 0.356036, 0.488798, -0.454411]
[0.615472, 0.187931, 0.091349, 0.482627, -0.451463]
[0.636778, -0.126334, -0.008387, 0.49452, -0.48131]
[0.668769, -0.453732, -0.121312, 0.491288, -0.459584]
[0.664276, 0.153802, -0.249044, 0.47891, -0.462665]
[0.633489, 0.02059, -0.415345, 0.480454, -0.453806]
[0.636444, -0.163278, -0.396053, 0.497935, -0.472986]
[0.606898, 0.295673, -0.448043, 0.459089, -0.462631]
[0.668256, 0.055765, -0.03933, 0.463001, -0.478023]
[0.654591, 0.47297, -0.364638, 0.464014, -0.471884]
[0.6138, 0.497891, -0.010454, 0.490141, -0.47701]
[0.6658, 0.151332, 0.338594, 0.488177, -0.475926]
[0.677715, 0.056523, 0.454538, 0.478291, -0.494134]
[0.64345, -0.334438, -0.375121, 0.470597, -0.472324]
[0.674124, -0.365515, -0.238154, 0.469758, -0.461649]
[0.668477, -0.357033, -0.304967, 0.485649, -0.456615]
[0.648692, 0.323768, -0.068944, 0.495702, -0.46319]
[0.662694, -0.304871, -0.387418, 0.498347, -0.497377]
[0.664035, 0.480914, 0.498986, 0.460696, -0.48887]
[0.672912, 0.476517, -0.092768, 0.485461, -0.457685]
[0.634331, 0.129669, 0.460238, 0.461001, -0.473258]
[0.646451, -0.134556, 0.286478, 0.483165, -0.452075]
[0.604935, -0.356475, -0.348008, 0.479614, -0.474467]
[0.604101, 0.292136, -0.177307, 0.459243, -0.460687]
[0.638325, -0.479941, -0.439605, 0.499046, -0.48627]
[0.614302, -0.494282, 0.074559, 0.476891, -0.499565]
[0.616381, -0.291619, 0.488702, 0.452454, -0.450439]
[0.631348, 0.463288, 0.32652, 0.460929, -0.45607]
[0.637458, -0.196234, 0.394197, 0.488204, -0.481825]
[0.635288, 0.497156, 0.328407, 0.452837, -0.459142]
[0.626428, -0.398546, -0.386589, 0.45799, -0.466961]
[0.660094, 0.053168, 0.405637, 0.483043, -0.462865]
[0.624027, -0.42453, 0.182267, 0.45079, -0.459085]
[0.627992, 0.091815, 0.366403, 0.486326, -0.450629]
[0.67658, 0.197563, -0.392625, 0.487224, -0.492353]
[0.651524, -0.384267, 0.075703, 0.453957, -0.480042]
[0.673955, 0.209379, 0.214106, 0.494961, -0.45265]
[0.624982, -0.464758, -0.022186, 0.469777, -0.464412]
[0.651599, 0.166734, 0.200381, 0.494503, -0.483801]
[0.643686, 0.458499, -0.014609, 0.492528, -0.471496]
[0.633699, -0.28512, -0.318612, 0.468696, -0.499147]
[0.621142, -0.239951, 0.43507, 0.484485, -0.454732]
[0.665761, -0.060497, 0.270797, 0.493259, -0.450303]
[0.640621, -0.268774, -0.363606, 0.462259, -0.495872]
[0.633797, -0.339375, 0.486289, 0.482497, -0.491338]
[0.61557, -0.446963, 0.139507, 0.468206, -0.475136]
[0.649965, -0.130965, 0.362637, 0.455392, -0.467012]
[0.637544, 0.431354, -0.262768, 0.450835, -0.481505]
[0.66328, 0.183129, -0.336874, 0.47864, -0.491559]
[0.647468, -0.154524, -0.030077, 0.467115, -0.482595]
[0.641832, 0.306043, 0.034952, 0.463185, -0.476151]
[0.642119, -0.255025, -0.207742, 0.492515, -0.455791]
[0.603882, 0.414787, -0.208498, 0.453314, -0.462638]
[0.620782, 0.400581, 0.246146, 0.490224, -0.464317]
[0.619347, 0.072073, -0.071234, 0.469544, -0.456597]
[0.604765, 0.284674, 0.338563, 0.490343, -0.460166]
[0.641255, -0.280874, -0.252981, 0.464794, -0.460063]
[0.612963, 0.134631, 0.209517, 0.499348, -0.496001]
[0.606414, 0.29892, -0.164054, 0.458653, -0.493508]
[0.644503, -0.05529, 0.233876, 0.461927, -0.493662]
[0.647472, 0.383619, 0.357196, 0.457579, -0.492054]
[0.646185, 0.487523, -0.364343, 0.482084, -0.468414]
[0.615221, 0.013521, -0.153815, 0.458478, -0.45092]
[0.643034, 0.439226, -0.342943, 0.480478, -0.474559]
[0.635117, -0.04216, 0.275634, 0.481574, -0.47168]
[0.66381, 0.073048, -0.331842, 0.493322, -0.460678]
[0.643181, -0.34665, -0.392818, 0.467933, -0.491039]
[0.627902, 0.196546, -0.345637, 0.470293, -0.483919]
[0.62458, 0.387996, -0.157211, 0.482977, -0.491665]
[0.631223, -0.098888, -0.200892, 0.492186, -0.495057]
[0.653983, 0.077185, -0.212697, 0.487509, -0.496953]
[0.614699, -0.343763, -0.264598, 0.487337, -0.488675]
[0.673337, -0.000547, -0.296509, 0.483387, -0.451243]
[0.6733, -0.000173, -0.279726, 0.483308, -0.451551]
[0.673335, 0.000414, -0.272273, 0.483311, -0.451422]
[0.673305, 0.008235, -0.271552, 0.483332, -0.451207]
[0.67333, 0.006699, -0.283305, 0.48338, -0.451489]
[0.67326, 0.011549, -0.299623, 0.483307, -0.451756]
[0.673251, 0.001223, -0.264047, 0.483398, -0.451522]
[0.673381, 0.007811, -0.287271, 0.483319, -0.451716]
[0.673252, 0.008867, -0.29407, 0.483371, -0.451201]
[0.673355, 0.00895, -0.282978, 0.483303, -0.451779]
[0.673309, 0.000498, -0.278623, 0.483348, -0.451289]
[0.673254, 0.006291, -0.274052, 0.483383, -0.451552]
[0.673321, 0.011422, -0.273871, 0.483303, -0.451231]
[0.673352, 0.005854, -0.28216, 0.4833, -0.451414]
[0.673336, 0.004666, -0.283147, 0.48336, -0.451362]
[0.673372, 0.006638, -0.294902, 0.48336, -0.451203]
[0.673273, 0.007385, -0.278592, 0.483296, -0.451762]
[0.673335, 0.010061, -0.277434, 0.483336, -0.451464]
[0.673252, 0.009523, -0.299666, 0.483336, -0.451784]
[0.67327, -0.000318, -0.287891, 0.483318, -0.45126]
[0.673414, 0.00711, -0.273315, 0.483408, -0.45152]
[0.673244, 0.007648, -0.280339, 0.483369, -0.451641]
[0.673409, 0.003596, -0.265852, 0.483324, -0.451051]
[0.673347, -0.000789, -0.283019, 0.483362, -0.451789]
[0.673308, 0.008135, -0.264327, 0.483352, -0.451715]
[0.673365, 0.011054, -0.271496, 0.483397, -0.451767]
[0.673327, 0.004684, -0.302454, 0.483363, -0.451174]
[0.673374, 0.00874, -0.271821, 0.483309, -0.451256]
[0.673351, 0.007042, -0.294885, 0.483286, -0.451058]
[0.673297, 0.000617, -0.294187, 0.483377, -0.451216]
[0.673354, 0.004099, -0.285069, 0.483351, -0.451579]
[0.673396, -0.000631, -0.282284, 0.483336, -0.451468]
[0.673359, 0.011877, -0.263306, 0.483331, -0.451105]
[0.673292, -0.000646, -0.293937, 0.483304, -0.451332]
[0.67339, 0.006668, -0.292476, 0.483342, -0.451087]
[0.673279, 0.006303, -0.296699, 0.483346, -0.451535]
[0.673346, 0.005908, -0.280408, 0.483405, -0.451351]
[0.673288, 0.012671, -0.279682, 0.483313, -0.45166]
[0.673289, -0.000397, -0.266609, 0.483297, -0.451125]
[0.673285, 0.001335, -0.267677, 0.483316, -0.451327]
[0.673334, 0.010421, -0.300177, 0.483348, -0.451612]
[0.673293, 0.011022, -0.285591, 0.483312, -0.451619]
[0.673415, 0.009768, -0.281825, 0.483296, -0.451624]
[0.673366, 0.001541, -0.292568, 0.483381, -0.451434]
[0.673355, 0.003892, -0.268725, 0.483387, -0.451445]
[0.6733, 0.000545, -0.286018, 0.48337, -0.451739]
[0.673375, 0.005854, -0.29446, 0.483336, -0.451318]
[0.67331, 0.001406, -0.283896, 0.483272, -0.451768]
[0.673354, 0.006054, -0.302364, 0.483314, -0.45141]
[0.673331, 0.010912, -0.268996, 0.48339, -0.451028]
[0.673394, 0.010599, -0.284226, 0.483353, -0.451394]
[0.67327, 0.002844, -0.265878, 0.483377, -0.451103]
[0.67337, 0.002083, -0.288458, 0.483333, -0.451486]
[0.673285, 0.000615, -0.280755, 0.483278, -0.451396]
[0.673377, 0.008085, -0.285489, 0.483376, -0.451706]
[0.673251, 0.006662, -0.295246, 0.483361, -0.451487]
[0.673335, 0.005594, -0.293869, 0.483287, -0.451141]
[0.673332, 0.007363, -0.266342, 0.483309, -0.451201]
[0.673407, 0.006473, -0.301071, 0.48329, -0.451672]
[0.673321, 0.009548, -0.283032, 0.483356, -0.451648]
[0.673368, 0.007804, -0.287618, 0.483287, -0.451623]
[0.67327, -0.000667, -0.278603, 0.483407, -0.451494]
[0.673339, 0.011265, -0.275236, 0.483303, -0.451388]
[0.673311, 0.002423, -0.28663, 0.483273, -0.451104]
[0.673306, 0.00808, -0.288181, 0.483402, -0.451183]
[0.673366, 0.00191, -0.284859, 0.483277, -0.45112]
[0.673407, 0.011405, -0.273818, 0.483302, -0.451508]
[0.67334, 0.003376, -0.27124, 0.483379, -0.451309]
[0.673299, 0.009916, -0.284756, 0.483337, -0.451763]
[0.673407, 0.010087, -0.278706, 0.483319, -0.451468]
[0.673403, 0.001528, -0.272253, 0.483344, -0.451451]
[0.673253, 0.013003, -0.27542, 0.483307, -0.451188]
[0.673372, 0.007944, -0.294987, 0.483387, -0.451131]
[0.673275, 0.001531, -0.269165, 0.48335, -0.451048]
[0.673377, 0.011766, -0.288486, 0.483399, -0.45153]
[0.673402, 0.012731, -0.269255, 0.483373, -0.451322]
[0.6734, -0.000663, -0.29416, 0.483386, -0.451289]
[0.673278, 0.011766, -0.290047, 0.483386, -0.45157]
[0.673357, 0.005863, -0.290945, 0.483294, -0.451219]
[0.673271, 0.003461, -0.276744, 0.483386, -0.451734]
[0.673258, 0.004031, -0.262964, 0.483326, -0.451609]
[0.673385, 0.010072, -0.269556, 0.483293, -0.45141]
[0.67339, 0.00456, -0.271402, 0.483336, -0.451388]
[0.673377, 0.009602, -0.278102, 0.483397, -0.451695]
[0.673375, 0.008048, -0.272436, 0.483328, -0.451076]
[0.673418, 0.008593, -0.280362, 0.483408, -0.451709]
[0.673351, 0.001836, -0.266045, 0.483307, -0.451124]
[0.673361, 0.004529, -0.27441, 0.483311, -0.451178]
[0.673395, 0.002242, -0.286151, 0.483315, -0.45148]
[0.673343, 0.007701, -0.27193, 0.48332, -0.451239]
[0.673399, 0.007271, -0.297786, 0.483277, -0.451089]
[0.673354, 0.004808, -0.295834, 0.483354, -0.451128]
[0.673336, 0.01193, -0.277234, 0.483328, -0.451073]
[0.673326, 0.012843, -0.293912, 0.483327, -0.451149]
[0.673295, 0.005683, -0.292991, 0.483379, -0.451349]
[0.673279, 0.005126, -0.279154, 0.483379, -0.451309]
[0.673277, 0.010051, -0.293558, 0.483369, -0.451349]
[0.673353, 0.004126, -0.298543, 0.483377, -0.451389]
[0.673336, 0.001413, -0.296612, 0.483282, -0.451585]
[0.673318, 0.00598, -0.266331, 0.483288, -0.451131]
[0.673364, 0.002215, -0.266266, 0.483276, -0.451187]
[0.673387, -0.000415, -0.297585, 0.483394, -0.451348]
[0.673257, 0.002159, -0.288748, 0.483374, -0.451728]
[0.673293, 0.002398, -0.301385, 0.483314, -0.451785]
[0.673298, 0.002679, -0.294267, 0.483288, -0.45115]
[0.673339, 0.006147, -0.297032, 0.483394, -0.451782]
[0.673411, 0.011871, -0.274684, 0.483325, -0.45151]
[0.673291, 0.003521, -0.266211, 0.483384, -0.451462]
[0.673335, 0.002462, -0.266467, 0.483308, -0.451586]
[0.673303, 0.007938, -0.291654, 0.483348, -0.451103]
[0.673385, 0.009887, -0.289769, 0.483314, -0.451325]
[0.673369, 0.009196, -0.279438, 0.483373, -0.451486]
[0.673332, 0.010885, -0.294522, 0.483364, -0.451438]
[0.673262, 0.0112, -0.303377, 0.483286, -0.451179]
[0.6733, 0.011049, -0.298182, 0.483353, -0.451408]
[0.673313, -0.000675, -0.290596, 0.48327, -0.4516]
[0.673382, 0.004084, -0.290131, 0.483387, -0.451467]
[0.673364, 0.01337, -0.280519, 0.483363, -0.451124]
[0.673311, 0.009236, -0.29706, 0.483313, -0.451328]
[0.673359, 0.000835, -0.294442, 0.48331, -0.451165]
[0.67334, 0.013205, -0.28528, 0.483343, -0.4516]
[0.673285, 0.011008, -0.293054, 0.483274, -0.451355]
[0.673297, 0.013138, -0.30171, 0.48328, -0.451432]
[0.673341, 0.012874, -0.297492, 0.483377, -0.451076]
[0.673342, 0.012033, -0.29347, 0.483392, -0.451264]
[0.673268, 0.004556, -0.265131, 0.483358, -0.451766]
[0.673254, 0.012789, -0.270524, 0.483401, -0.451474]
[0.673307, 0.007858, -0.267392, 0.48338, -0.451168]
[0.673305, 0.011941, -0.294559, 0.483289, -0.451298]
[0.673249, 0.006303, -0.294557, 0.483311, -0.451343]
[0.67338, 0.013403, -0.288963, 0.483308, -0.451126]
[0.673271, 0.011439, -0.276794, 0.483371, -0.451447]
[0.673256, 0.004069, -0.288988, 0.483406, -0.451743]
[0.673352, 0.013354, -0.299833, 0.483305, -0.451608]
[0.673351, 0.008962, -0.266512, 0.483357, -0.451402]
[0.673414, 0.007671, -0.291781, 0.483328, -0.4517]
[0.673326, 0.006782, -0.274589, 0.483384, -0.451194]
[0.673306, 0.005746, -0.271225, 0.48333, -0.451122]
[0.6734, 0.009103, -0.278048, 0.483297, -0.451276]
[0.673409, 0.003253, -0.280129, 0.48329, -0.451402]
[0.673319, 0.010346, -0.267784, 0.483306, -0.451245]
[0.673365, 0.006001, -0.285232, 0.483404, -0.451083]
[0.673268, 0.006466, -0.286206, 0.483403, -0.451328]
[0.673324, 0.005458, -0.302833, 0.483327, -0.451367]
[0.673346, 0.011759, -0.293689, 0.483367, -0.451276]
[0.673275, 0.003194, -0.297997, 0.483365, -0.451298]
[0.673396, 0.012202, -0.291764, 0.483369, -0.45128]
[0.67337, 0.010268, -0.277338, 0.483287, -0.451483]
[0.673342, 0.01145, -0.281681, 0.483327, -0.451757]
[0.673367, 0.006924, -0.293957, 0.483286, -0.451728]
[0.673259, 0.003819, -0.263073, 0.483326, -0.451609]
[0.673259, 0.003867, -0.262997, 0.483326, -0.451605]
[0.673259, 0.003893, -0.263057, 0.483326, -0.451607]
[0.673258, 0.004005, -0.263015, 0.483326, -0.451605]
[0.673258, 0.003836, -0.262979, 0.483326, -0.451608]
[0.673259, 0.00399, -0.263105, 0.483326, -0.451609]
[0.673259, 0.003805, -0.263001, 0.483326, -0.451608]
[0.673259, 0.003922, -0.263004, 0.483326, -0.451606]
[0.673258, 0.004007, -0.262973, 0.483326, -0.451607]
[0.673259, 0.003828, -0.26303, 0.483326, -0.451608]
[0.673258, 0.003869, -0.263081, 0.483326, -0.451608]
[0.673258, 0.003819, -0.262987, 0.483326, -0.451608]
[0.673259, 0.003894, -0.263091, 0.483326, -0.451608]
[0.673259, 0.003959, -0.263074, 0.483326, -0.451606]
[0.673258, 0.003901, -0.263012, 0.483326, -0.451609]
[0.673259, 0.003957, -0.26299, 0.483326, -0.451606]
[0.673259, 0.003965, -0.262966, 0.483326, -0.451608]
[0.673259, 0.003851, -0.263035, 0.483326, -0.451606]
[0.673258, 0.003954, -0.263103, 0.483326, -0.451605]
[0.673258, 0.004001, -0.262997, 0.483326, -0.451605]
[0.673259, 0.003888, -0.262974, 0.483326, -0.451609]
[0.673259, 0.003905, -0.263043, 0.483326, -0.451607]
[0.673258, 0.003905, -0.263049, 0.483326, -0.451607]
[0.673259, 0.004029, -0.262982, 0.483326, -0.451606]
[0.673259, 0.003893, -0.263078, 0.483326, -0.451608]
[0.673259, 0.003969, -0.263076, 0.483326, -0.451606]
[0.673258, 0.003956, -0.262982, 0.483326, -0.451606]
[0.673258, 0.003804, -0.262987, 0.483326, -0.451606]
[0.673259, 0.003847, -0.263004, 0.483326, -0.451606]
[0.673258, 0.003933, -0.262998, 0.483326, -0.45161]
[0.673259, 0.004038, -0.262977, 0.483326, -0.451606]
[0.673259, 0.003998, -0.263074, 0.483326, -0.451607]
[0.673258, 0.003875, -0.263058, 0.483326, -0.451608]
[0.673258, 0.003948, -0.262976, 0.483326, -0.451607]
[0.673258, 0.003989, -0.262959, 0.483326, -0.451607]
[0.673259, 0.003976, -0.263052, 0.483326, -0.451608]
[0.673258, 0.003878, -0.262973, 0.483326, -0.451608]
[0.673258, 0.003922, -0.262998, 0.483326, -0.451606]
[0.673258, 0.003899, -0.263052, 0.483326, -0.451607]
[0.673259, 0.003927, -0.263089, 0.483326, -0.451607]
[0.673259, 0.003849, -0.262966, 0.483326, -0.451608]
[0.673258, 0.004029, -0.263068, 0.483326, -0.451606]
[0.673258, 0.003818, -0.263017, 0.483326, -0.451607]
[0.673259, 0.003906, -0.262992, 0.483326, -0.451607]
[0.673258, 0.004012, -0.263035, 0.483326, -0.451608]
[0.673259, 0.003919, -0.263043, 0.483326, -0.451606]
[0.673258, 0.004036, -0.263091, 0.483326, -0.451607]
[0.673259, 0.00389, -0.262967, 0.483326, -0.451608]
[0.673259, 0.003854, -0.263028, 0.483326, -0.451605]
[0.673258, 0.00383, -0.263032, 0.483326, -0.451607]
[0.673258, 0.003886, -0.262965, 0.483326, -0.451609]
[0.673258, 0.004014, -0.263086, 0.483326, -0.45161]
[0.673258, 0.003991, -0.263042, 0.483326, -0.451606]
[0.673259, 0.003899, -0.26311, 0.483326, -0.451605]
[0.673258, 0.003959, -0.262958, 0.483326, -0.451606]
[0.673258, 0.003982, -0.262987, 0.483326, -0.451609]
[0.673258, 0.004034, -0.263087, 0.483326, -0.451606]
[0.673259, 0.00401, -0.263042, 0.483326, -0.451605]
[0.673259, 0.003938, -0.263031, 0.483326, -0.451609]
[0.673259, 0.004013, -0.263049, 0.483326, -0.451607]
[0.673258, 0.003932, -0.263066, 0.483326, -0.451606]
[0.673259, 0.00399, -0.263074, 0.483326, -0.451608]
[0.673258, 0.004016, -0.263079, 0.483326, -0.451607]
[0.673258, 0.003885, -0.263055, 0.483326, -0.451608]
[0.673258, 0.004024, -0.262984, 0.483326, -0.45161]
[0.673258, 0.003999, -0.263082, 0.483326, -0.451609]
[0.673258, 0.004032, -0.263057, 0.483326, -0.451609]
[0.673258, 0.003875, -0.262981, 0.483326, -0.451606]
[0.673259, 0.00401, -0.263077, 0.483326, -0.451608]
[0.673258, 0.003847, -0.263093, 0.483326, -0.451608]
[0.673259, 0.003841, -0.263035, 0.483326, -0.451608]
[0.673259, 0.003946, -0.263, 0.483326, -0.451606]
[0.673259, 0.004012, -0.262969, 0.483326, -0.451606]
[0.673259, 0.003805, -0.263013, 0.483326, -0.451606]
[0.673259, 0.003925, -0.26307, 0.483326, -0.451608]
[0.673258, 0.003906, -0.263028, 0.483326, -0.45161]
[0.673258, 0.003977, -0.263043, 0.483326, -0.451607]
[0.673258, 0.004001, -0.263042, 0.483326, -0.451607]
[0.673258, 0.003891, -0.263065, 0.483326, -0.451609]
[0.673258, 0.003921, -0.263099, 0.483326, -0.451607]
[0.673259, 0.003977, -0.263041, 0.483326, -0.451608]
[0.673259, 0.003828, -0.262979, 0.483326, -0.451609]
[0.673259, 0.003994, -0.263109, 0.483326, -0.45161]
[0.673258, 0.004016, -0.263097, 0.483326, -0.451607]
[0.673258, 0.00394, -0.263057, 0.483326, -0.451609]
[0.673258, 0.003803, -0.263061, 0.483326, -0.451609]
[0.673259, 0.003987, -0.263063, 0.483326, -0.451606]
[0.673259, 0.003867, -0.263012, 0.483326, -0.451605]
[0.673258, 0.003972, -0.263024, 0.483326, -0.451609]
[0.673258, 0.003869, -0.263016, 0.483326, -0.451607]
[0.673259, 0.003916, -0.262966, 0.483326, -0.451608]
[0.673259, 0.004001, -0.263072, 0.483326, -0.451607]
[0.673258, 0.003991, -0.263005, 0.483326, -0.451609]
[0.673258, 0.003982, -0.26306, 0.483326, -0.451609]
[0.673259, 0.004006, -0.262982, 0.483326, -0.45161]
[0.673259, 0.003991, -0.263025, 0.483326, -0.451606]
[0.673259, 0.003809, -0.263091, 0.483326, -0.451608]
[0.673259, 0.00394, -0.263017, 0.483326, -0.451606]
[0.673258, 0.004011, -0.263018, 0.483326, -0.45161]
[0.673258, 0.003938, -0.262962, 0.483326, -0.451608]
[0.673259, 0.003983, -0.263097, 0.483326, -0.451607]
[0.673259, 0.00394, -0.262961, 0.483326, -0.451608]
[0.673259, 0.003953, -0.263044, 0.483326, -0.451609]
[0.673259, 0.003803, -0.263027, 0.483326, -0.451606]
[0.673259, 0.003932, -0.263062, 0.483326, -0.451605]
[0.673259, 0.003814, -0.263087, 0.483326, -0.451607]
[0.673258, 0.003921, -0.263042, 0.483326, -0.451606]
[0.673258, 0.003888, -0.263005, 0.483326, -0.451609]
[0.673259, 0.003891, -0.263082, 0.483326, -0.451606]
[0.673259, 0.003852, -0.263079, 0.483326, -0.451609]
[0.673258, 0.003806, -0.263069, 0.483326, -0.451608]
[0.673259, 0.003946, -0.262958, 0.483326, -0.45161]
[0.673259, 0.003852, -0.262987, 0.483326, -0.451608]
[0.673258, 0.003977, -0.262991, 0.483326, -0.451608]
[0.673259, 0.003897, -0.262991, 0.483326, -0.451608]
[0.673259, 0.003901, -0.262962, 0.483326, -0.451608]
[0.673259, 0.004005, -0.263006, 0.483326, -0.45161]
[0.673259, 0.004021, -0.263095, 0.483326, -0.45161]
[0.673258, 0.003826, -0.262968, 0.483326, -0.45161]
[0.673258, 0.003897, -0.263053, 0.483326, -0.451609]
[0.673259, 0.003863, -0.262987, 0.483326, -0.451605]
[0.673258, 0.003839, -0.263004, 0.483326, -0.451608]
[0.673259, 0.003883, -0.263058, 0.483326, -0.451607]
[0.673258, 0.003963, -0.262979, 0.483326, -0.451609]
[0.673259, 0.003949, -0.263071, 0.483326, -0.451607]
[0.673258, 0.003879, -0.26305, 0.483326, -0.451607]
[0.673259, 0.003995, -0.263039, 0.483326, -0.451609]
[0.673258, 0.004033, -0.263092, 0.483326, -0.451605]
[0.673259, 0.003929, -0.263051, 0.483326, -0.451607]
[0.673259, 0.003922, -0.262994, 0.483326, -0.451606]
[0.673258, 0.003986, -0.26297, 0.483326, -0.451608]
[0.673259, 0.00403, -0.262965, 0.483326, -0.451608]
[0.673258, 0.003818, -0.262988, 0.483326, -0.451606]
[0.673259, 0.003967, -0.262994, 0.483326, -0.451609]
[0.673258, 0.003968, -0.263038, 0.483326, -0.451607]
[0.673258, 0.003839, -0.262988, 0.483326, -0.451608]
[0.673259, 0.003864, -0.262995, 0.483326, -0.451608]
[0.673259, 0.003847, -0.263008, 0.483326, -0.451609]
[0.673259, 0.003945, -0.263041, 0.483326, -0.451606]
[0.673258, 0.003933, -0.263082, 0.483326, -0.451608]
[0.673259, 0.003976, -0.263, 0.483326, -0.45161]
[0.673258, 0.003942, -0.263019, 0.483326, -0.451605]
[0.673259, 0.004003, -0.263092, 0.483326, -0.451609]
[0.673258, 0.003956, -0.263089, 0.483326, -0.451609]
[0.673258, 0.003911, -0.26299, 0.483326, -0.451606]
[0.673259, 0.003825, -0.263016, 0.483326, -0.451605]
[0.673258, 0.004035, -0.263028, 0.483326, -0.451609]
[0.673258, 0.004025, -0.263095, 0.483326, -0.451606]
[0.673259, 0.00381, -0.263024, 0.483326, -0.451609]
[0.673258, 0.003923, -0.263061, 0.483326, -0.451609]
[0.673258, 0.003826, -0.262967, 0.483326, -0.45161]
[0.673258, 0.003826, -0.262969, 0.483326, -0.45161]
[0.673258, 0.003827, -0.262969, 0.483326, -0.45161]
[0.673258, 0.003825, -0.262968, 0.483326, -0.45161]
[0.673258, 0.003827, -0.262967, 0.483326, -0.45161]
[0.673258, 0.003827, -0.262968, 0.483326, -0.45161]
[0.673258, 0.003825, -0.262967, 0.483326, -0.45161]
[0.673258, 0.003825, -0.262969, 0.483326, -0.45161]
