Status: violated
Adversarial inputs found:
  [0.635729, 0.004786, -0.413208, 0.460536, -0.495444]
  [0.63651, 0.002507, -0.416065, 0.460427, -0.495278]
  [0.635726, 0.005123, -0.413506, 0.460503, -0.495349]
  [0.635725, 0.006006, -0.419367, 0.460446, -0.495458]
  [0.636647, 0.004883, -0.4181, 0.460402, -0.495396]
  [0.636626, 0.006962, -0.413987, 0.460422, -0.495418]
  [0.63615, 0.004071, -0.41573, 0.460466, -0.495332]
  [0.636053, 0.001283, -0.418019, 0.460487, -0.495526]
  [0.636662, 0.002991, -0.41492, 0.460474, -0.495528]
  [0.636571, 0.003718, -0.414968, 0.460489, -0.495321]
  [0.635713, 0.002188, -0.414639, 0.460457, -0.495228]
  [0.635984, 0.005904, -0.41986, 0.460426, -0.495253]
  [0.63623, 0.001061, -0.416546, 0.46051, -0.495489]
  [0.636002, 0.001831, -0.413869, 0.460469, -0.495387]
  [0.635879, 0.003126, -0.419213, 0.460411, -0.495432]
  [0.636026, 0.00295, -0.412731, 0.460475, -0.495329]
  [0.636416, 0.003459, -0.414033, 0.460499, -0.495374]
  [0.635723, 0.002331, -0.412703, 0.46053, -0.495413]
  [0.635723, 0.000667, -0.418535, 0.460494, -0.495401]
  [0.63666, 0.001148, -0.418998, 0.460426, -0.495512]
  [0.635882, 0.004088, -0.416479, 0.46042, -0.495258]
  [0.636404, 0.002137, -0.412976, 0.460467, -0.495499]
  [0.635977, 0.004213, -0.414186, 0.460403, -0.495508]
  [0.635962, 0.007043, -0.415613, 0.460463, -0.495465]
  [0.636134, 0.00213, -0.414354, 0.460438, -0.49552]
  [0.636188, 0.004959, -0.413255, 0.460442, -0.495493]
  [0.63595, 0.003789, -0.419432, 0.460537, -0.495486]
  [0.635875, 0.002614, -0.415596, 0.460447, -0.495402]
  [0.636655, 0.003486, -0.41326, 0.460411, -0.495445]
  [0.635954, 0.000218, -0.415086, 0.46053, -0.4953]
  [0.636239, 0.00393, -0.419428, 0.460513, -0.495226]
  [0.635909, 0.005962, -0.417896, 0.460457, -0.495325]
  [0.636408, 0.000415, -0.41624, 0.46052, -0.495417]
  [0.635897, 0.006152, -0.415421, 0.4605, -0.495283]
  [0.635775, 0.005827, -0.418433, 0.460503, -0.49554]
  [0.63636, 0.003132, -0.418527, 0.460427, -0.495318]
  [0.635956, 0.006019, -0.413923, 0.460482, -0.495484]
  [0.636364, 0.003764, -0.417965, 0.46051, -0.495287]
  [0.635919, 0.001922, -0.412997, 0.4605, -0.495482]
  [0.636562, 0.006652, -0.41801, 0.460455, -0.495527]
  [0.636441, 0.004498, -0.416587, 0.46041, -0.495408]
  [0.635763, 0.006843, -0.414152, 0.460424, -0.495374]
  [0.635977, 0.000516, -0.41931, 0.460472, -0.49552]
  [0.636148, 0.004271, -0.415036, 0.460406, -0.495226]
  [0.636384, 0.003617, -0.416764, 0.460404, -0.495515]
  [0.636082, 0.002678, -0.415942, 0.460418, -0.495381]
  [0.636659, 0.003399, -0.419702, 0.460506, -0.495508]
  [0.636333, 0.00453, -0.414748, 0.460476, -0.495376]
  [0.636403, 0.005168, -0.414023, 0.46046, -0.495404]
  [0.63651, 0.008865, -0.414391, 0.460433, -0.49553]
  [0.636679, 0.003237, -0.417906, 0.460535, -0.495273]
  [0.636072, 0.006789, -0.414556, 0.460478, -0.495522]
  [0.635835, 0.004972, -0.415033, 0.460457, -0.495232]
  [0.636579, 0.006206, -0.417465, 0.460467, -0.495556]
  [0.635792, 0.001222, -0.414849, 0.460452, -0.495363]
  [0.636353, 0.003439, -0.419801, 0.460423, -0.49536]
  [0.63623, 0.005048, -0.418801, 0.460507, -0.49554]
  [0.636695, 0.002541, -0.412732, 0.460451, -0.495294]
  [0.63605, 0.001116, -0.418955, 0.460451, -0.495353]
  [0.636042, 0.001979, -0.412561, 0.460516, -0.495483]
  [0.636523, 0.00544, -0.412605, 0.460492, -0.495272]
  [0.636228, 0.004716, -0.416338, 0.460458, -0.495536]
  [0.636239, 0.003127, -0.415568, 0.460513, -0.495453]
  [0.636219, 0.003711, -0.418056, 0.460504, -0.49525]
  [0.636646, 0.003238, -0.413242, 0.460462, -0.495521]
  [0.635806, 0.004866, -0.417627, 0.460426, -0.495532]
  [0.636129, 0.005595, -0.41492, 0.460436, -0.495436]
  [0.635974, 0.005985, -0.41718, 0.460456, -0.495277]
  [0.635958, 0.003109, -0.417262, 0.460495, -0.495396]
  [0.636672, 0.00249, -0.417548, 0.460514, -0.495517]
  [0.635824, 0.00405, -0.418267, 0.460456, -0.495257]
  [0.635854, 0.009329, -0.41783, 0.460455, -0.495231]
  [0.636241, 0.001357, -0.417851, 0.460475, -0.495272]
  [0.636449, 0.001551, -0.417731, 0.460532, -0.495244]
  [0.636662, 0.002177, -0.416468, 0.460481, -0.495469]
  [0.636589, 0.005163, -0.415399, 0.460417, -0.495554]
  [0.635908, 0.001255, -0.413269, 0.460429, -0.495505]
  [0.636104, 0.00043, -0.414487, 0.460489, -0.495273]
  [0.635708, 0.005952, -0.415849, 0.46053, -0.495244]
  [0.635948, 0.004111, -0.413626, 0.460422, -0.495323]
  [0.636681, 0.00453, -0.419014, 0.460458, -0.495348]
  [0.636698, 0.00239, -0.41746, 0.460519, -0.495522]
  [0.636682, 0.002485, -0.417523, 0.460514, -0.495532]
  [0.636687, 0.002492, -0.417531, 0.46052, -0.495527]
  [0.636716, 0.00242, -0.417448, 0.46052, -0.495519]
  [0.63671, 0.002457, -0.417454, 0.460519, -0.495531]
  [0.636706, 0.002464, -0.417477, 0.460514, -0.495527]
  [0.636672, 0.002479, -0.417472, 0.46052, -0.495531]
  [0.63668, 0.002481, -0.417444, 0.460518, -0.495529]
  [0.636696, 0.002398, -0.417445, 0.460518, -0.495526]
  [0.63667, 0.002491, -0.417537, 0.460517, -0.495518]
  [0.636673, 0.002484, -0.417462, 0.460515, -0.495533]
  [0.636717, 0.002457, -0.417483, 0.460515, -0.495522]
  [0.636697, 0.002439, -0.417515, 0.460517, -0.495528]
  [0.636676, 0.002411, -0.417462, 0.460518, -0.495517]
  [0.63668, 0.002405, -0.417444, 0.460513, -0.495523]
  [0.636721, 0.002452, -0.417467, 0.460518, -0.495527]
  [0.636708, 0.00239, -0.417544, 0.460517, -0.495521]
  [0.636717, 0.002507, -0.417455, 0.460514, -0.495529]
  [0.636691, 0.002439, -0.417445, 0.46052, -0.495521]
  [0.6367, 0.002454, -0.417473, 0.460516, -0.495528]
  [0.636679, 0.002472, -0.417523, 0.460514, -0.495531]
  [0.6367, 0.002412, -0.417511, 0.460519, -0.495521]
  [0.636706, 0.002389, -0.417509, 0.460517, -0.49552]
  [0.636721, 0.002443, -0.417542, 0.460519, -0.495527]
  [0.636692, 0.002457, -0.417455, 0.460519, -0.495517]
  [0.636718, 0.002459, -0.417547, 0.460516, -0.495519]
  [0.636701, 0.002429, -0.417517, 0.460515, -0.495525]
  [0.636719, 0.002391, -0.417545, 0.460518, -0.495526]
  [0.636701, 0.002398, -0.417525, 0.460514, -0.49552]
  [0.636688, 0.002432, -0.417445, 0.46052, -0.49553]
  [0.636697, 0.002469, -0.417494, 0.460514, -0.495525]
  [0.63667, 0.002446, -0.417484, 0.460515, -0.495524]
  [0.636707, 0.002398, -0.417474, 0.460516, -0.495524]
  [0.636691, 0.002468, -0.417468, 0.460519, -0.495531]
  [0.636693, 0.002432, -0.417457, 0.460516, -0.495519]
  [0.636678, 0.00241, -0.41753, 0.460516, -0.495528]
  [0.636701, 0.002447, -0.417448, 0.460516, -0.495532]
  [0.636684, 0.002506, -0.417447, 0.460518, -0.495522]
  [0.636689, 0.002504, -0.417512, 0.460519, -0.495533]
  [0.636699, 0.002506, -0.417457, 0.460519, -0.495519]
  [0.636671, 0.002404, -0.417478, 0.460516, -0.495529]
  [0.636679, 0.002498, -0.417502, 0.460515, -0.495526]
  [0.636713, 0.002406, -0.417539, 0.460519, -0.49553]
  [0.636721, 0.002498, -0.417474, 0.460518, -0.495528]
  [0.636682, 0.002453, -0.417533, 0.460515, -0.495518]
  [0.636695, 0.002402, -0.417516, 0.460516, -0.495523]
  [0.636678, 0.002445, -0.417522, 0.460517, -0.495518]
  [0.636672, 0.002473, -0.41749, 0.460518, -0.495525]
  [0.636699, 0.002481, -0.417515, 0.460514, -0.495519]
  [0.636687, 0.00242, -0.417475, 0.460516, -0.495526]
  [0.636675, 0.002432, -0.417541, 0.460516, -0.495518]
  [0.636675, 0.00248, -0.417478, 0.460515, -0.495524]
  [0.636715, 0.002467, -0.417496, 0.460518, -0.495518]
  [0.636701, 0.002412, -0.417469, 0.460517, -0.495531]
  [0.636715, 0.002387, -0.417476, 0.460516, -0.49552]
  [0.636689, 0.002426, -0.417488, 0.460514, -0.495529]
  [0.63672, 0.0024, -0.417448, 0.460516, -0.495529]
  [0.636689, 0.002428, -0.417455, 0.46052, -0.495532]
  [0.636694, 0.0024, -0.417441, 0.460516, -0.495523]
  [0.636701, 0.002489, -0.417504, 0.460514, -0.495518]
  [0.636704, 0.002387, -0.417496, 0.460516, -0.495526]
  [0.636675, 0.002399, -0.417524, 0.460515, -0.495524]
  [0.636709, 0.002495, -0.417454, 0.460514, -0.495517]
  [0.63669, 0.002412, -0.417446, 0.460518, -0.495524]
  [0.636698, 0.002454, -0.41751, 0.460517, -0.49553]
  [0.636677, 0.002418, -0.417445, 0.460518, -0.495529]
  [0.636715, 0.002468, -0.417462, 0.460518, -0.495529]
  [0.636714, 0.002394, -0.417522, 0.460519, -0.495517]
  [0.636697, 0.002471, -0.417525, 0.460516, -0.495527]
  [0.636678, 0.002399, -0.417439, 0.460516, -0.495531]
  [0.636693, 0.002458, -0.417457, 0.460519, -0.495518]
  [0.636702, 0.002502, -0.417443, 0.460515, -0.495525]
  [0.636692, 0.002397, -0.417531, 0.460517, -0.495526]
  [0.636685, 0.00246, -0.417522, 0.46052, -0.49553]
  [0.636669, 0.002394, -0.417529, 0.460515, -0.495522]
  [0.636684, 0.002467, -0.417532, 0.460514, -0.495518]
  [0.636673, 0.002443, -0.417439, 0.460516, -0.495528]
  [0.636709, 0.00242, -0.417466, 0.460517, -0.495522]
  [0.636674, 0.00247, -0.417522, 0.460516, -0.495524]
  [0.636679, 0.00243, -0.417504, 0.460517, -0.495532]
  [0.636679, 0.002408, -0.417468, 0.460515, -0.495521]
  [0.636694, 0.002409, -0.417444, 0.460515, -0.495518]
  [0.636687, 0.002436, -0.417491, 0.460514, -0.495531]
  [0.636714, 0.002473, -0.417545, 0.460517, -0.495518]
  [0.636722, 0.002491, -0.417459, 0.460515, -0.49553]
  [0.636688, 0.002439, -0.4175, 0.460519, -0.495521]
  [0.636676, 0.002391, -0.417442, 0.460515, -0.495525]
  [0.63667, 0.002408, -0.417439, 0.460517, -0.495529]
  [0.636676, 0.002441, -0.417506, 0.460518, -0.495521]
  [0.636703, 0.00242, -0.417518, 0.460516, -0.495527]
  [0.636683, 0.002478, -0.417442, 0.460515, -0.49553]
  [0.636691, 0.00246, -0.41754, 0.460519, -0.495532]
  [0.636684, 0.002468, -0.417464, 0.460514, -0.495532]
  [0.636695, 0.002499, -0.417548, 0.460513, -0.495525]
  [0.636714, 0.002388, -0.417523, 0.460514, -0.495532]
  [0.636719, 0.002403, -0.417505, 0.460516, -0.495524]
  [0.636705, 0.002434, -0.41749, 0.460514, -0.495518]
  [0.636719, 0.002463, -0.417524, 0.460514, -0.495526]
  [0.63671, 0.002437, -0.41751, 0.460514, -0.49552]
  [0.636697, 0.00246, -0.41745, 0.460513, -0.495523]
  [0.636721, 0.002396, -0.417442, 0.460514, -0.495529]
  [0.636704, 0.002484, -0.417454, 0.460515, -0.495529]
  [0.636686, 0.00244, -0.417529, 0.460519, -0.495527]
  [0.636715, 0.002506, -0.417494, 0.460514, -0.495525]
  [0.636706, 0.002451, -0.417521, 0.460514, -0.495524]
  [0.636712, 0.002472, -0.417505, 0.460514, -0.495532]
  [0.636679, 0.002431, -0.417518, 0.460519, -0.495518]
  [0.636714, 0.0024, -0.417468, 0.460513, -0.49553]
  [0.636704, 0.002444, -0.417485, 0.46052, -0.495522]
  [0.636672, 0.002446, -0.417489, 0.460515, -0.495525]
  [0.636699, 0.002434, -0.417483, 0.460518, -0.495521]
  [0.636686, 0.002469, -0.417454, 0.460517, -0.495528]
  [0.636721, 0.002398, -0.417472, 0.460519, -0.495524]
  [0.636684, 0.002499, -0.417547, 0.460518, -0.49552]
  [0.636668, 0.002448, -0.417533, 0.460517, -0.495529]
  [0.636699, 0.002402, -0.417536, 0.460514, -0.495519]
  [0.636683, 0.002422, -0.417533, 0.46052, -0.495531]
  [0.636679, 0.002506, -0.417533, 0.460515, -0.49552]
  [0.636678, 0.002455, -0.417451, 0.460519, -0.495529]
  [0.636714, 0.00244, -0.417485, 0.460515, -0.495522]
  [0.636671, 0.00239, -0.417494, 0.460519, -0.495525]
  [0.636712, 0.00248, -0.417441, 0.460517, -0.495532]
  [0.636685, 0.002506, -0.417471, 0.460517, -0.495527]
  [0.636691, 0.002503, -0.417445, 0.460514, -0.495522]
  [0.63668, 0.002493, -0.417539, 0.460515, -0.495522]
  [0.636679, 0.002389, -0.417536, 0.46052, -0.49553]
  [0.6367, 0.002449, -0.417491, 0.460517, -0.495524]
  [0.636721, 0.0024, -0.417488, 0.460513, -0.495521]
  [0.636678, 0.002403, -0.4175, 0.460513, -0.495524]
  [0.636713, 0.002388, -0.417444, 0.460519, -0.49552]
  [0.63668, 0.002391, -0.417455, 0.46052, -0.49552]
  [0.636711, 0.002416, -0.417439, 0.460513, -0.495521]
  [0.636685, 0.002429, -0.417474, 0.460514, -0.495525]
  [0.636721, 0.002461, -0.417517, 0.460514, -0.495532]
  [0.636704, 0.002479, -0.41753, 0.460518, -0.495525]
  [0.636708, 0.002443, -0.417544, 0.460519, -0.495532]
  [0.636681, 0.002501, -0.41754, 0.460515, -0.495519]
  [0.63668, 0.002489, -0.417536, 0.460516, -0.495524]
  [0.636703, 0.002453, -0.417533, 0.460518, -0.495523]
  [0.636704, 0.002503, -0.417508, 0.46052, -0.495522]
  [0.636676, 0.002443, -0.417531, 0.460515, -0.495527]
  [0.636714, 0.002398, -0.417483, 0.460517, -0.495532]
  [0.6367, 0.002503, -0.417522, 0.460517, -0.495526]
  [0.636716, 0.002388, -0.417523, 0.460516, -0.495532]
  [0.636693, 0.002472, -0.417496, 0.460516, -0.495533]
  [0.636671, 0.002472, -0.417479, 0.460519, -0.495525]
  [0.636688, 0.002422, -0.417495, 0.460518, -0.495529]
  [0.63672, 0.00245, -0.417515, 0.460518, -0.495524]
  [0.636714, 0.002502, -0.417489, 0.460513, -0.495531]
  [0.636684, 0.002452, -0.41754, 0.460519, -0.495527]
  [0.636717, 0.002388, -0.417522, 0.460516, -0.495532]
  [0.636717, 0.002388, -0.417523, 0.460516, -0.495532]
  [0.636716, 0.002389, -0.417522, 0.460516, -0.495532]
  [0.636717, 0.002389, -0.417521, 0.460516, -0.495532]
  [0.636717, 0.002389, -0.417522, 0.460516, -0.495532]
  [0.636717, 0.002388, -0.417521, 0.460516, -0.495532]
  [0.636717, 0.002389, -0.417523, 0.460516, -0.495532]
  [0.636716, 0.002388, -0.417521, 0.460516, -0.495532]
  [0.636716, 0.002388, -0.417522, 0.460516, -0.495532]
  [0.636716, 0.002389, -0.417523, 0.460516, -0.495532]
  [0.636716, 0.002389, -0.417521, 0.460516, -0.495532]
  [0.672799, -0.000441, -0.497924, 0.496629, -0.495673]
  [0.672614, -0.004088, -0.494796, 0.498174, -0.495568]
  [0.67266, -0.019633, -0.487836, 0.497549, -0.495784]
  [0.672847, -0.015558, -0.492541, 0.49694, -0.495745]
  [0.67267, -0.002329, -0.490432, 0.499402, -0.495788]
  [0.672762, -0.008975, -0.498909, 0.499084, -0.495714]
  [0.672767, -0.008801, -0.49239, 0.497396, -0.495621]
  [0.672849, -0.005902, -0.494616, 0.498558, -0.495702]
  [0.672854, 0.001837, -0.491479, 0.49785, -0.4958]
  [0.672423, -0.017096, -0.494181, 0.499395, -0.495597]
  [0.672283, -0.014943, -0.491808, 0.496942, -0.495716]
  [0.672881, -0.014084, -0.497672, 0.497644, -0.495436]
  [0.672344, -0.013665, -0.493173, 0.497758, -0.495764]
  [0.672245, -0.02025, -0.494482, 0.499276, -0.495619]
  [0.672641, 0.00123, -0.499828, 0.499894, -0.495765]
  [0.672255, -0.004889, -0.496378, 0.498876, -0.495664]
  [0.672796, 0.000989, -0.497063, 0.498454, -0.495692]
  [0.67255, -0.011152, -0.486505, 0.498231, -0.495772]
  [0.6726, -0.008548, -0.492624, 0.49723, -0.495546]
  [0.672264, -0.010869, -0.489107, 0.499987, -0.495678]
  [0.672391, -0.015367, -0.494699, 0.499521, -0.495487]
  [0.672209, -0.019575, -0.489468, 0.497159, -0.495757]
  [0.672846, -0.013536, -0.488099, 0.497211, -0.495494]
  [0.672331, -0.022626, -0.494889, 0.499332, -0.495746]
  [0.672905, -0.012643, -0.493433, 0.498542, -0.495453]
  [0.672531, -0.013886, -0.486684, 0.498646, -0.495579]
  [0.672749, -0.005235, -0.497776, 0.499072, -0.495594]
  [0.672213, 0.000881, -0.487507, 0.498191, -0.49574]
  [0.672395, -0.023936, -0.492989, 0.499664, -0.49549]
  [0.672862, -0.016778, -0.49728, 0.497191, -0.495421]
  [0.672221, -0.000908, -0.495523, 0.499977, -0.495726]
  [0.672805, -0.005429, -0.498677, 0.498714, -0.495687]
  [0.672566, -0.010858, -0.49463, 0.496916, -0.495502]
  [0.672803, -0.017008, -0.489575, 0.498637, -0.495705]
  [0.672728, -0.01989, -0.49323, 0.499436, -0.495538]
  [0.672259, -0.015644, -0.485639, 0.499962, -0.495577]
  [0.672498, -0.018091, -0.486878, 0.49828, -0.495672]
  [0.672697, -0.020092, -0.489926, 0.49804, -0.495547]
  [0.672336, -0.007649, -0.490361, 0.499926, -0.495606]
  [0.672797, -0.007544, -0.487102, 0.499849, -0.49542]
  [0.67277, -0.024543, -0.498795, 0.497143, -0.495434]
  [0.672872, -0.013233, -0.486368, 0.497895, -0.495666]
  [0.672838, -0.019343, -0.490734, 0.498598, -0.49555]
  [0.672272, -0.011049, -0.496653, 0.499533, -0.49572]
  [0.672346, -0.020055, -0.487885, 0.49698, -0.495516]
  [0.672894, -0.005449, -0.497832, 0.496841, -0.495629]
  [0.672511, -0.00645, -0.491692, 0.498844, -0.495669]
  [0.672784, -0.02018, -0.486185, 0.497357, -0.495644]
  [0.672804, -0.017834, -0.491734, 0.497116, -0.495744]
  [0.672802, -0.009011, -0.491427, 0.496942, -0.495541]
  [0.672461, 0.002589, -0.498365, 0.496734, -0.495586]
  [0.672358, 0.001225, -0.493139, 0.499004, -0.495722]
  [0.672199, -0.003437, -0.497324, 0.498813, -0.495628]
  [0.672821, 0.000536, -0.492464, 0.497594, -0.495495]
  [0.672297, 0.000277, -0.487115, 0.497396, -0.495518]
  [0.672719, -0.01729, -0.493388, 0.49766, -0.495534]
  [0.672648, -0.007627, -0.492519, 0.49813, -0.495648]
  [0.672693, -0.02276, -0.493777, 0.499226, -0.495662]
  [0.672353, -0.007373, -0.499354, 0.498357, -0.495553]
  [0.672345, -0.01741, -0.489105, 0.497634, -0.49575]
  [0.672805, -0.021724, -0.490569, 0.49888, -0.495718]
  [0.672735, -0.016913, -0.486408, 0.498767, -0.495678]
  [0.672846, 0.000415, -0.498216, 0.499329, -0.495728]
  [0.672283, -0.019788, -0.490208, 0.498328, -0.495708]
  [0.672231, -0.007417, -0.488418, 0.498068, -0.495472]
  [0.672645, 0.000676, -0.492481, 0.498479, -0.495686]
  [0.672528, -0.017884, -0.489735, 0.497635, -0.495796]
  [0.672345, -0.012695, -0.491318, 0.497889, -0.495769]
  [0.672187, -0.006966, -0.493015, 0.498235, -0.495526]
  [0.672676, 0.001003, -0.49601, 0.49792, -0.495773]
  [0.672494, 0.002108, -0.491276, 0.49816, -0.495578]
  [0.672712, -0.008906, -0.488417, 0.498289, -0.495773]
  [0.672522, -0.001406, -0.488495, 0.496858, -0.495405]
  [0.672288, -0.010296, -0.498012, 0.49889, -0.495671]
  [0.672705, -0.004726, -0.494058, 0.499147, -0.495493]
  [0.672629, -0.005256, -0.493769, 0.499381, -0.495449]
  [0.67218, -0.001342, -0.497461, 0.4994, -0.495448]
  [0.672465, -0.022626, -0.495327, 0.49862, -0.495649]
  [0.672803, -0.024476, -0.496673, 0.497279, -0.495756]
  [0.672891, -0.007613, -0.491741, 0.499854, -0.495549]
  [0.672833, -0.01241, -0.49142, 0.49757, -0.495798]
  [0.67218, -0.000592, -0.497572, 0.499398, -0.495434]
  [0.672179, -0.000791, -0.497467, 0.499398, -0.495439]
  [0.672178, -8.4e-05, -0.497461, 0.499398, -0.495441]
  [0.672181, -0.000555, -0.497538, 0.4994, -0.495407]
  [0.672179, -0.000874, -0.497592, 0.4994, -0.495408]
  [0.67218, -0.000441, -0.497516, 0.499397, -0.495422]
  [0.67218, 0.000285, -0.497474, 0.499398, -0.495437]
  [0.672178, -0.000279, -0.497498, 0.499399, -0.495414]
  [0.672178, 0.000154, -0.497497, 0.499398, -0.495412]
  [0.672178, -0.000131, -0.49753, 0.499399, -0.495425]
  [0.672181, -0.000537, -0.497598, 0.499399, -0.495421]
  [0.672179, -0.000885, -0.497523, 0.499397, -0.495433]
  [0.672181, -0.000897, -0.497503, 0.499396, -0.495419]
  [0.672179, 0.000102, -0.497503, 0.499398, -0.495434]
  [0.67218, 0.000147, -0.497483, 0.499397, -0.495416]
  [0.672181, 0.000289, -0.497467, 0.499397, -0.495442]
  [0.672181, -0.001175, -0.497456, 0.499397, -0.495423]
  [0.672181, -0.000158, -0.497554, 0.4994, -0.495406]
  [0.672177, 0.000157, -0.497595, 0.4994, -0.495442]
  [0.672178, 0.000219, -0.49754, 0.4994, -0.495445]
  [0.672182, -0.000431, -0.497542, 0.4994, -0.495438]
  [0.67218, -5.8e-05, -0.497521, 0.499396, -0.495405]
  [0.672177, -0.001302, -0.497473, 0.499399, -0.495425]
  [0.672181, -0.000409, -0.497584, 0.4994, -0.495411]
  [0.67218, -0.000252, -0.497506, 0.499397, -0.495434]
  [0.672179, 0.000283, -0.497536, 0.499399, -0.495444]
  [0.672177, -0.000489, -0.497485, 0.499397, -0.495448]
  [0.672181, -0.001355, -0.497566, 0.499396, -0.495425]
  [0.672181, -0.000169, -0.497493, 0.499399, -0.495408]
  [0.672181, -0.000632, -0.49757, 0.4994, -0.495428]
  [0.672182, 0.000206, -0.49752, 0.499396, -0.495443]
  [0.672178, -0.000315, -0.497509, 0.499398, -0.495406]
  [0.672181, -0.000533, -0.497582, 0.499399, -0.495422]
  [0.672181, -0.000702, -0.497527, 0.499399, -0.495436]
  [0.672182, -5.7e-05, -0.497541, 0.499399, -0.495445]
  [0.67218, -0.00127, -0.497466, 0.499397, -0.495406]
  [0.672177, 0.000104, -0.497523, 0.499397, -0.495433]
  [0.672181, -5.3e-05, -0.497591, 0.499398, -0.495408]
  [0.672181, -0.000401, -0.497583, 0.499399, -0.495428]
  [0.672182, 0.00036, -0.497491, 0.499399, -0.495422]
  [0.672179, -0.000847, -0.497459, 0.4994, -0.495426]
  [0.672181, -0.000384, -0.49757, 0.499397, -0.495422]
  [0.672182, -0.000176, -0.497574, 0.499399, -0.495438]
  [0.672177, -0.000759, -0.497496, 0.499399, -0.495405]
  [0.67218, -0.000333, -0.497589, 0.499397, -0.495432]
  [0.67218, -0.000469, -0.497552, 0.499396, -0.495443]
  [0.672178, 0.000274, -0.497513, 0.499396, -0.495429]
  [0.67218, -0.000303, -0.497572, 0.499396, -0.495436]
  [0.67218, -8.4e-05, -0.497563, 0.499398, -0.495441]
  [0.672178, -0.000349, -0.497578, 0.499397, -0.495435]
  [0.672182, -0.001157, -0.497551, 0.499397, -0.495409]
  [0.67218, -0.000808, -0.497585, 0.499397, -0.495449]
  [0.67218, 0.000233, -0.497479, 0.499398, -0.495446]
  [0.67218, -0.001106, -0.49751, 0.499397, -0.495417]
  [0.672178, 0.000106, -0.497523, 0.499399, -0.495421]
  [0.67218, 0.000167, -0.497513, 0.4994, -0.495427]
  [0.672178, -0.001118, -0.49749, 0.499397, -0.495423]
  [0.672177, -0.000317, -0.497526, 0.499398, -0.495436]
  [0.672182, -0.000496, -0.497546, 0.499397, -0.495435]
  [0.672179, -0.000305, -0.497544, 0.499396, -0.495437]
  [0.672181, -0.001083, -0.497468, 0.4994, -0.495441]
  [0.672178, -0.000991, -0.497525, 0.499397, -0.495444]
  [0.672182, -0.001307, -0.497571, 0.499396, -0.495406]
  [0.672181, -0.000201, -0.497595, 0.4994, -0.495405]
  [0.672181, -0.000626, -0.497482, 0.499397, -0.495444]
  [0.672181, 0.00036, -0.497576, 0.499398, -0.495415]
  [0.672181, 0.00019, -0.497496, 0.499399, -0.495411]
  [0.672179, 0.000209, -0.497512, 0.499396, -0.495424]
  [0.672182, -0.0003, -0.497543, 0.499397, -0.495407]
  [0.672178, -0.001046, -0.497497, 0.499399, -0.495405]
  [0.67218, -0.000343, -0.497604, 0.499398, -0.495436]
  [0.672179, -0.000285, -0.497465, 0.499399, -0.495412]
  [0.672178, -0.000246, -0.497594, 0.499399, -0.495419]
  [0.672178, -0.000633, -0.497529, 0.499398, -0.495411]
  [0.672181, -0.000651, -0.497471, 0.4994, -0.495445]
  [0.672178, 3e-06, -0.497472, 0.499398, -0.495438]
  [0.672181, -0.000776, -0.497596, 0.499398, -0.495417]
  [0.672178, -0.001118, -0.49756, 0.499396, -0.495415]
  [0.672181, -0.000627, -0.497539, 0.4994, -0.495416]
  [0.672178, -0.00022, -0.497514, 0.4994, -0.495422]
  [0.672181, 0.000224, -0.497574, 0.499398, -0.495426]
  [0.672181, -0.000439, -0.497565, 0.499396, -0.495431]
  [0.672181, -0.000732, -0.497494, 0.4994, -0.495439]
  [0.67218, -0.001108, -0.497501, 0.499399, -0.495422]
  [0.672179, 0.000213, -0.497504, 0.4994, -0.495447]
  [0.672179, -0.000548, -0.49749, 0.499398, -0.495433]
  [0.67218, -9.6e-05, -0.497512, 0.499398, -0.495439]
  [0.672181, -0.001156, -0.497543, 0.499397, -0.495431]
  [0.67218, -0.001002, -0.497549, 0.499398, -0.495434]
  [0.67218, -0.001269, -0.497573, 0.499398, -0.495433]
  [0.67218, -0.001148, -0.49757, 0.499399, -0.495434]
  [0.672177, -0.001312, -0.497535, 0.499397, -0.495437]
  [0.67218, -0.001287, -0.497532, 0.499396, -0.495446]
  [0.672179, -0.001261, -0.497508, 0.499397, -0.495428]
  [0.672177, -0.000259, -0.497565, 0.499398, -0.495419]
  [0.672182, 0.000305, -0.497516, 0.499397, -0.495418]
  [0.672178, 0.000247, -0.497541, 0.4994, -0.49542]
  [0.672182, -0.00116, -0.49746, 0.499399, -0.495416]
  [0.672181, -0.00115, -0.497494, 0.499396, -0.495411]
  [0.67218, -0.000481, -0.497531, 0.499399, -0.49542]
  [0.67218, -0.001207, -0.497571, 0.499399, -0.495433]
  [0.672177, -0.001004, -0.497514, 0.499397, -0.495434]
  [0.672181, -0.001372, -0.497497, 0.499398, -0.495419]
  [0.672181, 5.5e-05, -0.497507, 0.499398, -0.495447]
  [0.67218, -5.5e-05, -0.497521, 0.499398, -0.495449]
  [0.67218, 0.000283, -0.497498, 0.499399, -0.495446]
  [0.672179, 0.000164, -0.497528, 0.499398, -0.495412]
  [0.672178, -0.000905, -0.497492, 0.499396, -0.495447]
  [0.672178, 4.1e-05, -0.497565, 0.4994, -0.495447]
  [0.672178, -0.001074, -0.497589, 0.499398, -0.495434]
  [0.672181, -0.000951, -0.497501, 0.4994, -0.495436]
  [0.67218, 6.9e-05, -0.497486, 0.499396, -0.495404]
  [0.672179, 1.3e-05, -0.497531, 0.499397, -0.495435]
  [0.672179, 0.000164, -0.497596, 0.499397, -0.495433]
  [0.672178, -0.00017, -0.497586, 0.4994, -0.495426]
  [0.672181, 0.000306, -0.497602, 0.499398, -0.495417]
  [0.672182, -0.000504, -0.497463, 0.499398, -0.49542]
  [0.672177, -0.00041, -0.497532, 0.499397, -0.49543]
  [0.672178, -0.000824, -0.497546, 0.499396, -0.495447]
  [0.672181, -0.000263, -0.497491, 0.499398, -0.495437]
  [0.672181, -0.000938, -0.49752, 0.499399, -0.495443]
  [0.672177, -0.001218, -0.497486, 0.499397, -0.495448]
  [0.672177, -0.001294, -0.497588, 0.499397, -0.495444]
  [0.672181, -0.000119, -0.49752, 0.499397, -0.495432]
  [0.672177, -0.000463, -0.497474, 0.499397, -0.495433]
  [0.672179, -0.001324, -0.497476, 0.499399, -0.495445]
  [0.67218, -0.001179, -0.497528, 0.499398, -0.495411]
  [0.672179, -5.3e-05, -0.49749, 0.499396, -0.495443]
  [0.672181, -0.000786, -0.49746, 0.4994, -0.495424]
  [0.672178, 0.000301, -0.49752, 0.499398, -0.495446]
  [0.672179, 0.000145, -0.497549, 0.4994, -0.495415]
  [0.672177, -0.001266, -0.497539, 0.499396, -0.495417]
  [0.67218, 0.00025, -0.497558, 0.499398, -0.495427]
  [0.672181, -0.000943, -0.497558, 0.499396, -0.49542]
  [0.67218, -0.000494, -0.497505, 0.499398, -0.495438]
  [0.672181, -0.000974, -0.497465, 0.499399, -0.495442]
  [0.67218, -0.001222, -0.497506, 0.499399, -0.495431]
  [0.672178, -0.001263, -0.497461, 0.4994, -0.49542]
  [0.67218, -1.1e-05, -0.497598, 0.499397, -0.495416]
  [0.672179, -0.000525, -0.497463, 0.499398, -0.495434]
  [0.672181, -0.000489, -0.497606, 0.4994, -0.495448]
  [0.67218, -0.000519, -0.497561, 0.499396, -0.49542]
  [0.672179, -0.000672, -0.49746, 0.499396, -0.495431]
  [0.672178, -0.000898, -0.49751, 0.499397, -0.49543]
  [0.672182, -0.000689, -0.497544, 0.499397, -0.495446]
  [0.672178, -0.001074, -0.497474, 0.499398, -0.495442]
  [0.672181, -0.001241, -0.497571, 0.499399, -0.495404]
  [0.672178, -0.001029, -0.497466, 0.499399, -0.495446]
  [0.672181, 0.000297, -0.497529, 0.499397, -0.495406]
  [0.67218, -0.001098, -0.49757, 0.499399, -0.495434]
  [0.672181, -0.001401, -0.497497, 0.499398, -0.495418]
  [0.672181, -0.001373, -0.497497, 0.499398, -0.495419]
  [0.672181, -0.001397, -0.497497, 0.499398, -0.495419]
  [0.672181, -0.001389, -0.497497, 0.499398, -0.495419]
  [0.672181, -0.001396, -0.497497, 0.499398, -0.495419]
  [0.672181, -0.001377, -0.497497, 0.499398, -0.495419]
  [0.672181, -0.001405, -0.497497, 0.499398, -0.495419]
  [0.672181, -0.001371, -0.497497, 0.499398, -0.495419]
  [0.672181, -0.001416, -0.497497, 0.499398, -0.495418]
  [0.672181, -0.001382, -0.497497, 0.499398, -0.495418]
  [0.672181, -0.001374, -0.497497, 0.499398, -0.495418]
  [0.672181, -0.00141, -0.497497, 0.499398, -0.495418]
  [0.672181, -0.00137, -0.497497, 0.499398, -0.495418]
  [0.672181, -0.001405, -0.497497, 0.499398, -0.495418]
  [0.672181, -0.001383, -0.497497, 0.499398, -0.495419]
  [0.672181, -0.001395, -0.497497, 0.499398, -0.495419]
  [0.672181, -0.001365, -0.497497, 0.499398, -0.495419]
  [0.672181, -0.001371, -0.497497, 0.499398, -0.495418]
  [0.672181, -0.001366, -0.497497, 0.499398, -0.495419]
  [0.672181, -0.001394, -0.497497, 0.499398, -0.495419]
  [0.672181, -0.001418, -0.497497, 0.499398, -0.495418]
  [0.672181, -0.001409, -0.497497, 0.499398, -0.495418]
  [0.672181, -0.001417, -0.497497, 0.499398, -0.495418]
  [0.672181, -0.00141, -0.497497, 0.499398, -0.495419]
  [0.672181, -0.001411, -0.497497, 0.499398, -0.495419]
  [0.672181, -0.001387, -0.497497, 0.499398, -0.495418]
  [0.672181, -0.001418, -0.497497, 0.499398, -0.495419]
  [0.672181, -0.001386, -0.497497, 0.499398, -0.495418]
  [0.672181, -0.001378, -0.497497, 0.499398, -0.495418]
  [0.672181, -0.001378, -0.497497, 0.499398, -0.495419]
  [0.672181, -0.001389, -0.497497, 0.499398, -0.495418]
  [0.672181, -0.00139, -0.497497, 0.499398, -0.495418]
  [0.672181, -0.001411, -0.497497, 0.499398, -0.495418]
  [0.672181, -0.001414, -0.497497, 0.499398, -0.495418]
  [0.672181, -0.001381, -0.497497, 0.499398, -0.495418]
  [0.672181, -0.001408, -0.497497, 0.499398, -0.495418]
  [0.672181, -0.001401, -0.497497, 0.499398, -0.495419]
  [0.672181, -0.001421, -0.497497, 0.499398, -0.495419]
  [0.672181, -0.001396, -0.497497, 0.499398, -0.495418]
  [0.672181, -0.001387, -0.497497, 0.499398, -0.495419]
  [0.672181, -0.001381, -0.497497, 0.499398, -0.495419]
  [0.672181, -0.001402, -0.497497, 0.499398, -0.495418]
  [0.672181, -0.001383, -0.497497, 0.499398, -0.495418]
  [0.672181, -0.001408, -0.497497, 0.499398, -0.495419]
  [0.672181, -0.001409, -0.497497, 0.499398, -0.495419]
  [0.672181, -0.001376, -0.497497, 0.499398, -0.495418]
  [0.672181, -0.001413, -0.497497, 0.499398, -0.495418]
  [0.672181, -0.001392, -0.497497, 0.499398, -0.495418]
  [0.672181, -0.001419, -0.497497, 0.499398, -0.495419]
  [0.672181, -0.0014, -0.497497, 0.499398, -0.495418]
  [0.672181, -0.001419, -0.497497, 0.499398, -0.495418]
  [0.672181, -0.001384, -0.497497, 0.499398, -0.495419]
  [0.672181, -0.001413, -0.497497, 0.499398, -0.495419]
  [0.672181, -0.001412, -0.497497, 0.499398, -0.495418]
  [0.672181, -0.001369, -0.497497, 0.499398, -0.495418]
  [0.672181, -0.001399, -0.497497, 0.499398, -0.495419]
  [0.672181, -0.001393, -0.497497, 0.499398, -0.495419]
  [0.672181, -0.001382, -0.497497, 0.499398, -0.495419]
  [0.672181, -0.001417, -0.497497, 0.499398, -0.495419]
  [0.672181, -0.001399, -0.497497, 0.499398, -0.495418]
  [0.672181, -0.001379, -0.497497, 0.499398, -0.495418]
  [0.672181, -0.001395, -0.497497, 0.499398, -0.495418]
  [0.672181, -0.00137, -0.497497, 0.499398, -0.495419]
  [0.672181, -0.001406, -0.497497, 0.499398, -0.495418]
  [0.672181, -0.001416, -0.497497, 0.499398, -0.495419]
  [0.672181, -0.001372, -0.497497, 0.499398, -0.495418]
  [0.672181, -0.001422, -0.497497, 0.499398, -0.495418]
  [0.672181, -0.00142, -0.497497, 0.499398, -0.495418]
  [0.672181, -0.001374, -0.497497, 0.499398, -0.495419]
  [0.672181, -0.001385, -0.497497, 0.499398, -0.495419]
  [0.672181, -0.001392, -0.497497, 0.499398, -0.495419]
  [0.672181, -0.001398, -0.497497, 0.499398, -0.495418]
  [0.672181, -0.001414, -0.497497, 0.499398, -0.495419]
  [0.672181, -0.001373, -0.497497, 0.499398, -0.495418]
  [0.672181, -0.001388, -0.497497, 0.499398, -0.495418]
  [0.672181, -0.001369, -0.497497, 0.499398, -0.495419]
  [0.672181, -0.001412, -0.497497, 0.499398, -0.495419]
  [0.672181, -0.001406, -0.497497, 0.499398, -0.495419]
  [0.672181, -0.001403, -0.497497, 0.499398, -0.495418]
  [0.672181, -0.001391, -0.497497, 0.499398, -0.495419]
  [0.672181, -0.00139, -0.497497, 0.499398, -0.495419]
  [0.672181, -0.001376, -0.497497, 0.499398, -0.495419]
  [0.672181, -0.001404, -0.497497, 0.499398, -0.495419]
  [0.672181, -0.001377, -0.497497, 0.499398, -0.495418]
  [0.672181, -0.0014, -0.497497, 0.499398, -0.495419]
  [0.672181, -0.001388, -0.497497, 0.499398, -0.495419]
  [0.672181, -0.001402, -0.497497, 0.499398, -0.495419]
  [0.672181, -0.001375, -0.497497, 0.499398, -0.495418]
  [0.672181, -0.001367, -0.497497, 0.499398, -0.495418]
  [0.672181, -0.001375, -0.497497, 0.499398, -0.495419]
  [0.672181, -0.001391, -0.497497, 0.499398, -0.495418]
  [0.672181, -0.001397, -0.497497, 0.499398, -0.495418]
  [0.672181, -0.001422, -0.497497, 0.499398, -0.495419]
  [0.672181, -0.001398, -0.497497, 0.499398, -0.495419]
  [0.672181, -0.001393, -0.497497, 0.499398, -0.495418]
  [0.672181, -0.001385, -0.497497, 0.499398, -0.495418]
  [0.672181, -0.00138, -0.497497, 0.499398, -0.495419]
  [0.672181, -0.001421, -0.497497, 0.499398, -0.495418]
  [0.672181, -0.001407, -0.497497, 0.499398, -0.495419]
  [0.672181, -0.001407, -0.497497, 0.499398, -0.495418]
  [0.672181, -0.001368, -0.497497, 0.499398, -0.495419]
  [0.672181, -0.001384, -0.497497, 0.499398, -0.495418]
  [0.672181, -0.001365, -0.497497, 0.499398, -0.495418]
  [0.672181, -0.00142, -0.497497, 0.499398, -0.495419]
  [0.672181, -0.001368, -0.497497, 0.499398, -0.495418]
  [0.672181, -0.001394, -0.497497, 0.499398, -0.495418]
  [0.672181, -0.001366, -0.497497, 0.499398, -0.495418]
  [0.672181, -0.001367, -0.497497, 0.499398, -0.495419]
  [0.672181, -0.001386, -0.497497, 0.499398, -0.495419]
  [0.672181, -0.001404, -0.497497, 0.499398, -0.495418]
  [0.672181, -0.001379, -0.497497, 0.499398, -0.495419]
