[0.661041, -0.0093, -0.390202, 0.452039, -0.480001]
[0.661296, -0.008683, -0.388653, 0.451595, -0.48085]
[0.661309, -0.005775, -0.389786, 0.450458, -0.479238]
[0.661125, -0.004197, -0.393182, 0.451498, -0.4796]
[0.661129, -0.004234, -0.392607, 0.450978, -0.479824]
[0.661336, -0.000589, -0.390384, 0.450204, -0.48065]
[0.661182, -0.001438, -0.39283, 0.451912, -0.479814]
[0.661035, -0.008133, -0.393288, 0.451182, -0.480569]
[0.660873, -0.003103, -0.389335, 0.451218, -0.479229]
[0.660965, -0.002386, -0.393023, 0.450902, -0.479417]
[0.661078, -0.006308, -0.388093, 0.451854, -0.480032]
[0.661232, -0.003481, -0.391939, 0.45096, -0.479111]
[0.661026, -0.007001, -0.390858, 0.450827, -0.479386]
[0.661327, -0.008872, -0.390994, 0.452039, -0.479779]
[0.660988, -0.000952, -0.389386, 0.450924, -0.480153]
[0.661181, -0.00285, -0.389715, 0.450267, -0.480227]
[0.661025, -0.004989, -0.388845, 0.450182, -0.47997]
[0.661075, -0.007399, -0.388677, 0.45159, -0.479114]
[0.661135, -0.009996, -0.388035, 0.451016, -0.479694]
[0.661054, -0.005002, -0.388752, 0.451458, -0.479649]
[0.661091, -0.000488, -0.390698, 0.451831, -0.480301]
[0.661358, -0.000795, -0.388374, 0.450339, -0.480384]
[0.661007, -0.005231, -0.389593, 0.450299, -0.479747]
[0.661357, -0.003841, -0.388888, 0.450574, -0.480337]
[0.661172, -0.001673, -0.389995, 0.450153, -0.479975]
[0.66102, -0.001145, -0.389202, 0.450838, -0.479109]
[0.661082, -0.008924, -0.392595, 0.4515, -0.479801]
[0.661143, -0.005595, -0.390959, 0.451336, -0.480222]
[0.661028, -0.004772, -0.392279, 0.451399, -0.479395]
[0.661165, -0.002704, -0.389764, 0.450179, -0.479941]
[0.660983, -0.000722, -0.392789, 0.451944, -0.479797]
[0.660966, -0.004768, -0.393217, 0.451779, -0.479351]
[0.66091, -0.009576, -0.389603, 0.451882, -0.479302]
[0.661258, -0.000286, -0.392989, 0.451098, -0.480426]
[0.66089, -0.009531, -0.392446, 0.450513, -0.480191]
[0.661218, -0.003027, -0.389434, 0.450059, -0.479092]
[0.661085, -0.008174, -0.392005, 0.450892, -0.4796]
[0.661121, -0.005572, -0.389959, 0.450367, -0.47977]
[0.661006, -0.005174, -0.390424, 0.450136, -0.479337]
[0.661012, -0.002291, -0.389856, 0.45206, -0.480623]
[0.66134, -0.002282, -0.391529, 0.45007, -0.480434]
[0.661227, -0.002463, -0.392858, 0.451122, -0.48046]
[0.661083, -0.007834, -0.39192, 0.451065, -0.480095]
[0.660985, -0.000726, -0.392645, 0.451972, -0.480175]
[0.660981, -0.009979, -0.391958, 0.450931, -0.480649]
[0.661129, -0.008203, -0.38909, 0.451387, -0.480611]
[0.661244, -0.009261, -0.389649, 0.451033, -0.480655]
[0.661354, -0.004926, -0.392231, 0.450672, -0.480378]
[0.661073, -0.007311, -0.39117, 0.451597, -0.480163]
[0.660943, -0.002739, -0.392198, 0.45086, -0.479324]
[0.661227, -0.001355, -0.389247, 0.450331, -0.480655]
[0.66092, -0.009052, -0.391179, 0.450224, -0.479442]
[0.660996, -0.004375, -0.389011, 0.450373, -0.480648]
[0.661026, -0.000985, -0.388281, 0.450919, -0.48038]
[0.660919, -0.00691, -0.388727, 0.450614, -0.479741]
[0.661047, -0.010689, -0.390589, 0.450208, -0.479548]
[0.661231, -0.00294, -0.389874, 0.451002, -0.479152]
[0.660934, -0.006406, -0.391818, 0.452165, -0.480018]
[0.661031, -0.002906, -0.388249, 0.450559, -0.480191]
[0.660913, -0.008616, -0.388247, 0.450266, -0.479119]
[0.661129, -0.004191, -0.391214, 0.451886, -0.480384]
[0.661102, -0.007303, -0.389379, 0.451747, -0.47929]
[0.661011, -0.004625, -0.390636, 0.451783, -0.479886]
[0.661083, -0.007428, -0.390195, 0.451346, -0.480822]
[0.661313, -0.00242, -0.388053, 0.451067, -0.480238]
[0.661372, -0.003566, -0.390523, 0.451, -0.479642]
[0.66117, -0.008393, -0.390541, 0.450693, -0.480063]
[0.660936, -0.001409, -0.391102, 0.450182, -0.480508]
[0.66105, -0.009465, -0.38878, 0.450505, -0.480019]
[0.661235, -0.009139, -0.39242, 0.450385, -0.479347]
[0.661109, -0.004531, -0.390924, 0.450036, -0.479435]
[0.661212, -0.000895, -0.390604, 0.451004, -0.479724]
[0.660939, -0.00717, -0.389953, 0.450734, -0.480336]
[0.6609, -0.000769, -0.389315, 0.451126, -0.480753]
[0.66131, -0.00952, -0.39126, 0.451212, -0.480536]
[0.660888, -0.001533, -0.389908, 0.450157, -0.480193]
[0.660899, -0.005252, -0.389387, 0.451178, -0.480485]
[0.661004, -0.001132, -0.390395, 0.450232, -0.479146]
[0.661099, -0.000416, -0.39246, 0.450923, -0.479913]
[0.661066, -0.007187, -0.388309, 0.450711, -0.480225]
[0.660874, -0.009788, -0.392174, 0.450896, -0.48031]
[0.661087, -0.003786, -0.388331, 0.451809, -0.48001]
[0.661085, -0.010576, -0.391764, 0.45135, -0.48073]
[0.661028, -0.002936, -0.388176, 0.450344, -0.479137]
[0.661351, -0.000883, -0.39176, 0.45086, -0.480752]
[0.661057, -0.004701, -0.391843, 0.450818, -0.479439]
[0.661115, -0.000667, -0.392728, 0.451085, -0.48044]
[0.661141, -0.008658, -0.392653, 0.450941, -0.479481]
[0.660892, -0.002946, -0.391592, 0.451709, -0.480789]
[0.661047, -0.003266, -0.391615, 0.451718, -0.48015]
[0.661088, -0.004919, -0.389411, 0.450587, -0.479914]
[0.661093, -0.009841, -0.388572, 0.452045, -0.479303]
[0.660949, -0.003381, -0.391923, 0.451002, -0.480031]
[0.661239, -0.005861, -0.393199, 0.450428, -0.480447]
[0.660916, -0.004957, -0.390123, 0.450312, -0.480456]
[0.661033, -0.002398, -0.390806, 0.452073, -0.480074]
[0.661097, -0.007549, -0.391691, 0.450667, -0.480517]
[0.661269, -0.008738, -0.392164, 0.450251, -0.480318]
[0.661125, -0.006599, -0.392972, 0.451308, -0.480285]
[0.660884, -0.004508, -0.390339, 0.451816, -0.480509]
[0.661089, -0.001715, -0.391705, 0.450463, -0.480826]
[0.661313, -0.001481, -0.392784, 0.451067, -0.479659]
[0.661279, -0.001559, -0.390202, 0.450441, -0.479669]
[0.661265, -0.005489, -0.388842, 0.451204, -0.479147]
[0.661219, -0.007193, -0.392511, 0.451031, -0.480199]
[0.661327, -0.007074, -0.393278, 0.450192, -0.479835]
[0.661004, -0.001136, -0.388936, 0.450422, -0.479653]
[0.661239, -0.006751, -0.391713, 0.450021, -0.480076]
[0.661244, -0.004784, -0.391199, 0.45065, -0.479612]
[0.661352, -0.003405, -0.388787, 0.450765, -0.480705]
[0.661302, -0.009881, -0.388861, 0.450886, -0.480409]
[0.660945, -0.00732, -0.392646, 0.451061, -0.479658]
[0.661125, -0.00597, -0.391778, 0.451996, -0.479717]
[0.661031, -0.003915, -0.388298, 0.452004, -0.479984]
[0.661072, -0.005849, -0.388406, 0.450974, -0.479085]
[0.661151, -0.009435, -0.393209, 0.450371, -0.479869]
[0.661367, -0.004841, -0.390534, 0.452175, -0.480838]
[0.660962, -0.00063, -0.391547, 0.451776, -0.479465]
[0.661052, -0.00209, -0.389333, 0.450569, -0.479538]
[0.661289, -0.007825, -0.392685, 0.452019, -0.480395]
[0.661331, -0.003634, -0.391882, 0.450015, -0.479479]
[0.661058, -0.000534, -0.38973, 0.451913, -0.480257]
[0.661308, -0.009251, -0.39016, 0.45012, -0.48081]
[0.661098, -0.003053, -0.392098, 0.450603, -0.479801]
[0.661156, -0.003075, -0.388264, 0.450219, -0.479974]
[0.661087, -0.003437, -0.390067, 0.451371, -0.479206]
[0.661006, -0.006493, -0.389126, 0.451601, -0.480474]
[0.661083, -0.010142, -0.391835, 0.450972, -0.480544]
[0.661204, -0.001548, -0.393101, 0.451305, -0.480711]
[0.6613, -0.005143, -0.389551, 0.451526, -0.479511]
[0.661065, -0.006586, -0.387963, 0.451922, -0.48069]
[0.660995, -0.003616, -0.388733, 0.452051, -0.480157]
[0.660911, -0.00408, -0.391127, 0.450134, -0.480342]
[0.661253, -0.009436, -0.392214, 0.45067, -0.479537]
[0.661351, -0.001166, -0.389119, 0.451746, -0.479613]
[0.661248, -0.00234, -0.393091, 0.45166, -0.479218]
[0.66128, -0.008126, -0.390253, 0.450825, -0.479444]
[0.661085, -0.006657, -0.389681, 0.45103, -0.47938]
[0.661065, -0.008188, -0.390058, 0.451396, -0.480736]
[0.661309, -0.000411, -0.38866, 0.452104, -0.47943]
[0.660983, -0.008341, -0.392011, 0.452029, -0.480065]
[0.66135, -0.003892, -0.388559, 0.450146, -0.479874]
[0.661291, -0.010582, -0.391056, 0.451716, -0.480472]
[0.661371, -0.007651, -0.387916, 0.451396, -0.479262]
[0.661138, -0.009688, -0.393013, 0.451741, -0.4801]
[0.66096, -0.004685, -0.393119, 0.452046, -0.480451]
[0.660986, -0.000797, -0.392148, 0.451207, -0.479842]
[0.661152, -0.010347, -0.391699, 0.450899, -0.480151]
[0.660971, -0.000387, -0.390684, 0.451418, -0.47948]
[0.661371, -0.001694, -0.389416, 0.450637, -0.479562]
[0.661241, -0.000479, -0.389534, 0.450119, -0.479699]
[0.660896, -0.000737, -0.389289, 0.451103, -0.480755]
[0.660901, -0.000758, -0.38932, 0.451116, -0.480756]
[0.660901, -0.000747, -0.389275, 0.451103, -0.480758]
[0.660901, -0.000742, -0.389312, 0.45117, -0.480759]
[0.660899, -0.000754, -0.389319, 0.451111, -0.480756]
[0.660898, -0.000795, -0.389267, 0.451122, -0.480757]
[0.660899, -0.000746, -0.389271, 0.451166, -0.48076]
[0.660899, -0.000796, -0.389291, 0.451088, -0.480761]
[0.660898, -0.000801, -0.389305, 0.451153, -0.480761]
[0.660901, -0.000768, -0.389284, 0.451146, -0.480762]
[0.660897, -0.00074, -0.38929, 0.451118, -0.480754]
[0.660896, -0.000763, -0.3893, 0.451103, -0.480758]
[0.660898, -0.000768, -0.389291, 0.451099, -0.480755]
[0.660897, -0.000813, -0.389318, 0.451142, -0.480762]
[0.660899, -0.000757, -0.389294, 0.451127, -0.480755]
[0.660898, -0.000773, -0.389273, 0.451105, -0.480757]
[0.660899, -0.000762, -0.389303, 0.451173, -0.480755]
[0.660897, -0.000824, -0.389264, 0.451106, -0.480756]
[0.660896, -0.000813, -0.389276, 0.451128, -0.480754]
[0.660898, -0.000741, -0.389322, 0.451144, -0.480757]
[0.660902, -0.000754, -0.389309, 0.451132, -0.480754]
[0.660896, -0.00078, -0.389277, 0.451109, -0.480758]
[0.660901, -0.000747, -0.389288, 0.451138, -0.480754]
[0.660902, -0.000785, -0.389282, 0.451168, -0.480754]
[0.660901, -0.000774, -0.389284, 0.451134, -0.480756]
[0.6609, -0.000792, -0.389292, 0.451116, -0.480756]
[0.660897, -0.000762, -0.389293, 0.451171, -0.480753]
[0.660899, -0.0008, -0.389311, 0.451081, -0.480757]
[0.660898, -0.00081, -0.389292, 0.451149, -0.480758]
[0.6609, -0.000747, -0.389274, 0.451148, -0.48076]
[0.660898, -0.000791, -0.389258, 0.451132, -0.480756]
[0.660897, -0.000797, -0.389307, 0.451082, -0.480761]
[0.660899, -0.000805, -0.389268, 0.451113, -0.480757]
[0.660901, -0.000782, -0.389258, 0.451153, -0.480762]
[0.6609, -0.000798, -0.389262, 0.451137, -0.480755]
[0.660898, -0.000738, -0.389277, 0.451098, -0.48076]
[0.660897, -0.00076, -0.389276, 0.451175, -0.48076]
[0.660898, -0.000785, -0.389295, 0.451086, -0.480763]
[0.660901, -0.000775, -0.389275, 0.451128, -0.480757]
[0.660899, -0.000748, -0.389266, 0.451123, -0.48076]
[0.660901, -0.000791, -0.389311, 0.451086, -0.480755]
[0.6609, -0.000774, -0.389297, 0.451082, -0.480757]
[0.660898, -0.000818, -0.389298, 0.451148, -0.480756]
[0.660896, -0.000756, -0.389316, 0.451127, -0.480762]
[0.660902, -0.000798, -0.389262, 0.451137, -0.480762]
[0.660898, -0.000767, -0.389302, 0.451166, -0.48076]
[0.660896, -0.000774, -0.38931, 0.451111, -0.480759]
[0.660898, -0.000762, -0.389305, 0.451099, -0.48076]
[0.660897, -0.000761, -0.389313, 0.451108, -0.480755]
[0.6609, -0.000777, -0.389277, 0.45109, -0.480756]
[0.6609, -0.000768, -0.389277, 0.451127, -0.480762]
[0.660901, -0.000777, -0.389279, 0.451131, -0.480762]
[0.660898, -0.000751, -0.389268, 0.451111, -0.480757]
[0.660902, -0.000769, -0.389281, 0.451151, -0.480759]
[0.660902, -0.000741, -0.389323, 0.451152, -0.480756]
[0.660898, -0.000804, -0.389263, 0.451132, -0.480761]
[0.660896, -0.000805, -0.38929, 0.451155, -0.48076]
[0.660897, -0.000785, -0.389267, 0.451161, -0.480758]
[0.660901, -0.000745, -0.389282, 0.451088, -0.480755]
[0.660899, -0.000741, -0.389271, 0.451118, -0.480753]
[0.660896, -0.000797, -0.389285, 0.451117, -0.480759]
[0.660896, -0.00079, -0.389321, 0.451081, -0.480755]
[0.660897, -0.000805, -0.389265, 0.451153, -0.480759]
[0.660901, -0.000741, -0.38928, 0.45115, -0.480755]
[0.660901, -0.000819, -0.38931, 0.451138, -0.480755]
[0.6609, -0.000762, -0.389271, 0.451086, -0.480761]
[0.660899, -0.000813, -0.38927, 0.451115, -0.480756]
[0.660897, -0.000756, -0.389289, 0.451157, -0.480754]
[0.6609, -0.000757, -0.389276, 0.451163, -0.480757]
[0.660897, -0.000742, -0.389288, 0.451095, -0.480757]
[0.660901, -0.000816, -0.389285, 0.451138, -0.480757]
[0.6609, -0.000744, -0.389288, 0.451145, -0.480759]
[0.660899, -0.000758, -0.38928, 0.451126, -0.48076]
[0.660897, -0.000822, -0.389278, 0.451098, -0.480759]
[0.6609, -0.000791, -0.389322, 0.451115, -0.480762]
[0.660899, -0.000819, -0.389261, 0.451149, -0.480758]
[0.660899, -0.000767, -0.389267, 0.45116, -0.480754]
[0.660897, -0.000812, -0.389318, 0.45115, -0.480756]
[0.660898, -0.000749, -0.389297, 0.451095, -0.480759]
[0.660899, -0.000765, -0.389286, 0.451106, -0.480757]
[0.660898, -0.000782, -0.38929, 0.451158, -0.480762]
[0.660901, -0.000755, -0.389311, 0.451082, -0.480759]
[0.660897, -0.000818, -0.38926, 0.451155, -0.480755]
[0.660897, -0.000784, -0.389283, 0.451168, -0.480755]
[0.660902, -0.000772, -0.389277, 0.451089, -0.480761]
[0.660898, -0.000762, -0.389319, 0.451142, -0.48076]
[0.660897, -0.000762, -0.389278, 0.45116, -0.48076]
[0.660898, -0.000765, -0.389262, 0.451099, -0.480759]
[0.660901, -0.000797, -0.389307, 0.451093, -0.480761]
[0.660899, -0.000818, -0.389301, 0.451151, -0.480757]
[0.660899, -0.000784, -0.389273, 0.451166, -0.480759]
[0.660898, -0.000755, -0.389312, 0.451127, -0.48076]
[0.660898, -0.000779, -0.389271, 0.451119, -0.480755]
[0.660901, -0.000782, -0.389271, 0.45113, -0.480755]
[0.660901, -0.000737, -0.389259, 0.451091, -0.480763]
[0.660902, -0.000816, -0.38928, 0.451114, -0.480762]
[0.660897, -0.000781, -0.389294, 0.451114, -0.480754]
[0.660901, -0.000767, -0.389301, 0.451145, -0.480761]
[0.660898, -0.000754, -0.389316, 0.45112, -0.480759]
[0.660902, -0.000767, -0.38932, 0.451136, -0.480758]
[0.660899, -0.000775, -0.389281, 0.451114, -0.480756]
[0.660897, -0.000736, -0.389297, 0.451169, -0.480756]
[0.660897, -0.000759, -0.38927, 0.451134, -0.480763]
[0.660896, -0.000746, -0.389286, 0.451101, -0.480762]
[0.660897, -0.000779, -0.389286, 0.451109, -0.480757]
[0.660901, -0.000762, -0.389309, 0.451106, -0.480759]
[0.660899, -0.000814, -0.389271, 0.451133, -0.480763]
[0.660897, -0.000811, -0.389306, 0.451122, -0.480759]
[0.660899, -0.000773, -0.389266, 0.451118, -0.480758]
[0.660902, -0.000775, -0.389264, 0.451126, -0.480759]
[0.660897, -0.000749, -0.38929, 0.451147, -0.480758]
[0.6609, -0.000816, -0.389282, 0.451117, -0.480756]
[0.660898, -0.000802, -0.389319, 0.451162, -0.480758]
[0.660898, -0.000778, -0.389312, 0.451081, -0.480759]
[0.660898, -0.000775, -0.389322, 0.451086, -0.480758]
[0.660897, -0.00079, -0.389301, 0.451172, -0.480755]
[0.660901, -0.000766, -0.389266, 0.451138, -0.480758]
[0.660901, -0.000819, -0.389312, 0.451132, -0.480763]
[0.660901, -0.000811, -0.389304, 0.451083, -0.480757]
[0.660901, -0.000739, -0.389289, 0.451151, -0.480753]
[0.660896, -0.000824, -0.389293, 0.451158, -0.480757]
[0.6609, -0.000788, -0.389293, 0.451126, -0.48076]
[0.6609, -0.000823, -0.389289, 0.451135, -0.480758]
[0.660901, -0.000803, -0.389308, 0.451083, -0.480761]
[0.660899, -0.000824, -0.389266, 0.451126, -0.480753]
[0.660897, -0.000739, -0.38932, 0.451116, -0.480756]
[0.660897, -0.00074, -0.389273, 0.451114, -0.480758]
[0.660898, -0.000758, -0.389287, 0.451158, -0.48076]
[0.660898, -0.000766, -0.389289, 0.451119, -0.480761]
[0.6609, -0.000814, -0.389279, 0.451093, -0.480755]
[0.660897, -0.000824, -0.389266, 0.451112, -0.480762]
[0.660902, -0.000816, -0.389288, 0.451157, -0.480757]
[0.660898, -0.00076, -0.389263, 0.451114, -0.480759]
[0.660901, -0.000762, -0.389321, 0.451121, -0.480762]
[0.660898, -0.000823, -0.389289, 0.451152, -0.480759]
[0.660896, -0.000749, -0.389267, 0.451158, -0.480761]
[0.660896, -0.000801, -0.38926, 0.45115, -0.480759]
[0.660899, -0.000803, -0.389267, 0.451159, -0.480759]
[0.660898, -0.000764, -0.38926, 0.451151, -0.480754]
[0.660898, -0.000741, -0.389278, 0.451129, -0.480758]
[0.660901, -0.000812, -0.389283, 0.451156, -0.480762]
[0.660896, -0.00074, -0.389263, 0.451086, -0.480758]
[0.660897, -0.000813, -0.389315, 0.451112, -0.480763]
[0.6609, -0.000763, -0.389294, 0.451167, -0.480762]
[0.6609, -0.000813, -0.389287, 0.45108, -0.480757]
[0.660901, -0.000745, -0.389299, 0.451138, -0.480755]
[0.660898, -0.000751, -0.389322, 0.451086, -0.480763]
[0.6609, -0.000758, -0.389286, 0.45108, -0.480759]
[0.660899, -0.0008, -0.389277, 0.451115, -0.480761]
[0.660896, -0.000777, -0.38926, 0.451133, -0.480754]
[0.660901, -0.000737, -0.389258, 0.451091, -0.480763]
[0.660902, -0.000737, -0.38926, 0.451091, -0.480763]
[0.660901, -0.000736, -0.389258, 0.451091, -0.480763]
[0.660902, -0.000737, -0.389259, 0.45109, -0.480763]
[0.660902, -0.000736, -0.38926, 0.45109, -0.480763]
[0.660901, -0.000736, -0.389258, 0.45109, -0.480763]
[0.660901, -0.000736, -0.389259, 0.451091, -0.480763]
[0.660902, -0.000736, -0.389259, 0.45109, -0.480763]
[0.660901, -0.000735, -0.38926, 0.451091, -0.480763]
[0.660902, -0.000735, -0.389259, 0.45109, -0.480763]
[0.660902, -0.000736, -0.389258, 0.451091, -0.480763]
[0.660901, -0.000736, -0.389259, 0.45109, -0.480763]
[0.660901, -0.000735, -0.389258, 0.45109, -0.480763]
[0.660901, -0.000735, -0.389258, 0.451091, -0.480763]
[0.660902, -0.000735, -0.389259, 0.451091, -0.480763]
[0.660902, -0.000736, -0.389259, 0.451091, -0.480763]
[0.660902, -0.000737, -0.389259, 0.451091, -0.480763]
[0.660901, -0.000736, -0.38926, 0.451091, -0.480763]
[0.660901, -0.000735, -0.389259, 0.45109, -0.480763]
[0.660902, -0.000737, -0.389258, 0.451091, -0.480763]
[0.660902, -0.000736, -0.38926, 0.451091, -0.480763]
[0.660902, -0.000736, -0.389258, 0.45109, -0.480763]
[0.660901, -0.000735, -0.38926, 0.45109, -0.480763]
[0.660901, -0.000735, -0.389259, 0.451091, -0.480763]
[0.660901, -0.000737, -0.38926, 0.45109, -0.480763]
[0.660902, -0.000735, -0.389258, 0.451091, -0.480763]
[0.660901, -0.000737, -0.389259, 0.45109, -0.480763]
[0.660902, -0.000735, -0.38926, 0.451091, -0.480763]
[0.660902, -0.000737, -0.389258, 0.45109, -0.480763]
[0.660901, -0.000736, -0.38926, 0.45109, -0.480763]
[0.660902, -0.000735, -0.38926, 0.45109, -0.480763]
[0.660902, -0.000737, -0.38926, 0.45109, -0.480763]
[0.660901, -0.000737, -0.38926, 0.451091, -0.480763]
[0.660901, -0.000737, -0.389258, 0.45109, -0.480763]
[0.660902, -0.000735, -0.389258, 0.45109, -0.480763]
[0.624108, -0.002817, -0.357235, 0.480357, -0.489512]
[0.624338, -0.001775, -0.358395, 0.479753, -0.489456]
[0.624295, -0.008372, -0.357621, 0.479694, -0.489527]
[0.624212, -0.005371, -0.364061, 0.479471, -0.489468]
[0.624362, -0.003889, -0.357328, 0.480147, -0.489554]
[0.624378, -0.002704, -0.360306, 0.480604, -0.489509]
[0.624572, -0.010894, -0.363327, 0.480033, -0.489437]
[0.624684, -0.006775, -0.361094, 0.480896, -0.489328]
[0.62399, -0.004858, -0.358542, 0.480916, -0.489531]
[0.624566, -0.0074, -0.360728, 0.480123, -0.48931]
[0.624575, -0.009976, -0.358144, 0.480143, -0.489412]
[0.624122, -0.002208, -0.356965, 0.480783, -0.489336]
[0.624174, -0.001772, -0.358402, 0.480525, -0.489328]
[0.624504, -0.015032, -0.362922, 0.481017, -0.489422]
[0.623864, -0.010522, -0.364124, 0.481012, -0.489369]
[0.623989, -0.002689, -0.359661, 0.479517, -0.489582]
[0.623992, -0.008267, -0.36424, 0.48079, -0.48949]
[0.624169, -0.001529, -0.363573, 0.480218, -0.48934]
[0.624182, -0.000358, -0.363065, 0.480801, -0.489418]
[0.623804, -0.010743, -0.363413, 0.480281, -0.489366]
[0.624461, -0.00262, -0.356737, 0.479608, -0.489484]
[0.624195, -0.0038, -0.364825, 0.480892, -0.489553]
[0.623953, -0.015173, -0.358602, 0.479717, -0.489571]
[0.624514, -0.011817, -0.364205, 0.480705, -0.48957]
[0.623997, -0.007954, -0.361914, 0.479957, -0.48931]
[0.623914, -0.010443, -0.358746, 0.480872, -0.489472]
[0.624232, -0.003843, -0.356861, 0.480772, -0.489575]
[0.624406, -0.009644, -0.357536, 0.48082, -0.489426]
[0.624035, -0.014389, -0.356738, 0.480245, -0.489403]
[0.624309, -0.013865, -0.365336, 0.479772, -0.489307]
[0.624274, -0.001251, -0.360828, 0.480897, -0.489566]
[0.624269, -0.014531, -0.358673, 0.479777, -0.489423]
[0.623909, -0.011158, -0.362153, 0.480545, -0.489516]
[0.623893, -0.011374, -0.358167, 0.479941, -0.489357]
[0.6239, -0.00633, -0.357771, 0.480553, -0.489514]
[0.624126, -0.009144, -0.364911, 0.479782, -0.489552]
[0.623962, -0.01134, -0.359969, 0.480375, -0.489428]
[0.623877, -0.000286, -0.361167, 0.479719, -0.489442]
[0.623949, -0.008742, -0.361903, 0.479664, -0.489441]
[0.624047, -0.008509, -0.361667, 0.47961, -0.489312]
[0.623973, 0.000142, -0.360489, 0.480005, -0.489532]
[0.623995, -0.007319, -0.358248, 0.480613, -0.489496]
[0.623957, -0.002631, -0.364695, 0.479386, -0.489471]
[0.624652, -0.010842, -0.365063, 0.480871, -0.489373]
[0.624461, -0.000993, -0.358114, 0.479902, -0.489515]
[0.623971, -0.005064, -0.36262, 0.481014, -0.489518]
[0.624328, -0.003034, -0.357239, 0.480705, -0.489462]
[0.624537, -0.0113, -0.362496, 0.480687, -0.489534]
[0.624132, -0.008447, -0.36173, 0.480586, -0.489544]
[0.624238, -0.002118, -0.362515, 0.48064, -0.4894]
[0.623841, -0.002703, -0.358674, 0.480931, -0.489435]
[0.623799, -0.014535, -0.361996, 0.480515, -0.489524]
[0.623958, -0.008468, -0.358063, 0.479746, -0.489352]
[0.624548, -0.011201, -0.35872, 0.480406, -0.489448]
[0.624234, -0.006218, -0.363085, 0.480234, -0.489534]
[0.624112, -0.001744, -0.364812, 0.480988, -0.489466]
[0.624008, -0.011316, -0.36432, 0.479806, -0.48941]
[0.624524, -0.009374, -0.358766, 0.480841, -0.489401]
[0.623893, -0.006336, -0.364152, 0.480426, -0.489403]
[0.624573, -0.008963, -0.36147, 0.480477, -0.489589]
[0.624677, -0.006315, -0.361769, 0.480312, -0.48948]
[0.624332, -0.01476, -0.361614, 0.479983, -0.489546]
[0.624174, -0.001989, -0.364807, 0.48092, -0.489446]
[0.624514, 0.000199, -0.357148, 0.480448, -0.489385]
[0.624113, -0.000554, -0.358065, 0.480879, -0.489543]
[0.624327, -0.006312, -0.357125, 0.479619, -0.489491]
[0.624246, -0.005887, -0.3587, 0.479737, -0.489436]
[0.62442, -0.007388, -0.358267, 0.479995, -0.489477]
[0.624689, -0.004775, -0.362558, 0.481073, -0.489373]
[0.624599, -0.009205, -0.358928, 0.479854, -0.489548]
[0.62397, -0.004935, -0.363506, 0.47987, -0.489464]
[0.623894, -0.009587, -0.361235, 0.480635, -0.489576]
[0.623902, -0.004213, -0.364867, 0.479971, -0.489401]
[0.624401, 8.8e-05, -0.363131, 0.479635, -0.489433]
[0.624568, -0.007794, -0.357178, 0.480405, -0.489545]
[0.624418, -0.009364, -0.361017, 0.479779, -0.489392]
[0.624562, -0.003509, -0.363815, 0.480166, -0.489406]
[0.624492, -0.005926, -0.363335, 0.480579, -0.489475]
[0.624587, -0.004981, -0.363564, 0.479373, -0.489539]
[0.623791, -0.01502, -0.361603, 0.480214, -0.489473]
[0.624662, -0.003731, -0.360001, 0.479407, -0.489433]
[0.62415, -0.002941, -0.363744, 0.480026, -0.489526]
[0.623915, -0.002666, -0.360544, 0.480592, -0.489429]
[0.624608, -0.004216, -0.362818, 0.479607, -0.489331]
[0.623978, -0.003866, -0.36351, 0.480219, -0.489411]
[0.624253, -0.010072, -0.359128, 0.479849, -0.489398]
[0.624436, -0.014663, -0.359923, 0.479378, -0.489403]
[0.624491, -0.006988, -0.358553, 0.481064, -0.48957]
[0.624201, -0.011055, -0.363377, 0.480205, -0.48945]
[0.623995, -0.004319, -0.362334, 0.479508, -0.489532]
[0.624559, -0.01397, -0.363292, 0.479701, -0.489308]
[0.623866, -0.004216, -0.363855, 0.480396, -0.489514]
[0.624556, -0.002433, -0.359011, 0.480347, -0.489588]
[0.624042, -0.00507, -0.356465, 0.480354, -0.489526]
[0.624519, -0.005133, -0.359633, 0.479547, -0.489435]
[0.624445, -0.010713, -0.363794, 0.480425, -0.489307]
[0.624126, -0.000465, -0.357484, 0.479739, -0.489469]
[0.62427, -0.007887, -0.363652, 0.479966, -0.489351]
[0.62438, -0.002424, -0.358549, 0.480035, -0.489555]
[0.623946, -0.015267, -0.358614, 0.47972, -0.48957]
[0.623958, -0.015155, -0.358606, 0.479716, -0.489571]
[0.623946, -0.01515, -0.358594, 0.479719, -0.48957]
[0.62395, -0.014951, -0.358603, 0.47972, -0.48957]
[0.62395, -0.014899, -0.358587, 0.479716, -0.489571]
[0.623955, -0.014888, -0.358615, 0.479717, -0.489571]
[0.623951, -0.015271, -0.358597, 0.479716, -0.48957]
[0.623948, -0.015053, -0.358586, 0.479716, -0.489571]
[0.623948, -0.014767, -0.358616, 0.479715, -0.489571]
[0.623957, -0.014863, -0.358587, 0.479715, -0.48957]
[0.623952, -0.015167, -0.35859, 0.479716, -0.489571]
[0.623955, -0.015273, -0.358606, 0.479716, -0.48957]
[0.623945, -0.014875, -0.358603, 0.479719, -0.489571]
[0.623953, -0.015183, -0.358588, 0.47972, -0.489571]
[0.623956, -0.014773, -0.358598, 0.47972, -0.489571]
[0.623945, -0.015236, -0.358595, 0.479716, -0.489571]
[0.623955, -0.015265, -0.358587, 0.479719, -0.48957]
[0.623957, -0.014871, -0.358586, 0.479717, -0.489571]
[0.623952, -0.015116, -0.358613, 0.479719, -0.489571]
[0.62395, -0.014858, -0.358607, 0.479717, -0.489571]
[0.623955, -0.015106, -0.358599, 0.479715, -0.489571]
[0.623956, -0.015017, -0.358616, 0.479718, -0.489571]
[0.623956, -0.014907, -0.358594, 0.479716, -0.489571]
[0.623949, -0.015106, -0.358614, 0.479715, -0.48957]
[0.623954, -0.0151, -0.358615, 0.479718, -0.489571]
[0.623949, -0.015277, -0.358589, 0.479716, -0.489571]
[0.623948, -0.015215, -0.358607, 0.479718, -0.48957]
[0.62395, -0.014903, -0.358607, 0.479717, -0.48957]
[0.623946, -0.015177, -0.358608, 0.479716, -0.489571]
[0.623957, -0.014952, -0.358608, 0.479718, -0.48957]
[0.623949, -0.01516, -0.358593, 0.479718, -0.48957]
[0.623957, -0.015254, -0.358603, 0.479719, -0.489571]
[0.623947, -0.015191, -0.358612, 0.479716, -0.489571]
[0.623955, -0.015109, -0.358606, 0.479717, -0.489571]
[0.623953, -0.015069, -0.358599, 0.479718, -0.48957]
[0.623953, -0.01512, -0.358612, 0.479715, -0.489571]
[0.62395, -0.01515, -0.358595, 0.479716, -0.489571]
[0.623951, -0.01504, -0.358613, 0.479718, -0.489571]
[0.623956, -0.015184, -0.358596, 0.479717, -0.489571]
[0.623947, -0.015243, -0.358604, 0.479719, -0.48957]
[0.623947, -0.014914, -0.358597, 0.479717, -0.489571]
[0.623955, -0.015265, -0.358599, 0.479715, -0.48957]
[0.623955, -0.014931, -0.358613, 0.479717, -0.489571]
[0.623955, -0.014994, -0.358613, 0.479719, -0.489571]
[0.62395, -0.015163, -0.358612, 0.479716, -0.489571]
[0.623953, -0.015132, -0.35859, 0.479716, -0.489571]
[0.623952, -0.014883, -0.358616, 0.479715, -0.48957]
[0.623949, -0.015249, -0.358586, 0.479716, -0.48957]
[0.623946, -0.014787, -0.358589, 0.479719, -0.48957]
[0.623957, -0.01492, -0.358605, 0.47972, -0.489571]
[0.623947, -0.015217, -0.358587, 0.47972, -0.489571]
[0.623957, -0.015134, -0.358604, 0.479718, -0.489571]
[0.623953, -0.015022, -0.358608, 0.479716, -0.489571]
[0.623946, -0.014796, -0.358584, 0.479717, -0.48957]
[0.623952, -0.014773, -0.358608, 0.479716, -0.48957]
[0.623958, -0.014998, -0.358608, 0.47972, -0.48957]
[0.623948, -0.015047, -0.358617, 0.479716, -0.489571]
[0.623949, -0.0151, -0.358607, 0.479716, -0.489571]
[0.623954, -0.015242, -0.358595, 0.479717, -0.48957]
[0.623956, -0.014817, -0.358591, 0.479718, -0.48957]
[0.623951, -0.015284, -0.358587, 0.479719, -0.489571]
[0.62395, -0.015043, -0.358597, 0.479718, -0.489571]
[0.623951, -0.015278, -0.358596, 0.479715, -0.48957]
[0.623957, -0.014871, -0.358588, 0.47972, -0.489571]
[0.623947, -0.015122, -0.358615, 0.479719, -0.48957]
[0.623957, -0.015288, -0.358588, 0.47972, -0.489571]
[0.623945, -0.014767, -0.358586, 0.479716, -0.489571]
[0.62395, -0.014922, -0.358589, 0.47972, -0.489571]
[0.623953, -0.01506, -0.358591, 0.479718, -0.48957]
[0.623956, -0.015286, -0.358616, 0.479719, -0.489571]
[0.623955, -0.014845, -0.358615, 0.479717, -0.48957]
[0.623957, -0.015005, -0.358596, 0.479718, -0.48957]
[0.623955, -0.015274, -0.358594, 0.479717, -0.489571]
[0.623949, -0.014829, -0.358606, 0.47972, -0.48957]
[0.623952, -0.015002, -0.358593, 0.479718, -0.489571]
[0.623947, -0.014768, -0.358613, 0.479719, -0.489571]
[0.623948, -0.015079, -0.358609, 0.479716, -0.489571]
[0.623945, -0.015247, -0.358598, 0.479718, -0.489571]
[0.623946, -0.015115, -0.358585, 0.479716, -0.489571]
[0.623949, -0.014782, -0.358601, 0.479716, -0.48957]
[0.623956, -0.014766, -0.358607, 0.479717, -0.489571]
[0.623949, -0.015221, -0.358618, 0.479716, -0.489571]
[0.623956, -0.015031, -0.358604, 0.47972, -0.48957]
[0.62395, -0.014781, -0.358593, 0.479717, -0.489571]
[0.62395, -0.014999, -0.358599, 0.479719, -0.489571]
[0.623954, -0.014884, -0.358607, 0.479715, -0.489571]
[0.623948, -0.015233, -0.358598, 0.47972, -0.48957]
[0.62395, -0.014993, -0.358612, 0.479719, -0.48957]
[0.623955, -0.015053, -0.3586, 0.479718, -0.489571]
[0.62395, -0.014861, -0.358614, 0.479719, -0.489571]
[0.62395, -0.014925, -0.358608, 0.479716, -0.48957]
[0.623949, -0.015105, -0.358617, 0.479719, -0.489571]
[0.623953, -0.015206, -0.358613, 0.479719, -0.489571]
[0.623947, -0.014979, -0.358599, 0.479716, -0.489571]
[0.623953, -0.015011, -0.358588, 0.479717, -0.48957]
[0.623948, -0.014947, -0.358604, 0.479718, -0.48957]
[0.623955, -0.015261, -0.358617, 0.479718, -0.489571]
[0.623956, -0.014903, -0.3586, 0.479716, -0.48957]
[0.623948, -0.01489, -0.3586, 0.47972, -0.48957]
[0.62395, -0.014925, -0.358597, 0.479715, -0.489571]
[0.623945, -0.014835, -0.358607, 0.479716, -0.48957]
[0.623951, -0.01517, -0.358601, 0.479715, -0.48957]
[0.623945, -0.014998, -0.358596, 0.47972, -0.48957]
[0.623951, -0.015068, -0.358614, 0.47972, -0.48957]
[0.623951, -0.01526, -0.35861, 0.479717, -0.48957]
[0.623957, -0.014754, -0.358616, 0.479719, -0.48957]
[0.623958, -0.014811, -0.358591, 0.479719, -0.48957]
[0.623955, -0.014894, -0.358593, 0.479719, -0.48957]
[0.623946, -0.015109, -0.358589, 0.479719, -0.489571]
[0.623949, -0.015084, -0.358605, 0.479717, -0.489571]
[0.623958, -0.014816, -0.358598, 0.479716, -0.489571]
[0.623955, -0.015017, -0.358597, 0.479716, -0.48957]
[0.623955, -0.014765, -0.358593, 0.479717, -0.489571]
[0.623945, -0.015149, -0.358606, 0.479717, -0.48957]
[0.623955, -0.014801, -0.358598, 0.479716, -0.48957]
[0.623957, -0.015253, -0.358604, 0.479717, -0.48957]
[0.62395, -0.015205, -0.358613, 0.479719, -0.48957]
[0.623951, -0.01523, -0.358604, 0.479717, -0.48957]
[0.623955, -0.015217, -0.358588, 0.479719, -0.489571]
[0.623952, -0.014831, -0.358585, 0.479719, -0.489571]
[0.623949, -0.015101, -0.358614, 0.479716, -0.48957]
[0.623952, -0.015017, -0.358597, 0.479715, -0.489571]
[0.623945, -0.015075, -0.358604, 0.479719, -0.489571]
[0.62395, -0.014931, -0.35861, 0.479718, -0.48957]
[0.623955, -0.015034, -0.358617, 0.479717, -0.48957]
[0.623957, -0.015047, -0.358589, 0.479719, -0.48957]
[0.623945, -0.014921, -0.358592, 0.479717, -0.489571]
[0.623955, -0.014766, -0.358603, 0.479715, -0.48957]
[0.623945, -0.014885, -0.358598, 0.479717, -0.48957]
[0.623956, -0.014881, -0.358604, 0.479718, -0.489571]
[0.623946, -0.014959, -0.358611, 0.479717, -0.48957]
[0.623955, -0.015153, -0.358591, 0.479719, -0.489571]
[0.623954, -0.014942, -0.358604, 0.479716, -0.48957]
[0.623947, -0.01498, -0.3586, 0.479718, -0.48957]
[0.623948, -0.015021, -0.358605, 0.479719, -0.48957]
[0.623949, -0.015117, -0.358593, 0.479719, -0.489571]
[0.623957, -0.014851, -0.3586, 0.47972, -0.489571]
[0.623955, -0.014846, -0.358613, 0.479718, -0.489571]
[0.623956, -0.015265, -0.358594, 0.479717, -0.489571]
[0.62395, -0.015209, -0.358595, 0.479719, -0.489571]
[0.623945, -0.015043, -0.35861, 0.479715, -0.489571]
[0.623957, -0.014859, -0.358584, 0.479717, -0.48957]
[0.62395, -0.014918, -0.358615, 0.479718, -0.48957]
[0.62395, -0.015039, -0.358611, 0.479716, -0.48957]
[0.623955, -0.014904, -0.358604, 0.479716, -0.48957]
[0.623949, -0.014781, -0.358589, 0.479716, -0.48957]
[0.623949, -0.015244, -0.358594, 0.479717, -0.48957]
[0.623958, -0.014917, -0.3586, 0.479718, -0.48957]
[0.623946, -0.015184, -0.358616, 0.479717, -0.48957]
[0.623952, -0.015219, -0.358604, 0.479719, -0.48957]
[0.623951, -0.015286, -0.358587, 0.479719, -0.489571]
[0.623951, -0.015283, -0.358587, 0.479719, -0.489571]
[0.623951, -0.015284, -0.358587, 0.47972, -0.489571]
[0.623951, -0.015285, -0.358587, 0.47972, -0.489571]
[0.623951, -0.015285, -0.358587, 0.479719, -0.489571]
[0.623951, -0.015286, -0.358587, 0.47972, -0.489571]
[0.623951, -0.015283, -0.358587, 0.47972, -0.489571]
[0.635729, 0.004786, -0.413208, 0.460536, -0.495444]
[0.63651, 0.002507, -0.416065, 0.460427, -0.495278]
[0.635726, 0.005123, -0.413506, 0.460503, -0.495349]
[0.635725, 0.006006, -0.419367, 0.460446, -0.495458]
[0.636647, 0.004883, -0.4181, 0.460402, -0.495396]
[0.636626, 0.006962, -0.413987, 0.460422, -0.495418]
[0.63615, 0.004071, -0.41573, 0.460466, -0.495332]
[0.636053, 0.001283, -0.418019, 0.460487, -0.495526]
[0.636662, 0.002991, -0.41492, 0.460474, -0.495528]
[0.636571, 0.003718, -0.414968, 0.460489, -0.495321]
[0.635713, 0.002188, -0.414639, 0.460457, -0.495228]
[0.635984, 0.005904, -0.41986, 0.460426, -0.495253]
[0.63623, 0.001061, -0.416546, 0.46051, -0.495489]
[0.636002, 0.001831, -0.413869, 0.460469, -0.495387]
[0.635879, 0.003126, -0.419213, 0.460411, -0.495432]
[0.636026, 0.00295, -0.412731, 0.460475, -0.495329]
[0.636416, 0.003459, -0.414033, 0.460499, -0.495374]
[0.635723, 0.002331, -0.412703, 0.46053, -0.495413]
[0.635723, 0.000667, -0.418535, 0.460494, -0.495401]
[0.63666, 0.001148, -0.418998, 0.460426, -0.495512]
[0.635882, 0.004088, -0.416479, 0.46042, -0.495258]
[0.636404, 0.002137, -0.412976, 0.460467, -0.495499]
[0.635977, 0.004213, -0.414186, 0.460403, -0.495508]
[0.635962, 0.007043, -0.415613, 0.460463, -0.495465]
[0.636134, 0.00213, -0.414354, 0.460438, -0.49552]
[0.636188, 0.004959, -0.413255, 0.460442, -0.495493]
[0.63595, 0.003789, -0.419432, 0.460537, -0.495486]
[0.635875, 0.002614, -0.415596, 0.460447, -0.495402]
[0.636655, 0.003486, -0.41326, 0.460411, -0.495445]
[0.635954, 0.000218, -0.415086, 0.46053, -0.4953]
[0.636239, 0.00393, -0.419428, 0.460513, -0.495226]
[0.635909, 0.005962, -0.417896, 0.460457, -0.495325]
[0.636408, 0.000415, -0.41624, 0.46052, -0.495417]
[0.635897, 0.006152, -0.415421, 0.4605, -0.495283]
[0.635775, 0.005827, -0.418433, 0.460503, -0.49554]
[0.63636, 0.003132, -0.418527, 0.460427, -0.495318]
[0.635956, 0.006019, -0.413923, 0.460482, -0.495484]
[0.636364, 0.003764, -0.417965, 0.46051, -0.495287]
[0.635919, 0.001922, -0.412997, 0.4605, -0.495482]
[0.636562, 0.006652, -0.41801, 0.460455, -0.495527]
[0.636441, 0.004498, -0.416587, 0.46041, -0.495408]
[0.635763, 0.006843, -0.414152, 0.460424, -0.495374]
[0.635977, 0.000516, -0.41931, 0.460472, -0.49552]
[0.636148, 0.004271, -0.415036, 0.460406, -0.495226]
[0.636384, 0.003617, -0.416764, 0.460404, -0.495515]
[0.636082, 0.002678, -0.415942, 0.460418, -0.495381]
[0.636659, 0.003399, -0.419702, 0.460506, -0.495508]
[0.636333, 0.00453, -0.414748, 0.460476, -0.495376]
[0.636403, 0.005168, -0.414023, 0.46046, -0.495404]
[0.63651, 0.008865, -0.414391, 0.460433, -0.49553]
[0.636679, 0.003237, -0.417906, 0.460535, -0.495273]
[0.636072, 0.006789, -0.414556, 0.460478, -0.495522]
[0.635835, 0.004972, -0.415033, 0.460457, -0.495232]
[0.636579, 0.006206, -0.417465, 0.460467, -0.495556]
[0.635792, 0.001222, -0.414849, 0.460452, -0.495363]
[0.636353, 0.003439, -0.419801, 0.460423, -0.49536]
[0.63623, 0.005048, -0.418801, 0.460507, -0.49554]
[0.636695, 0.002541, -0.412732, 0.460451, -0.495294]
[0.63605, 0.001116, -0.418955, 0.460451, -0.495353]
[0.636042, 0.001979, -0.412561, 0.460516, -0.495483]
[0.636523, 0.00544, -0.412605, 0.460492, -0.495272]
[0.636228, 0.004716, -0.416338, 0.460458, -0.495536]
[0.636239, 0.003127, -0.415568, 0.460513, -0.495453]
[0.636219, 0.003711, -0.418056, 0.460504, -0.49525]
[0.636646, 0.003238, -0.413242, 0.460462, -0.495521]
[0.635806, 0.004866, -0.417627, 0.460426, -0.495532]
[0.636129, 0.005595, -0.41492, 0.460436, -0.495436]
[0.635974, 0.005985, -0.41718, 0.460456, -0.495277]
[0.635958, 0.003109, -0.417262, 0.460495, -0.495396]
[0.636672, 0.00249, -0.417548, 0.460514, -0.495517]
[0.635824, 0.00405, -0.418267, 0.460456, -0.495257]
[0.635854, 0.009329, -0.41783, 0.460455, -0.495231]
[0.636241, 0.001357, -0.417851, 0.460475, -0.495272]
[0.636449, 0.001551, -0.417731, 0.460532, -0.495244]
[0.636662, 0.002177, -0.416468, 0.460481, -0.495469]
[0.636589, 0.005163, -0.415399, 0.460417, -0.495554]
[0.635908, 0.001255, -0.413269, 0.460429, -0.495505]
[0.636104, 0.00043, -0.414487, 0.460489, -0.495273]
[0.635708, 0.005952, -0.415849, 0.46053, -0.495244]
[0.635948, 0.004111, -0.413626, 0.460422, -0.495323]
[0.636681, 0.00453, -0.419014, 0.460458, -0.495348]
[0.636698, 0.00239, -0.41746, 0.460519, -0.495522]
[0.636682, 0.002485, -0.417523, 0.460514, -0.495532]
[0.636687, 0.002492, -0.417531, 0.46052, -0.495527]
[0.636716, 0.00242, -0.417448, 0.46052, -0.495519]
[0.63671, 0.002457, -0.417454, 0.460519, -0.495531]
[0.636706, 0.002464, -0.417477, 0.460514, -0.495527]
[0.636672, 0.002479, -0.417472, 0.46052, -0.495531]
[0.63668, 0.002481, -0.417444, 0.460518, -0.495529]
[0.636696, 0.002398, -0.417445, 0.460518, -0.495526]
[0.63667, 0.002491, -0.417537, 0.460517, -0.495518]
[0.636673, 0.002484, -0.417462, 0.460515, -0.495533]
[0.636717, 0.002457, -0.417483, 0.460515, -0.495522]
[0.636697, 0.002439, -0.417515, 0.460517, -0.495528]
[0.636676, 0.002411, -0.417462, 0.460518, -0.495517]
[0.63668, 0.002405, -0.417444, 0.460513, -0.495523]
[0.636721, 0.002452, -0.417467, 0.460518, -0.495527]
[0.636708, 0.00239, -0.417544, 0.460517, -0.495521]
[0.636717, 0.002507, -0.417455, 0.460514, -0.495529]
[0.636691, 0.002439, -0.417445, 0.46052, -0.495521]
[0.6367, 0.002454, -0.417473, 0.460516, -0.495528]
[0.636679, 0.002472, -0.417523, 0.460514, -0.495531]
[0.6367, 0.002412, -0.417511, 0.460519, -0.495521]
[0.636706, 0.002389, -0.417509, 0.460517, -0.49552]
[0.636721, 0.002443, -0.417542, 0.460519, -0.495527]
[0.636692, 0.002457, -0.417455, 0.460519, -0.495517]
[0.636718, 0.002459, -0.417547, 0.460516, -0.495519]
[0.636701, 0.002429, -0.417517, 0.460515, -0.495525]
[0.636719, 0.002391, -0.417545, 0.460518, -0.495526]
[0.636701, 0.002398, -0.417525, 0.460514, -0.49552]
[0.636688, 0.002432, -0.417445, 0.46052, -0.49553]
[0.636697, 0.002469, -0.417494, 0.460514, -0.495525]
[0.63667, 0.002446, -0.417484, 0.460515, -0.495524]
[0.636707, 0.002398, -0.417474, 0.460516, -0.495524]
[0.636691, 0.002468, -0.417468, 0.460519, -0.495531]
[0.636693, 0.002432, -0.417457, 0.460516, -0.495519]
[0.636678, 0.00241, -0.41753, 0.460516, -0.495528]
[0.636701, 0.002447, -0.417448, 0.460516, -0.495532]
[0.636684, 0.002506, -0.417447, 0.460518, -0.495522]
[0.636689, 0.002504, -0.417512, 0.460519, -0.495533]
[0.636699, 0.002506, -0.417457, 0.460519, -0.495519]
[0.636671, 0.002404, -0.417478, 0.460516, -0.495529]
[0.636679, 0.002498, -0.417502, 0.460515, -0.495526]
[0.636713, 0.002406, -0.417539, 0.460519, -0.49553]
[0.636721, 0.002498, -0.417474, 0.460518, -0.495528]
[0.636682, 0.002453, -0.417533, 0.460515, -0.495518]
[0.636695, 0.002402, -0.417516, 0.460516, -0.495523]
[0.636678, 0.002445, -0.417522, 0.460517, -0.495518]
[0.636672, 0.002473, -0.41749, 0.460518, -0.495525]
[0.636699, 0.002481, -0.417515, 0.460514, -0.495519]
[0.636687, 0.00242, -0.417475, 0.460516, -0.495526]
[0.636675, 0.002432, -0.417541, 0.460516, -0.495518]
[0.636675, 0.00248, -0.417478, 0.460515, -0.495524]
[0.636715, 0.002467, -0.417496, 0.460518, -0.495518]
[0.636701, 0.002412, -0.417469, 0.460517, -0.495531]
[0.636715, 0.002387, -0.417476, 0.460516, -0.49552]
[0.636689, 0.002426, -0.417488, 0.460514, -0.495529]
[0.63672, 0.0024, -0.417448, 0.460516, -0.495529]
[0.636689, 0.002428, -0.417455, 0.46052, -0.495532]
[0.636694, 0.0024, -0.417441, 0.460516, -0.495523]
[0.636701, 0.002489, -0.417504, 0.460514, -0.495518]
[0.636704, 0.002387, -0.417496, 0.460516, -0.495526]
[0.636675, 0.002399, -0.417524, 0.460515, -0.495524]
[0.636709, 0.002495, -0.417454, 0.460514, -0.495517]
[0.63669, 0.002412, -0.417446, 0.460518, -0.495524]
[0.636698, 0.002454, -0.41751, 0.460517, -0.49553]
[0.636677, 0.002418, -0.417445, 0.460518, -0.495529]
[0.636715, 0.002468, -0.417462, 0.460518, -0.495529]
[0.636714, 0.002394, -0.417522, 0.460519, -0.495517]
[0.636697, 0.002471, -0.417525, 0.460516, -0.495527]
[0.636678, 0.002399, -0.417439, 0.460516, -0.495531]
[0.636693, 0.002458, -0.417457, 0.460519, -0.495518]
[0.636702, 0.002502, -0.417443, 0.460515, -0.495525]
[0.636692, 0.002397, -0.417531, 0.460517, -0.495526]
[0.636685, 0.00246, -0.417522, 0.46052, -0.49553]
[0.636669, 0.002394, -0.417529, 0.460515, -0.495522]
[0.636684, 0.002467, -0.417532, 0.460514, -0.495518]
[0.636673, 0.002443, -0.417439, 0.460516, -0.495528]
[0.636709, 0.00242, -0.417466, 0.460517, -0.495522]
[0.636674, 0.00247, -0.417522, 0.460516, -0.495524]
[0.636679, 0.00243, -0.417504, 0.460517, -0.495532]
[0.636679, 0.002408, -0.417468, 0.460515, -0.495521]
[0.636694, 0.002409, -0.417444, 0.460515, -0.495518]
[0.636687, 0.002436, -0.417491, 0.460514, -0.495531]
[0.636714, 0.002473, -0.417545, 0.460517, -0.495518]
[0.636722, 0.002491, -0.417459, 0.460515, -0.49553]
[0.636688, 0.002439, -0.4175, 0.460519, -0.495521]
[0.636676, 0.002391, -0.417442, 0.460515, -0.495525]
[0.63667, 0.002408, -0.417439, 0.460517, -0.495529]
[0.636676, 0.002441, -0.417506, 0.460518, -0.495521]
[0.636703, 0.00242, -0.417518, 0.460516, -0.495527]
[0.636683, 0.002478, -0.417442, 0.460515, -0.49553]
[0.636691, 0.00246, -0.41754, 0.460519, -0.495532]
[0.636684, 0.002468, -0.417464, 0.460514, -0.495532]
[0.636695, 0.002499, -0.417548, 0.460513, -0.495525]
[0.636714, 0.002388, -0.417523, 0.460514, -0.495532]
[0.636719, 0.002403, -0.417505, 0.460516, -0.495524]
[0.636705, 0.002434, -0.41749, 0.460514, -0.495518]
[0.636719, 0.002463, -0.417524, 0.460514, -0.495526]
[0.63671, 0.002437, -0.41751, 0.460514, -0.49552]
[0.636697, 0.00246, -0.41745, 0.460513, -0.495523]
[0.636721, 0.002396, -0.417442, 0.460514, -0.495529]
[0.636704, 0.002484, -0.417454, 0.460515, -0.495529]
[0.636686, 0.00244, -0.417529, 0.460519, -0.495527]
[0.636715, 0.002506, -0.417494, 0.460514, -0.495525]
[0.636706, 0.002451, -0.417521, 0.460514, -0.495524]
[0.636712, 0.002472, -0.417505, 0.460514, -0.495532]
[0.636679, 0.002431, -0.417518, 0.460519, -0.495518]
[0.636714, 0.0024, -0.417468, 0.460513, -0.49553]
[0.636704, 0.002444, -0.417485, 0.46052, -0.495522]
[0.636672, 0.002446, -0.417489, 0.460515, -0.495525]
[0.636699, 0.002434, -0.417483, 0.460518, -0.495521]
[0.636686, 0.002469, -0.417454, 0.460517, -0.495528]
[0.636721, 0.002398, -0.417472, 0.460519, -0.495524]
[0.636684, 0.002499, -0.417547, 0.460518, -0.49552]
[0.636668, 0.002448, -0.417533, 0.460517, -0.495529]
[0.636699, 0.002402, -0.417536, 0.460514, -0.495519]
[0.636683, 0.002422, -0.417533, 0.46052, -0.495531]
[0.636679, 0.002506, -0.417533, 0.460515, -0.49552]
[0.636678, 0.002455, -0.417451, 0.460519, -0.495529]
[0.636714, 0.00244, -0.417485, 0.460515, -0.495522]
[0.636671, 0.00239, -0.417494, 0.460519, -0.495525]
[0.636712, 0.00248, -0.417441, 0.460517, -0.495532]
[0.636685, 0.002506, -0.417471, 0.460517, -0.495527]
[0.636691, 0.002503, -0.417445, 0.460514, -0.495522]
[0.63668, 0.002493, -0.417539, 0.460515, -0.495522]
[0.636679, 0.002389, -0.417536, 0.46052, -0.49553]
[0.6367, 0.002449, -0.417491, 0.460517, -0.495524]
[0.636721, 0.0024, -0.417488, 0.460513, -0.495521]
[0.636678, 0.002403, -0.4175, 0.460513, -0.495524]
[0.636713, 0.002388, -0.417444, 0.460519, -0.49552]
[0.63668, 0.002391, -0.417455, 0.46052, -0.49552]
[0.636711, 0.002416, -0.417439, 0.460513, -0.495521]
[0.636685, 0.002429, -0.417474, 0.460514, -0.495525]
[0.636721, 0.002461, -0.417517, 0.460514, -0.495532]
[0.636704, 0.002479, -0.41753, 0.460518, -0.495525]
[0.636708, 0.002443, -0.417544, 0.460519, -0.495532]
[0.636681, 0.002501, -0.41754, 0.460515, -0.495519]
[0.63668, 0.002489, -0.417536, 0.460516, -0.495524]
[0.636703, 0.002453, -0.417533, 0.460518, -0.495523]
[0.636704, 0.002503, -0.417508, 0.46052, -0.495522]
[0.636676, 0.002443, -0.417531, 0.460515, -0.495527]
[0.636714, 0.002398, -0.417483, 0.460517, -0.495532]
[0.6367, 0.002503, -0.417522, 0.460517, -0.495526]
[0.636716, 0.002388, -0.417523, 0.460516, -0.495532]
[0.636693, 0.002472, -0.417496, 0.460516, -0.495533]
[0.636671, 0.002472, -0.417479, 0.460519, -0.495525]
[0.636688, 0.002422, -0.417495, 0.460518, -0.495529]
[0.63672, 0.00245, -0.417515, 0.460518, -0.495524]
[0.636714, 0.002502, -0.417489, 0.460513, -0.495531]
[0.636684, 0.002452, -0.41754, 0.460519, -0.495527]
[0.636717, 0.002388, -0.417522, 0.460516, -0.495532]
[0.636717, 0.002388, -0.417523, 0.460516, -0.495532]
[0.636716, 0.002389, -0.417522, 0.460516, -0.495532]
[0.636717, 0.002389, -0.417521, 0.460516, -0.495532]
[0.636717, 0.002389, -0.417522, 0.460516, -0.495532]
[0.636717, 0.002388, -0.417521, 0.460516, -0.495532]
[0.636717, 0.002389, -0.417523, 0.460516, -0.495532]
[0.636716, 0.002388, -0.417521, 0.460516, -0.495532]
[0.636716, 0.002388, -0.417522, 0.460516, -0.495532]
[0.636716, 0.002389, -0.417523, 0.460516, -0.495532]
[0.636716, 0.002389, -0.417521, 0.460516, -0.495532]
[0.672799, -0.000441, -0.497924, 0.496629, -0.495673]
[0.672614, -0.004088, -0.494796, 0.498174, -0.495568]
[0.67266, -0.019633, -0.487836, 0.497549, -0.495784]
[0.672847, -0.015558, -0.492541, 0.49694, -0.495745]
[0.67267, -0.002329, -0.490432, 0.499402, -0.495788]
[0.672762, -0.008975, -0.498909, 0.499084, -0.495714]
[0.672767, -0.008801, -0.49239, 0.497396, -0.495621]
[0.672849, -0.005902, -0.494616, 0.498558, -0.495702]
[0.672854, 0.001837, -0.491479, 0.49785, -0.4958]
[0.672423, -0.017096, -0.494181, 0.499395, -0.495597]
[0.672283, -0.014943, -0.491808, 0.496942, -0.495716]
[0.672881, -0.014084, -0.497672, 0.497644, -0.495436]
[0.672344, -0.013665, -0.493173, 0.497758, -0.495764]
[0.672245, -0.02025, -0.494482, 0.499276, -0.495619]
[0.672641, 0.00123, -0.499828, 0.499894, -0.495765]
[0.672255, -0.004889, -0.496378, 0.498876, -0.495664]
[0.672796, 0.000989, -0.497063, 0.498454, -0.495692]
[0.67255, -0.011152, -0.486505, 0.498231, -0.495772]
[0.6726, -0.008548, -0.492624, 0.49723, -0.495546]
[0.672264, -0.010869, -0.489107, 0.499987, -0.495678]
[0.672391, -0.015367, -0.494699, 0.499521, -0.495487]
[0.672209, -0.019575, -0.489468, 0.497159, -0.495757]
[0.672846, -0.013536, -0.488099, 0.497211, -0.495494]
[0.672331, -0.022626, -0.494889, 0.499332, -0.495746]
[0.672905, -0.012643, -0.493433, 0.498542, -0.495453]
[0.672531, -0.013886, -0.486684, 0.498646, -0.495579]
[0.672749, -0.005235, -0.497776, 0.499072, -0.495594]
[0.672213, 0.000881, -0.487507, 0.498191, -0.49574]
[0.672395, -0.023936, -0.492989, 0.499664, -0.49549]
[0.672862, -0.016778, -0.49728, 0.497191, -0.495421]
[0.672221, -0.000908, -0.495523, 0.499977, -0.495726]
[0.672805, -0.005429, -0.498677, 0.498714, -0.495687]
[0.672566, -0.010858, -0.49463, 0.496916, -0.495502]
[0.672803, -0.017008, -0.489575, 0.498637, -0.495705]
[0.672728, -0.01989, -0.49323, 0.499436, -0.495538]
[0.672259, -0.015644, -0.485639, 0.499962, -0.495577]
[0.672498, -0.018091, -0.486878, 0.49828, -0.495672]
[0.672697, -0.020092, -0.489926, 0.49804, -0.495547]
[0.672336, -0.007649, -0.490361, 0.499926, -0.495606]
[0.672797, -0.007544, -0.487102, 0.499849, -0.49542]
[0.67277, -0.024543, -0.498795, 0.497143, -0.495434]
[0.672872, -0.013233, -0.486368, 0.497895, -0.495666]
[0.672838, -0.019343, -0.490734, 0.498598, -0.49555]
[0.672272, -0.011049, -0.496653, 0.499533, -0.49572]
[0.672346, -0.020055, -0.487885, 0.49698, -0.495516]
[0.672894, -0.005449, -0.497832, 0.496841, -0.495629]
[0.672511, -0.00645, -0.491692, 0.498844, -0.495669]
[0.672784, -0.02018, -0.486185, 0.497357, -0.495644]
[0.672804, -0.017834, -0.491734, 0.497116, -0.495744]
[0.672802, -0.009011, -0.491427, 0.496942, -0.495541]
[0.672461, 0.002589, -0.498365, 0.496734, -0.495586]
[0.672358, 0.001225, -0.493139, 0.499004, -0.495722]
[0.672199, -0.003437, -0.497324, 0.498813, -0.495628]
[0.672821, 0.000536, -0.492464, 0.497594, -0.495495]
[0.672297, 0.000277, -0.487115, 0.497396, -0.495518]
[0.672719, -0.01729, -0.493388, 0.49766, -0.495534]
[0.672648, -0.007627, -0.492519, 0.49813, -0.495648]
[0.672693, -0.02276, -0.493777, 0.499226, -0.495662]
[0.672353, -0.007373, -0.499354, 0.498357, -0.495553]
[0.672345, -0.01741, -0.489105, 0.497634, -0.49575]
[0.672805, -0.021724, -0.490569, 0.49888, -0.495718]
[0.672735, -0.016913, -0.486408, 0.498767, -0.495678]
[0.672846, 0.000415, -0.498216, 0.499329, -0.495728]
[0.672283, -0.019788, -0.490208, 0.498328, -0.495708]
[0.672231, -0.007417, -0.488418, 0.498068, -0.495472]
[0.672645, 0.000676, -0.492481, 0.498479, -0.495686]
[0.672528, -0.017884, -0.489735, 0.497635, -0.495796]
[0.672345, -0.012695, -0.491318, 0.497889, -0.495769]
[0.672187, -0.006966, -0.493015, 0.498235, -0.495526]
[0.672676, 0.001003, -0.49601, 0.49792, -0.495773]
[0.672494, 0.002108, -0.491276, 0.49816, -0.495578]
[0.672712, -0.008906, -0.488417, 0.498289, -0.495773]
[0.672522, -0.001406, -0.488495, 0.496858, -0.495405]
[0.672288, -0.010296, -0.498012, 0.49889, -0.495671]
[0.672705, -0.004726, -0.494058, 0.499147, -0.495493]
[0.672629, -0.005256, -0.493769, 0.499381, -0.495449]
[0.67218, -0.001342, -0.497461, 0.4994, -0.495448]
[0.672465, -0.022626, -0.495327, 0.49862, -0.495649]
[0.672803, -0.024476, -0.496673, 0.497279, -0.495756]
[0.672891, -0.007613, -0.491741, 0.499854, -0.495549]
[0.672833, -0.01241, -0.49142, 0.49757, -0.495798]
[0.67218, -0.000592, -0.497572, 0.499398, -0.495434]
[0.672179, -0.000791, -0.497467, 0.499398, -0.495439]
[0.672178, -8.4e-05, -0.497461, 0.499398, -0.495441]
[0.672181, -0.000555, -0.497538, 0.4994, -0.495407]
[0.672179, -0.000874, -0.497592, 0.4994, -0.495408]
[0.67218, -0.000441, -0.497516, 0.499397, -0.495422]
[0.67218, 0.000285, -0.497474, 0.499398, -0.495437]
[0.672178, -0.000279, -0.497498, 0.499399, -0.495414]
[0.672178, 0.000154, -0.497497, 0.499398, -0.495412]
[0.672178, -0.000131, -0.49753, 0.499399, -0.495425]
[0.672181, -0.000537, -0.497598, 0.499399, -0.495421]
[0.672179, -0.000885, -0.497523, 0.499397, -0.495433]
[0.672181, -0.000897, -0.497503, 0.499396, -0.495419]
[0.672179, 0.000102, -0.497503, 0.499398, -0.495434]
[0.67218, 0.000147, -0.497483, 0.499397, -0.495416]
[0.672181, 0.000289, -0.497467, 0.499397, -0.495442]
[0.672181, -0.001175, -0.497456, 0.499397, -0.495423]
[0.672181, -0.000158, -0.497554, 0.4994, -0.495406]
[0.672177, 0.000157, -0.497595, 0.4994, -0.495442]
[0.672178, 0.000219, -0.49754, 0.4994, -0.495445]
[0.672182, -0.000431, -0.497542, 0.4994, -0.495438]
[0.67218, -5.8e-05, -0.497521, 0.499396, -0.495405]
[0.672177, -0.001302, -0.497473, 0.499399, -0.495425]
[0.672181, -0.000409, -0.497584, 0.4994, -0.495411]
[0.67218, -0.000252, -0.497506, 0.499397, -0.495434]
[0.672179, 0.000283, -0.497536, 0.499399, -0.495444]
[0.672177, -0.000489, -0.497485, 0.499397, -0.495448]
[0.672181, -0.001355, -0.497566, 0.499396, -0.495425]
[0.672181, -0.000169, -0.497493, 0.499399, -0.495408]
[0.672181, -0.000632, -0.49757, 0.4994, -0.495428]
[0.672182, 0.000206, -0.49752, 0.499396, -0.495443]
[0.672178, -0.000315, -0.497509, 0.499398, -0.495406]
[0.672181, -0.000533, -0.497582, 0.499399, -0.495422]
[0.672181, -0.000702, -0.497527, 0.499399, -0.495436]
[0.672182, -5.7e-05, -0.497541, 0.499399, -0.495445]
[0.67218, -0.00127, -0.497466, 0.499397, -0.495406]
[0.672177, 0.000104, -0.497523, 0.499397, -0.495433]
[0.672181, -5.3e-05, -0.497591, 0.499398, -0.495408]
[0.672181, -0.000401, -0.497583, 0.499399, -0.495428]
[0.672182, 0.00036, -0.497491, 0.499399, -0.495422]
[0.672179, -0.000847, -0.497459, 0.4994, -0.495426]
[0.672181, -0.000384, -0.49757, 0.499397, -0.495422]
[0.672182, -0.000176, -0.497574, 0.499399, -0.495438]
[0.672177, -0.000759, -0.497496, 0.499399, -0.495405]
[0.67218, -0.000333, -0.497589, 0.499397, -0.495432]
[0.67218, -0.000469, -0.497552, 0.499396, -0.495443]
[0.672178, 0.000274, -0.497513, 0.499396, -0.495429]
[0.67218, -0.000303, -0.497572, 0.499396, -0.495436]
[0.67218, -8.4e-05, -0.497563, 0.499398, -0.495441]
[0.672178, -0.000349, -0.497578, 0.499397, -0.495435]
[0.672182, -0.001157, -0.497551, 0.499397, -0.495409]
[0.67218, -0.000808, -0.497585, 0.499397, -0.495449]
[0.67218, 0.000233, -0.497479, 0.499398, -0.495446]
[0.67218, -0.001106, -0.49751, 0.499397, -0.495417]
[0.672178, 0.000106, -0.497523, 0.499399, -0.495421]
[0.67218, 0.000167, -0.497513, 0.4994, -0.495427]
[0.672178, -0.001118, -0.49749, 0.499397, -0.495423]
[0.672177, -0.000317, -0.497526, 0.499398, -0.495436]
[0.672182, -0.000496, -0.497546, 0.499397, -0.495435]
[0.672179, -0.000305, -0.497544, 0.499396, -0.495437]
[0.672181, -0.001083, -0.497468, 0.4994, -0.495441]
[0.672178, -0.000991, -0.497525, 0.499397, -0.495444]
[0.672182, -0.001307, -0.497571, 0.499396, -0.495406]
[0.672181, -0.000201, -0.497595, 0.4994, -0.495405]
[0.672181, -0.000626, -0.497482, 0.499397, -0.495444]
[0.672181, 0.00036, -0.497576, 0.499398, -0.495415]
[0.672181, 0.00019, -0.497496, 0.499399, -0.495411]
[0.672179, 0.000209, -0.497512, 0.499396, -0.495424]
[0.672182, -0.0003, -0.497543, 0.499397, -0.495407]
[0.672178, -0.001046, -0.497497, 0.499399, -0.495405]
[0.67218, -0.000343, -0.497604, 0.499398, -0.495436]
[0.672179, -0.000285, -0.497465, 0.499399, -0.495412]
[0.672178, -0.000246, -0.497594, 0.499399, -0.495419]
[0.672178, -0.000633, -0.497529, 0.499398, -0.495411]
[0.672181, -0.000651, -0.497471, 0.4994, -0.495445]
[0.672178, 3e-06, -0.497472, 0.499398, -0.495438]
[0.672181, -0.000776, -0.497596, 0.499398, -0.495417]
[0.672178, -0.001118, -0.49756, 0.499396, -0.495415]
[0.672181, -0.000627, -0.497539, 0.4994, -0.495416]
[0.672178, -0.00022, -0.497514, 0.4994, -0.495422]
[0.672181, 0.000224, -0.497574, 0.499398, -0.495426]
[0.672181, -0.000439, -0.497565, 0.499396, -0.495431]
[0.672181, -0.000732, -0.497494, 0.4994, -0.495439]
[0.67218, -0.001108, -0.497501, 0.499399, -0.495422]
[0.672179, 0.000213, -0.497504, 0.4994, -0.495447]
[0.672179, -0.000548, -0.49749, 0.499398, -0.495433]
[0.67218, -9.6e-05, -0.497512, 0.499398, -0.495439]
[0.672181, -0.001156, -0.497543, 0.499397, -0.495431]
[0.67218, -0.001002, -0.497549, 0.499398, -0.495434]
[0.67218, -0.001269, -0.497573, 0.499398, -0.495433]
[0.67218, -0.001148, -0.49757, 0.499399, -0.495434]
[0.672177, -0.001312, -0.497535, 0.499397, -0.495437]
[0.67218, -0.001287, -0.497532, 0.499396, -0.495446]
[0.672179, -0.001261, -0.497508, 0.499397, -0.495428]
[0.672177, -0.000259, -0.497565, 0.499398, -0.495419]
[0.672182, 0.000305, -0.497516, 0.499397, -0.495418]
[0.672178, 0.000247, -0.497541, 0.4994, -0.49542]
[0.672182, -0.00116, -0.49746, 0.499399, -0.495416]
[0.672181, -0.00115, -0.497494, 0.499396, -0.495411]
[0.67218, -0.000481, -0.497531, 0.499399, -0.49542]
[0.67218, -0.001207, -0.497571, 0.499399, -0.495433]
[0.672177, -0.001004, -0.497514, 0.499397, -0.495434]
[0.672181, -0.001372, -0.497497, 0.499398, -0.495419]
[0.672181, 5.5e-05, -0.497507, 0.499398, -0.495447]
[0.67218, -5.5e-05, -0.497521, 0.499398, -0.495449]
[0.67218, 0.000283, -0.497498, 0.499399, -0.495446]
[0.672179, 0.000164, -0.497528, 0.499398, -0.495412]
[0.672178, -0.000905, -0.497492, 0.499396, -0.495447]
[0.672178, 4.1e-05, -0.497565, 0.4994, -0.495447]
[0.672178, -0.001074, -0.497589, 0.499398, -0.495434]
[0.672181, -0.000951, -0.497501, 0.4994, -0.495436]
[0.67218, 6.9e-05, -0.497486, 0.499396, -0.495404]
[0.672179, 1.3e-05, -0.497531, 0.499397, -0.495435]
[0.672179, 0.000164, -0.497596, 0.499397, -0.495433]
[0.672178, -0.00017, -0.497586, 0.4994, -0.495426]
[0.672181, 0.000306, -0.497602, 0.499398, -0.495417]
[0.672182, -0.000504, -0.497463, 0.499398, -0.49542]
[0.672177, -0.00041, -0.497532, 0.499397, -0.49543]
[0.672178, -0.000824, -0.497546, 0.499396, -0.495447]
[0.672181, -0.000263, -0.497491, 0.499398, -0.495437]
[0.672181, -0.000938, -0.49752, 0.499399, -0.495443]
[0.672177, -0.001218, -0.497486, 0.499397, -0.495448]
[0.672177, -0.001294, -0.497588, 0.499397, -0.495444]
[0.672181, -0.000119, -0.49752, 0.499397, -0.495432]
[0.672177, -0.000463, -0.497474, 0.499397, -0.495433]
[0.672179, -0.001324, -0.497476, 0.499399, -0.495445]
[0.67218, -0.001179, -0.497528, 0.499398, -0.495411]
[0.672179, -5.3e-05, -0.49749, 0.499396, -0.495443]
[0.672181, -0.000786, -0.49746, 0.4994, -0.495424]
[0.672178, 0.000301, -0.49752, 0.499398, -0.495446]
[0.672179, 0.000145, -0.497549, 0.4994, -0.495415]
[0.672177, -0.001266, -0.497539, 0.499396, -0.495417]
[0.67218, 0.00025, -0.497558, 0.499398, -0.495427]
[0.672181, -0.000943, -0.497558, 0.499396, -0.49542]
[0.67218, -0.000494, -0.497505, 0.499398, -0.495438]
[0.672181, -0.000974, -0.497465, 0.499399, -0.495442]
[0.67218, -0.001222, -0.497506, 0.499399, -0.495431]
[0.672178, -0.001263, -0.497461, 0.4994, -0.49542]
[0.67218, -1.1e-05, -0.497598, 0.499397, -0.495416]
[0.672179, -0.000525, -0.497463, 0.499398, -0.495434]
[0.672181, -0.000489, -0.497606, 0.4994, -0.495448]
[0.67218, -0.000519, -0.497561, 0.499396, -0.49542]
[0.672179, -0.000672, -0.49746, 0.499396, -0.495431]
[0.672178, -0.000898, -0.49751, 0.499397, -0.49543]
[0.672182, -0.000689, -0.497544, 0.499397, -0.495446]
[0.672178, -0.001074, -0.497474, 0.499398, -0.495442]
[0.672181, -0.001241, -0.497571, 0.499399, -0.495404]
[0.672178, -0.001029, -0.497466, 0.499399, -0.495446]
[0.672181, 0.000297, -0.497529, 0.499397, -0.495406]
[0.67218, -0.001098, -0.49757, 0.499399, -0.495434]
[0.672181, -0.001401, -0.497497, 0.499398, -0.495418]
[0.672181, -0.001373, -0.497497, 0.499398, -0.495419]
[0.672181, -0.001397, -0.497497, 0.499398, -0.495419]
[0.672181, -0.001389, -0.497497, 0.499398, -0.495419]
[0.672181, -0.001396, -0.497497, 0.499398, -0.495419]
[0.672181, -0.001377, -0.497497, 0.499398, -0.495419]
[0.672181, -0.001405, -0.497497, 0.499398, -0.495419]
[0.672181, -0.001371, -0.497497, 0.499398, -0.495419]
[0.672181, -0.001416, -0.497497, 0.499398, -0.495418]
[0.672181, -0.001382, -0.497497, 0.499398, -0.495418]
[0.672181, -0.001374, -0.497497, 0.499398, -0.495418]
[0.672181, -0.00141, -0.497497, 0.499398, -0.495418]
[0.672181, -0.00137, -0.497497, 0.499398, -0.495418]
[0.672181, -0.001405, -0.497497, 0.499398, -0.495418]
[0.672181, -0.001383, -0.497497, 0.499398, -0.495419]
[0.672181, -0.001395, -0.497497, 0.499398, -0.495419]
[0.672181, -0.001365, -0.497497, 0.499398, -0.495419]
[0.672181, -0.001371, -0.497497, 0.499398, -0.495418]
[0.672181, -0.001366, -0.497497, 0.499398, -0.495419]
[0.672181, -0.001394, -0.497497, 0.499398, -0.495419]
[0.672181, -0.001418, -0.497497, 0.499398, -0.495418]
[0.672181, -0.001409, -0.497497, 0.499398, -0.495418]
[0.672181, -0.001417, -0.497497, 0.499398, -0.495418]
[0.672181, -0.00141, -0.497497, 0.499398, -0.495419]
[0.672181, -0.001411, -0.497497, 0.499398, -0.495419]
[0.672181, -0.001387, -0.497497, 0.499398, -0.495418]
[0.672181, -0.001418, -0.497497, 0.499398, -0.495419]
[0.672181, -0.001386, -0.497497, 0.499398, -0.495418]
[0.672181, -0.001378, -0.497497, 0.499398, -0.495418]
[0.672181, -0.001378, -0.497497, 0.499398, -0.495419]
[0.672181, -0.001389, -0.497497, 0.499398, -0.495418]
[0.672181, -0.00139, -0.497497, 0.499398, -0.495418]
[0.672181, -0.001411, -0.497497, 0.499398, -0.495418]
[0.672181, -0.001414, -0.497497, 0.499398, -0.495418]
[0.672181, -0.001381, -0.497497, 0.499398, -0.495418]
[0.672181, -0.001408, -0.497497, 0.499398, -0.495418]
[0.672181, -0.001401, -0.497497, 0.499398, -0.495419]
[0.672181, -0.001421, -0.497497, 0.499398, -0.495419]
[0.672181, -0.001396, -0.497497, 0.499398, -0.495418]
[0.672181, -0.001387, -0.497497, 0.499398, -0.495419]
[0.672181, -0.001381, -0.497497, 0.499398, -0.495419]
[0.672181, -0.001402, -0.497497, 0.499398, -0.495418]
[0.672181, -0.001383, -0.497497, 0.499398, -0.495418]
[0.672181, -0.001408, -0.497497, 0.499398, -0.495419]
[0.672181, -0.001409, -0.497497, 0.499398, -0.495419]
[0.672181, -0.001376, -0.497497, 0.499398, -0.495418]
[0.672181, -0.001413, -0.497497, 0.499398, -0.495418]
[0.672181, -0.001392, -0.497497, 0.499398, -0.495418]
[0.672181, -0.001419, -0.497497, 0.499398, -0.495419]
[0.672181, -0.0014, -0.497497, 0.499398, -0.495418]
[0.672181, -0.001419, -0.497497, 0.499398, -0.495418]
[0.672181, -0.001384, -0.497497, 0.499398, -0.495419]
[0.672181, -0.001413, -0.497497, 0.499398, -0.495419]
[0.672181, -0.001412, -0.497497, 0.499398, -0.495418]
[0.672181, -0.001369, -0.497497, 0.499398, -0.495418]
[0.672181, -0.001399, -0.497497, 0.499398, -0.495419]
[0.672181, -0.001393, -0.497497, 0.499398, -0.495419]
[0.672181, -0.001382, -0.497497, 0.499398, -0.495419]
[0.672181, -0.001417, -0.497497, 0.499398, -0.495419]
[0.672181, -0.001399, -0.497497, 0.499398, -0.495418]
[0.672181, -0.001379, -0.497497, 0.499398, -0.495418]
[0.672181, -0.001395, -0.497497, 0.499398, -0.495418]
[0.672181, -0.00137, -0.497497, 0.499398, -0.495419]
[0.672181, -0.001406, -0.497497, 0.499398, -0.495418]
[0.672181, -0.001416, -0.497497, 0.499398, -0.495419]
[0.672181, -0.001372, -0.497497, 0.499398, -0.495418]
[0.672181, -0.001422, -0.497497, 0.499398, -0.495418]
[0.672181, -0.00142, -0.497497, 0.499398, -0.495418]
[0.672181, -0.001374, -0.497497, 0.499398, -0.495419]
[0.672181, -0.001385, -0.497497, 0.499398, -0.495419]
[0.672181, -0.001392, -0.497497, 0.499398, -0.495419]
[0.672181, -0.001398, -0.497497, 0.499398, -0.495418]
[0.672181, -0.001414, -0.497497, 0.499398, -0.495419]
[0.672181, -0.001373, -0.497497, 0.499398, -0.495418]
[0.672181, -0.001388, -0.497497, 0.499398, -0.495418]
[0.672181, -0.001369, -0.497497, 0.499398, -0.495419]
[0.672181, -0.001412, -0.497497, 0.499398, -0.495419]
[0.672181, -0.001406, -0.497497, 0.499398, -0.495419]
[0.672181, -0.001403, -0.497497, 0.499398, -0.495418]
[0.672181, -0.001391, -0.497497, 0.499398, -0.495419]
[0.672181, -0.00139, -0.497497, 0.499398, -0.495419]
[0.672181, -0.001376, -0.497497, 0.499398, -0.495419]
[0.672181, -0.001404, -0.497497, 0.499398, -0.495419]
[0.672181, -0.001377, -0.497497, 0.499398, -0.495418]
[0.672181, -0.0014, -0.497497, 0.499398, -0.495419]
[0.672181, -0.001388, -0.497497, 0.499398, -0.495419]
[0.672181, -0.001402, -0.497497, 0.499398, -0.495419]
[0.672181, -0.001375, -0.497497, 0.499398, -0.495418]
[0.672181, -0.001367, -0.497497, 0.499398, -0.495418]
[0.672181, -0.001375, -0.497497, 0.499398, -0.495419]
[0.672181, -0.001391, -0.497497, 0.499398, -0.495418]
[0.672181, -0.001397, -0.497497, 0.499398, -0.495418]
[0.672181, -0.001422, -0.497497, 0.499398, -0.495419]
[0.672181, -0.001398, -0.497497, 0.499398, -0.495419]
[0.672181, -0.001393, -0.497497, 0.499398, -0.495418]
[0.672181, -0.001385, -0.497497, 0.499398, -0.495418]
[0.672181, -0.00138, -0.497497, 0.499398, -0.495419]
[0.672181, -0.001421, -0.497497, 0.499398, -0.495418]
[0.672181, -0.001407, -0.497497, 0.499398, -0.495419]
[0.672181, -0.001407, -0.497497, 0.499398, -0.495418]
[0.672181, -0.001368, -0.497497, 0.499398, -0.495419]
[0.672181, -0.001384, -0.497497, 0.499398, -0.495418]
[0.672181, -0.001365, -0.497497, 0.499398, -0.495418]
[0.672181, -0.00142, -0.497497, 0.499398, -0.495419]
[0.672181, -0.001368, -0.497497, 0.499398, -0.495418]
[0.672181, -0.001394, -0.497497, 0.499398, -0.495418]
[0.672181, -0.001366, -0.497497, 0.499398, -0.495418]
[0.672181, -0.001367, -0.497497, 0.499398, -0.495419]
[0.672181, -0.001386, -0.497497, 0.499398, -0.495419]
[0.672181, -0.001404, -0.497497, 0.499398, -0.495418]
[0.672181, -0.001379, -0.497497, 0.499398, -0.495419]
[0.613581, 0.005215, -0.371135, 0.452774, -0.474971]
[0.613348, 0.005504, -0.375056, 0.45262, -0.475018]
[0.613564, 0.00512, -0.376882, 0.45217, -0.473023]
[0.613306, 0.00537, -0.377519, 0.452797, -0.472949]
[0.613035, 0.00582, -0.375455, 0.452548, -0.473664]
[0.612959, 0.005392, -0.368142, 0.452507, -0.473237]
[0.612871, 0.005039, -0.370959, 0.452211, -0.474231]
[0.613195, 0.005549, -0.373167, 0.452354, -0.473745]
[0.613265, 0.005705, -0.369413, 0.452776, -0.474534]
[0.613531, 0.005362, -0.371448, 0.452533, -0.472573]
[0.612972, 0.005398, -0.378889, 0.452635, -0.474499]
[0.612903, 0.00555, -0.378773, 0.452456, -0.474097]
[0.613554, 0.005237, -0.37564, 0.452742, -0.475101]
[0.613545, 0.005561, -0.376427, 0.45237, -0.474095]
[0.61294, 0.005528, -0.377474, 0.45256, -0.474084]
[0.61358, 0.005956, -0.378248, 0.45248, -0.474078]
[0.612949, 0.005854, -0.372777, 0.452185, -0.473505]
[0.613208, 0.005397, -0.37842, 0.452594, -0.47491]
[0.613075, 0.005708, -0.375441, 0.452673, -0.474333]
[0.613187, 0.005681, -0.378728, 0.452418, -0.473966]
[0.613012, 0.005125, -0.371618, 0.452799, -0.474633]
[0.613321, 0.005798, -0.371909, 0.452183, -0.474261]
[0.612988, 0.005051, -0.367767, 0.452789, -0.474404]
[0.61359, 0.005099, -0.373407, 0.45227, -0.475131]
[0.61359, 0.005957, -0.3776, 0.452419, -0.473874]
[0.613496, 0.005721, -0.368742, 0.45219, -0.472925]
[0.613394, 0.005894, -0.370784, 0.452472, -0.47386]
[0.613513, 0.005145, -0.368115, 0.452752, -0.474164]
[0.612956, 0.00566, -0.372227, 0.452374, -0.475089]
[0.613564, 0.005814, -0.378708, 0.452756, -0.473413]
[0.613425, 0.005031, -0.368106, 0.452796, -0.472419]
[0.61353, 0.005536, -0.376521, 0.452749, -0.473526]
[0.613566, 0.005091, -0.373387, 0.452706, -0.473378]
[0.61307, 0.005318, -0.367632, 0.452771, -0.473519]
[0.61341, 0.005658, -0.376307, 0.452164, -0.473539]
[0.613175, 0.005643, -0.375199, 0.452721, -0.473494]
[0.613302, 0.00514, -0.368414, 0.452168, -0.472402]
[0.612932, 0.005834, -0.377656, 0.452348, -0.474925]
[0.613071, 0.005973, -0.36962, 0.45217, -0.474235]
[0.613137, 0.005165, -0.36815, 0.452626, -0.473519]
[0.613016, 0.005244, -0.378954, 0.452212, -0.474129]
[0.613347, 0.005467, -0.369266, 0.452552, -0.472587]
[0.613112, 0.005472, -0.370581, 0.45236, -0.472965]
[0.613213, 0.005202, -0.372544, 0.452449, -0.472701]
[0.613403, 0.005557, -0.369806, 0.452313, -0.472394]
[0.613321, 0.005052, -0.377806, 0.452457, -0.475139]
[0.613138, 0.005748, -0.376267, 0.452541, -0.474178]
[0.61314, 0.005169, -0.37044, 0.452804, -0.474888]
[0.613548, 0.005738, -0.368327, 0.452779, -0.474963]
[0.61349, 0.005208, -0.37844, 0.452366, -0.474429]
[0.613365, 0.005967, -0.367914, 0.45231, -0.474697]
[0.613588, 0.005806, -0.374864, 0.452711, -0.474221]
[0.613065, 0.00595, -0.368994, 0.452565, -0.472654]
[0.613235, 0.005193, -0.368241, 0.452238, -0.473188]
[0.6131, 0.005336, -0.372632, 0.452348, -0.473598]
[0.61345, 0.005383, -0.369795, 0.4523, -0.473719]
[0.613096, 0.005171, -0.370927, 0.452388, -0.47285]
[0.613367, 0.005596, -0.368677, 0.45254, -0.474758]
[0.612955, 0.005213, -0.370033, 0.452449, -0.473671]
[0.613481, 0.00575, -0.377844, 0.452779, -0.472544]
[0.613349, 0.005695, -0.372522, 0.452811, -0.472913]
[0.612986, 0.00586, -0.378773, 0.452228, -0.474259]
[0.613124, 0.005653, -0.370354, 0.452732, -0.474802]
[0.612934, 0.00577, -0.368309, 0.452814, -0.474409]
[0.613615, 0.005856, -0.370939, 0.45252, -0.473778]
[0.613195, 0.005135, -0.377723, 0.452407, -0.474561]
[0.612935, 0.005303, -0.37187, 0.452324, -0.473648]
[0.613573, 0.005723, -0.369346, 0.45278, -0.472798]
[0.613299, 0.005959, -0.372395, 0.452447, -0.473399]
[0.613547, 0.005622, -0.378212, 0.452477, -0.474205]
[0.612864, 0.005401, -0.376544, 0.452705, -0.473578]
[0.613421, 0.005295, -0.372126, 0.452354, -0.474963]
[0.613049, 0.005646, -0.376915, 0.452534, -0.474295]
[0.613145, 0.005297, -0.369428, 0.452175, -0.472495]
[0.613092, 0.005428, -0.373588, 0.452635, -0.472579]
[0.613208, 0.005663, -0.369739, 0.452789, -0.474469]
[0.612989, 0.00523, -0.375253, 0.45274, -0.474767]
[0.613277, 0.005377, -0.36968, 0.452791, -0.473514]
[0.612888, 0.005034, -0.370798, 0.452664, -0.474575]
[0.613009, 0.005592, -0.368104, 0.452818, -0.473435]
[0.612876, 0.005288, -0.368977, 0.452787, -0.472621]
[0.613177, 0.005295, -0.37609, 0.452411, -0.472952]
[0.61345, 0.005076, -0.375004, 0.452175, -0.474099]
[0.613401, 0.005749, -0.371516, 0.45277, -0.474072]
[0.613527, 0.0056, -0.369727, 0.45254, -0.47388]
[0.613443, 0.005527, -0.37271, 0.452215, -0.474122]
[0.613327, 0.005113, -0.374832, 0.452479, -0.472606]
[0.613025, 0.005603, -0.372595, 0.452381, -0.472293]
[0.613313, 0.005341, -0.375098, 0.452204, -0.473497]
[0.612929, 0.005648, -0.377443, 0.452512, -0.473462]
[0.613163, 0.005322, -0.376529, 0.452686, -0.473622]
[0.613421, 0.00555, -0.376279, 0.452468, -0.473651]
[0.613142, 0.005227, -0.374707, 0.45233, -0.474252]
[0.612973, 0.005082, -0.37602, 0.452493, -0.473366]
[0.61337, 0.005103, -0.378319, 0.45265, -0.472799]
[0.613416, 0.005515, -0.377445, 0.452546, -0.475052]
[0.613196, 0.005232, -0.369601, 0.452601, -0.472551]
[0.61289, 0.005814, -0.36882, 0.452386, -0.472498]
[0.613322, 0.005179, -0.375653, 0.452635, -0.475139]
[0.612905, 0.005189, -0.370988, 0.452733, -0.474655]
[0.613451, 0.005509, -0.375504, 0.452606, -0.472648]
[0.613157, 0.005448, -0.368902, 0.452281, -0.474923]
[0.612896, 0.005732, -0.374303, 0.452502, -0.474843]
[0.613375, 0.005201, -0.37545, 0.452514, -0.472366]
[0.613518, 0.00509, -0.37479, 0.452701, -0.472465]
[0.613113, 0.005719, -0.372899, 0.452568, -0.472664]
[0.613105, 0.005234, -0.370766, 0.452576, -0.472935]
[0.613496, 0.005649, -0.374282, 0.4526, -0.474373]
[0.612865, 0.005362, -0.371302, 0.452314, -0.473335]
[0.613033, 0.005832, -0.375143, 0.452483, -0.474242]
[0.613301, 0.005857, -0.376585, 0.452334, -0.474924]
[0.613555, 0.005429, -0.376518, 0.452356, -0.474828]
[0.61299, 0.005735, -0.37255, 0.452209, -0.472831]
[0.613085, 0.005199, -0.368933, 0.452404, -0.473374]
[0.613463, 0.005937, -0.376491, 0.452831, -0.472541]
[0.613064, 0.005449, -0.374685, 0.452341, -0.473367]
[0.613259, 0.005845, -0.368342, 0.452713, -0.472962]
[0.613504, 0.005316, -0.376944, 0.452787, -0.472928]
[0.613314, 0.005187, -0.376279, 0.452711, -0.474843]
[0.613015, 0.005619, -0.3694, 0.452605, -0.474468]
[0.613298, 0.005689, -0.375423, 0.45245, -0.474338]
[0.613255, 0.00511, -0.367873, 0.452775, -0.47476]
[0.613521, 0.005782, -0.372638, 0.452271, -0.474412]
[0.613389, 0.005225, -0.375004, 0.452713, -0.472776]
[0.613449, 0.005354, -0.376033, 0.452663, -0.473988]
[0.613389, 0.005775, -0.367863, 0.452696, -0.473106]
[0.613392, 0.005464, -0.368992, 0.452227, -0.473915]
[0.613189, 0.005408, -0.374953, 0.45283, -0.473065]
[0.613156, 0.005518, -0.375785, 0.452603, -0.474744]
[0.613109, 0.005778, -0.373709, 0.452779, -0.4747]
[0.613417, 0.00509, -0.367695, 0.452464, -0.474744]
[0.613367, 0.005317, -0.37781, 0.452167, -0.472368]
[0.613519, 0.005475, -0.369653, 0.452309, -0.473794]
[0.613253, 0.00568, -0.37226, 0.452608, -0.474262]
[0.613588, 0.005505, -0.376782, 0.452768, -0.474562]
[0.613159, 0.005789, -0.375743, 0.452695, -0.474807]
[0.613072, 0.005352, -0.368097, 0.452818, -0.475124]
[0.613251, 0.005054, -0.379037, 0.452378, -0.474537]
[0.613074, 0.005772, -0.375192, 0.452347, -0.4747]
[0.613594, 0.005421, -0.371033, 0.452448, -0.474624]
[0.613452, 0.005759, -0.368056, 0.452288, -0.472838]
[0.613218, 0.005873, -0.37044, 0.452563, -0.474884]
[0.613035, 0.00531, -0.375665, 0.452801, -0.474677]
[0.612866, 0.005279, -0.37216, 0.452717, -0.474036]
[0.613386, 0.005447, -0.370852, 0.452505, -0.472271]
[0.613565, 0.00592, -0.374217, 0.452406, -0.47434]
[0.613413, 0.005354, -0.369716, 0.45236, -0.474509]
[0.613367, 0.005462, -0.377274, 0.452449, -0.472728]
[0.613537, 0.005865, -0.367604, 0.452289, -0.473977]
[0.613248, 0.005711, -0.36844, 0.452498, -0.472744]
[0.613564, 0.005539, -0.37373, 0.452698, -0.474599]
[0.613319, 0.005044, -0.377805, 0.452462, -0.475114]
[0.613313, 0.005034, -0.377804, 0.452459, -0.475142]
[0.613322, 0.005044, -0.377804, 0.452461, -0.475119]
[0.613321, 0.005054, -0.377806, 0.452462, -0.475141]
[0.613314, 0.00504, -0.377805, 0.452459, -0.475123]
[0.613318, 0.00505, -0.377804, 0.452457, -0.475141]
[0.613318, 0.00505, -0.377805, 0.452457, -0.47515]
[0.613319, 0.00505, -0.377805, 0.45246, -0.475122]
[0.613317, 0.005041, -0.377805, 0.452461, -0.475123]
[0.613318, 0.005042, -0.377805, 0.452461, -0.475109]
[0.613314, 0.005034, -0.377804, 0.452457, -0.475128]
[0.613317, 0.005034, -0.377805, 0.452462, -0.475134]
[0.613321, 0.005045, -0.377806, 0.452456, -0.475149]
[0.613322, 0.005052, -0.377804, 0.452457, -0.475132]
[0.613318, 0.005048, -0.377805, 0.452458, -0.475125]
[0.613316, 0.005039, -0.377806, 0.452461, -0.475121]
[0.613314, 0.005049, -0.377806, 0.452461, -0.475107]
[0.613322, 0.005053, -0.377805, 0.452457, -0.47511]
[0.613321, 0.005037, -0.377804, 0.452459, -0.475148]
[0.61332, 0.005049, -0.377806, 0.452461, -0.475127]
[0.613314, 0.005043, -0.377805, 0.452457, -0.475121]
[0.613317, 0.005039, -0.377806, 0.452458, -0.475142]
[0.613315, 0.005052, -0.377805, 0.452458, -0.475136]
[0.613315, 0.00505, -0.377805, 0.452459, -0.475146]
[0.613318, 0.005049, -0.377804, 0.45246, -0.475143]
[0.613316, 0.005036, -0.377806, 0.452456, -0.475124]
[0.613315, 0.005039, -0.377804, 0.45246, -0.475143]
[0.613313, 0.005046, -0.377804, 0.452462, -0.475108]
[0.613313, 0.005044, -0.377806, 0.452457, -0.475137]
[0.613315, 0.005053, -0.377805, 0.452461, -0.475145]
[0.61332, 0.005046, -0.377806, 0.452459, -0.475149]
[0.613313, 0.005046, -0.377804, 0.452456, -0.475118]
[0.613319, 0.005034, -0.377805, 0.452458, -0.475124]
[0.613322, 0.005042, -0.377805, 0.452461, -0.475116]
[0.613315, 0.005039, -0.377805, 0.452459, -0.475136]
[0.61332, 0.005053, -0.377806, 0.452456, -0.475128]
[0.613318, 0.005047, -0.377806, 0.452462, -0.475115]
[0.613315, 0.005034, -0.377804, 0.45246, -0.475148]
[0.613319, 0.005048, -0.377805, 0.452458, -0.475106]
[0.61332, 0.005039, -0.377805, 0.452459, -0.475138]
[0.613318, 0.005046, -0.377806, 0.452457, -0.47515]
[0.613313, 0.005033, -0.377804, 0.452459, -0.475112]
[0.613321, 0.005044, -0.377804, 0.452457, -0.475115]
[0.613317, 0.005045, -0.377804, 0.45246, -0.475113]
[0.613318, 0.005038, -0.377804, 0.452462, -0.475112]
[0.613315, 0.005033, -0.377804, 0.452457, -0.475129]
[0.613316, 0.005045, -0.377805, 0.452457, -0.47511]
[0.613316, 0.005053, -0.377805, 0.452459, -0.475108]
[0.613322, 0.005041, -0.377805, 0.45246, -0.475126]
[0.613321, 0.005034, -0.377804, 0.452456, -0.475113]
[0.613314, 0.005052, -0.377804, 0.452459, -0.475135]
[0.613319, 0.005051, -0.377805, 0.452459, -0.475142]
[0.613319, 0.005054, -0.377806, 0.45246, -0.475138]
[0.613319, 0.005039, -0.377804, 0.452457, -0.475114]
[0.613318, 0.005054, -0.377805, 0.452458, -0.475141]
[0.613321, 0.005034, -0.377805, 0.452459, -0.47513]
[0.613321, 0.005054, -0.377805, 0.45246, -0.47513]
[0.613314, 0.005042, -0.377805, 0.452458, -0.475113]
[0.613314, 0.005052, -0.377804, 0.452462, -0.475136]
[0.613318, 0.005042, -0.377805, 0.45246, -0.475133]
[0.613319, 0.005048, -0.377805, 0.452459, -0.475128]
[0.613315, 0.005048, -0.377806, 0.452458, -0.475138]
[0.613321, 0.005051, -0.377805, 0.452456, -0.47513]
[0.613315, 0.00505, -0.377806, 0.45246, -0.475138]
[0.613314, 0.005043, -0.377805, 0.452462, -0.47511]
[0.613317, 0.00504, -0.377806, 0.452459, -0.475116]
[0.613314, 0.00505, -0.377805, 0.45246, -0.475144]
[0.61332, 0.005047, -0.377806, 0.452456, -0.475144]
[0.613319, 0.00505, -0.377805, 0.452457, -0.475132]
[0.613314, 0.005051, -0.377804, 0.452461, -0.475115]
[0.613314, 0.005054, -0.377805, 0.45246, -0.475146]
[0.61332, 0.005052, -0.377806, 0.452457, -0.475145]
[0.613313, 0.005039, -0.377805, 0.452457, -0.475109]
[0.613319, 0.005035, -0.377804, 0.452461, -0.475136]
[0.613315, 0.005048, -0.377806, 0.452458, -0.475143]
[0.613318, 0.005035, -0.377804, 0.45246, -0.475146]
[0.613318, 0.00504, -0.377805, 0.452457, -0.475131]
[0.613318, 0.005054, -0.377805, 0.45246, -0.475123]
[0.613317, 0.005051, -0.377804, 0.452461, -0.475133]
[0.613321, 0.005043, -0.377806, 0.452458, -0.475106]
[0.613316, 0.00505, -0.377806, 0.452461, -0.475121]
[0.613314, 0.005053, -0.377804, 0.452461, -0.475144]
[0.613319, 0.005051, -0.377805, 0.452461, -0.475139]
[0.613315, 0.005052, -0.377806, 0.452459, -0.475115]
[0.613319, 0.005034, -0.377805, 0.452458, -0.475106]
[0.613313, 0.005052, -0.377804, 0.452458, -0.475115]
[0.613322, 0.005039, -0.377806, 0.452461, -0.475145]
[0.61332, 0.005054, -0.377805, 0.45246, -0.475114]
[0.613314, 0.005043, -0.377805, 0.452461, -0.475137]
[0.613316, 0.005046, -0.377804, 0.452459, -0.475144]
[0.613321, 0.005049, -0.377805, 0.452458, -0.475116]
[0.613317, 0.005055, -0.377805, 0.452459, -0.475141]
[0.613315, 0.005048, -0.377804, 0.452457, -0.475126]
[0.613318, 0.00504, -0.377804, 0.452459, -0.475126]
[0.613321, 0.005053, -0.377804, 0.452457, -0.475122]
[0.613316, 0.005043, -0.377806, 0.452457, -0.475117]
[0.613314, 0.00505, -0.377804, 0.452461, -0.475116]
[0.613315, 0.005053, -0.377804, 0.45246, -0.475145]
[0.613318, 0.005039, -0.377806, 0.452457, -0.475144]
[0.613316, 0.00504, -0.377805, 0.452461, -0.475141]
[0.613315, 0.005038, -0.377805, 0.452461, -0.475132]
[0.613314, 0.005039, -0.377804, 0.452457, -0.475145]
[0.613318, 0.005043, -0.377805, 0.45246, -0.475119]
[0.613316, 0.005045, -0.377804, 0.452461, -0.475138]
[0.613314, 0.005035, -0.377806, 0.452458, -0.475137]
[0.613315, 0.005041, -0.377806, 0.452461, -0.475111]
[0.613314, 0.005035, -0.377804, 0.452458, -0.475115]
[0.613321, 0.005038, -0.377805, 0.452456, -0.475114]
[0.61332, 0.005055, -0.377804, 0.452461, -0.475113]
[0.61332, 0.005038, -0.377806, 0.452462, -0.475146]
[0.613319, 0.005054, -0.377805, 0.452459, -0.475145]
[0.613316, 0.005034, -0.377806, 0.452457, -0.47512]
[0.613316, 0.005054, -0.377805, 0.452461, -0.475132]
[0.61332, 0.005044, -0.377805, 0.452456, -0.475118]
[0.613318, 0.00505, -0.377806, 0.452458, -0.475131]
[0.613318, 0.005041, -0.377805, 0.452461, -0.475142]
[0.61332, 0.00505, -0.377806, 0.452458, -0.475133]
[0.613317, 0.00505, -0.377806, 0.452461, -0.475148]
[0.61332, 0.005047, -0.377804, 0.452459, -0.475134]
[0.613319, 0.005039, -0.377805, 0.452462, -0.475121]
[0.613317, 0.00505, -0.377804, 0.452462, -0.475114]
[0.613318, 0.005044, -0.377805, 0.452459, -0.475141]
[0.613317, 0.005042, -0.377805, 0.452457, -0.475131]
[0.613322, 0.005038, -0.377805, 0.452459, -0.475116]
[0.613319, 0.005048, -0.377805, 0.452457, -0.475131]
[0.613317, 0.00505, -0.377804, 0.45246, -0.475112]
[0.613318, 0.005033, -0.377805, 0.452461, -0.47511]
[0.613314, 0.005038, -0.377804, 0.452458, -0.475141]
[0.613317, 0.00505, -0.377806, 0.452459, -0.475125]
[0.613316, 0.005052, -0.377804, 0.452459, -0.475124]
[0.613318, 0.005043, -0.377806, 0.452457, -0.475143]
[0.613317, 0.005054, -0.377805, 0.452459, -0.475131]
[0.613316, 0.005037, -0.377806, 0.452457, -0.475145]
[0.613321, 0.005052, -0.377806, 0.452462, -0.475129]
[0.613319, 0.00504, -0.377805, 0.452462, -0.475135]
[0.613314, 0.005047, -0.377806, 0.452461, -0.475146]
[0.613321, 0.005046, -0.377805, 0.452457, -0.475134]
[0.61332, 0.005034, -0.377805, 0.452461, -0.475136]
[0.613318, 0.005046, -0.377804, 0.452458, -0.47513]
[0.613317, 0.005042, -0.377804, 0.452459, -0.475106]
[0.61332, 0.005052, -0.377805, 0.452456, -0.475141]
[0.61332, 0.005049, -0.377805, 0.452457, -0.475146]
[0.613316, 0.005037, -0.377805, 0.452457, -0.47514]
[0.61332, 0.005047, -0.377805, 0.452459, -0.475137]
[0.613317, 0.005034, -0.377805, 0.452459, -0.475146]
[0.613315, 0.005048, -0.377805, 0.45246, -0.475136]
[0.613321, 0.005043, -0.377805, 0.45246, -0.475119]
[0.61332, 0.005044, -0.377805, 0.452459, -0.475126]
[0.613318, 0.005049, -0.377805, 0.452458, -0.47513]
[0.613321, 0.005042, -0.377804, 0.452461, -0.475147]
[0.613315, 0.005033, -0.377804, 0.45246, -0.475148]
[0.636822, 0.006269, -0.423659, 0.492308, -0.487362]
[0.666687, 0.004994, -0.460176, 0.465866, -0.488251]
[0.637054, 0.006602, -0.423944, 0.492208, -0.487046]
[0.63744, 0.010275, -0.423685, 0.492114, -0.487069]
[0.637542, 0.0104, -0.42367, 0.491913, -0.487152]
[0.636906, 0.008136, -0.423665, 0.49203, -0.487196]
[0.637527, 0.006231, -0.423785, 0.491784, -0.487167]
[0.636981, 0.006016, -0.423837, 0.492001, -0.487276]
[0.637792, 0.007164, -0.42381, 0.491921, -0.487069]
[0.63736, 0.008008, -0.423938, 0.491898, -0.487171]
[0.637258, 0.00682, -0.423841, 0.491783, -0.48728]
[0.636649, 0.005552, -0.423823, 0.492259, -0.487231]
[0.637558, 0.008027, -0.423679, 0.492188, -0.487331]
[0.637708, 0.007694, -0.423831, 0.491906, -0.487348]
[0.63722, 0.007354, -0.423763, 0.492304, -0.487217]
[0.636938, 0.010281, -0.423751, 0.491921, -0.487157]
[0.636812, 0.005704, -0.423686, 0.491972, -0.487099]
[0.637258, 0.005652, -0.423839, 0.492277, -0.487377]
[0.637334, 0.007604, -0.423757, 0.492202, -0.487124]
[0.637413, 0.00654, -0.423758, 0.491986, -0.48732]
[0.637084, 0.010445, -0.423669, 0.492133, -0.487354]
[0.63753, 0.01018, -0.423954, 0.492296, -0.487235]
[0.636759, 0.007735, -0.423833, 0.491784, -0.487266]
[0.63703, 0.007906, -0.423796, 0.492267, -0.487266]
[0.63701, 0.006618, -0.423768, 0.492248, -0.487178]
[0.637798, 0.006223, -0.423863, 0.492245, -0.487257]
[0.637597, 0.006819, -0.423741, 0.492008, -0.487312]
[0.637203, 0.006461, -0.423704, 0.491933, -0.487051]
[0.637204, 0.00567, -0.423854, 0.492063, -0.487178]
[0.637068, 0.005924, -0.423791, 0.492256, -0.487306]
[0.636986, 0.006241, -0.42394, 0.491929, -0.487124]
[0.637007, 0.007208, -0.423847, 0.492307, -0.487122]
[0.637615, 0.007807, -0.423764, 0.492263, -0.487318]
[0.637579, 0.008252, -0.423745, 0.491862, -0.487158]
[0.636873, 0.006926, -0.423856, 0.491803, -0.487216]
[0.636918, 0.005887, -0.42386, 0.492111, -0.487125]
[0.637161, 0.010252, -0.423728, 0.492138, -0.48726]
[0.637495, 0.006594, -0.423708, 0.492113, -0.4871]
[0.63758, 0.010228, -0.423911, 0.492295, -0.487089]
[0.636827, 0.006536, -0.42376, 0.491865, -0.487263]
[0.637363, 0.010584, -0.423698, 0.491963, -0.487158]
[0.637543, 0.007307, -0.423897, 0.49188, -0.487341]
[0.637617, 0.006454, -0.423818, 0.492169, -0.487131]
[0.637348, 0.005693, -0.42377, 0.492358, -0.487248]
[0.637794, 0.006946, -0.423838, 0.492354, -0.487057]
[0.636999, 0.006762, -0.423705, 0.491953, -0.487087]
[0.637168, 0.008047, -0.42388, 0.492158, -0.487274]
[0.636967, 0.007174, -0.42395, 0.492258, -0.487251]
[0.636995, 0.007321, -0.423802, 0.492285, -0.48728]
[0.637635, 0.005861, -0.423948, 0.492277, -0.487242]
[0.637379, 0.007356, -0.423855, 0.492295, -0.487337]
[0.636999, 0.006899, -0.423948, 0.491964, -0.487072]
[0.6377, 0.00651, -0.423959, 0.491933, -0.487157]
[0.63694, 0.006872, -0.423715, 0.492237, -0.487232]
[0.637651, 0.005529, -0.423955, 0.492229, -0.487247]
[0.636892, 0.007224, -0.423786, 0.492107, -0.487325]
[0.636716, 0.010395, -0.423718, 0.492164, -0.487299]
[0.637626, 0.006339, -0.423917, 0.492111, -0.487268]
[0.636724, 0.010544, -0.42366, 0.492302, -0.48722]
[0.636891, 0.007878, -0.423789, 0.492273, -0.487084]
[0.636757, 0.005529, -0.423926, 0.492005, -0.487178]
[0.636887, 0.007594, -0.423799, 0.49183, -0.487329]
[0.636593, 0.007073, -0.423899, 0.491895, -0.487275]
[0.63702, 0.00655, -0.423862, 0.492173, -0.487221]
[0.637187, 0.006679, -0.423834, 0.491891, -0.487323]
[0.637503, 0.007015, -0.423758, 0.49233, -0.487307]
[0.63713, 0.006002, -0.423793, 0.492275, -0.487288]
[0.63753, 0.007672, -0.423894, 0.491959, -0.48711]
[0.637142, 0.00554, -0.423943, 0.491875, -0.487134]
[0.637102, 0.006575, -0.423926, 0.49226, -0.487202]
[0.637006, 0.007185, -0.423738, 0.491991, -0.487147]
[0.636675, 0.007124, -0.423669, 0.492108, -0.487216]
[0.636656, 0.006755, -0.423835, 0.492183, -0.487271]
[0.636652, 0.006758, -0.423757, 0.492058, -0.487207]
[0.63661, 0.006134, -0.423781, 0.49231, -0.487088]
[0.637773, 0.007567, -0.423847, 0.491793, -0.487153]
[0.636933, 0.006326, -0.423754, 0.491993, -0.487353]
[0.63677, 0.007519, -0.423719, 0.492303, -0.48716]
[0.637423, 0.008069, -0.423665, 0.491886, -0.48732]
[0.637516, 0.00714, -0.423856, 0.492071, -0.487142]
[0.636892, 0.007866, -0.423924, 0.492269, -0.487222]
[0.636608, 0.010409, -0.423946, 0.492123, -0.487264]
[0.637067, 0.006029, -0.423861, 0.492099, -0.487074]
[0.637797, 0.00554, -0.423916, 0.492133, -0.487203]
[0.637622, 0.007806, -0.423883, 0.491952, -0.48715]
[0.63694, 0.007224, -0.423939, 0.491958, -0.487282]
[0.636812, 0.006314, -0.423831, 0.491957, -0.487371]
[0.636776, 0.006294, -0.423903, 0.492306, -0.487108]
[0.636756, 0.006563, -0.423756, 0.492282, -0.487182]
[0.637025, 0.005684, -0.423811, 0.491821, -0.487256]
[0.636962, 0.005894, -0.423916, 0.492199, -0.487122]
[0.637639, 0.00791, -0.42369, 0.492006, -0.487252]
[0.637062, 0.010451, -0.423669, 0.492128, -0.487356]
[0.637085, 0.010504, -0.423669, 0.492129, -0.487353]
[0.637084, 0.010433, -0.42367, 0.492128, -0.487358]
[0.637069, 0.0105, -0.42367, 0.492129, -0.487354]
[0.63707, 0.010448, -0.423669, 0.49213, -0.487358]
[0.63708, 0.010546, -0.423669, 0.492133, -0.487357]
[0.637083, 0.010479, -0.42367, 0.49213, -0.487353]
[0.637077, 0.010442, -0.423669, 0.492128, -0.487357]
[0.637065, 0.010432, -0.42367, 0.492133, -0.487357]
[0.637063, 0.01052, -0.423669, 0.492133, -0.487357]
[0.637069, 0.010499, -0.423669, 0.49213, -0.487357]
[0.637062, 0.010455, -0.423669, 0.492128, -0.487355]
[0.637072, 0.010463, -0.42367, 0.492128, -0.487355]
[0.637077, 0.010474, -0.42367, 0.492132, -0.487357]
[0.637086, 0.010448, -0.42367, 0.492131, -0.487355]
[0.637076, 0.0105, -0.42367, 0.492132, -0.487354]
[0.637075, 0.010536, -0.423669, 0.492129, -0.487357]
[0.637064, 0.010439, -0.42367, 0.492133, -0.487355]
[0.637078, 0.010497, -0.423669, 0.492127, -0.487358]
[0.637079, 0.010434, -0.42367, 0.492128, -0.487354]
[0.637078, 0.010485, -0.42367, 0.492131, -0.487355]
[0.637084, 0.010463, -0.423669, 0.49213, -0.487356]
[0.637067, 0.01054, -0.423669, 0.49213, -0.487355]
[0.63709, 0.010527, -0.423669, 0.492129, -0.487357]
[0.637076, 0.010495, -0.423669, 0.492129, -0.487357]
[0.63707, 0.0105, -0.423669, 0.492132, -0.487354]
[0.63706, 0.010495, -0.42367, 0.492131, -0.487353]
[0.637082, 0.010521, -0.423669, 0.492129, -0.487357]
[0.637065, 0.010529, -0.423669, 0.492132, -0.487354]
[0.637071, 0.010452, -0.423669, 0.492128, -0.487357]
[0.637087, 0.010431, -0.42367, 0.492131, -0.487356]
[0.637089, 0.010505, -0.42367, 0.492128, -0.487356]
[0.637066, 0.010474, -0.42367, 0.492131, -0.487357]
[0.637068, 0.010458, -0.423669, 0.492128, -0.487357]
[0.637068, 0.010449, -0.42367, 0.49213, -0.487354]
[0.637078, 0.01048, -0.423669, 0.492131, -0.487355]
[0.637082, 0.010514, -0.423669, 0.492132, -0.487355]
[0.637079, 0.010487, -0.42367, 0.492131, -0.487354]
[0.637087, 0.010516, -0.42367, 0.492132, -0.487355]
[0.637064, 0.010546, -0.42367, 0.492128, -0.487357]
[0.637072, 0.010469, -0.423669, 0.492127, -0.487354]
[0.637078, 0.010536, -0.42367, 0.49213, -0.487356]
[0.637074, 0.010459, -0.42367, 0.492129, -0.487357]
[0.637081, 0.010531, -0.423669, 0.492132, -0.487357]
[0.63708, 0.01048, -0.423669, 0.492131, -0.487357]
[0.637085, 0.010486, -0.42367, 0.492131, -0.487357]
[0.637063, 0.010535, -0.423669, 0.492131, -0.487357]
[0.637077, 0.010505, -0.423669, 0.492132, -0.487358]
[0.637062, 0.010475, -0.42367, 0.492132, -0.487358]
[0.637063, 0.010474, -0.423669, 0.492131, -0.487357]
[0.637063, 0.010479, -0.42367, 0.492129, -0.487353]
[0.637088, 0.01046, -0.423669, 0.492132, -0.487355]
[0.637076, 0.010497, -0.423669, 0.492128, -0.487354]
[0.637085, 0.010506, -0.42367, 0.492127, -0.487354]
[0.637088, 0.010437, -0.423669, 0.492128, -0.487357]
[0.637074, 0.010498, -0.423669, 0.492132, -0.487355]
[0.637088, 0.010436, -0.423669, 0.492132, -0.487355]
[0.63709, 0.010456, -0.42367, 0.492128, -0.487354]
[0.63707, 0.0105, -0.42367, 0.492133, -0.487357]
[0.63707, 0.010442, -0.42367, 0.49213, -0.487354]
[0.637082, 0.010457, -0.423669, 0.492132, -0.487358]
[0.637082, 0.010542, -0.423669, 0.492131, -0.487357]
[0.637067, 0.010466, -0.423669, 0.492131, -0.487353]
[0.637073, 0.0105, -0.423669, 0.492132, -0.487355]
[0.637073, 0.010499, -0.423669, 0.492132, -0.487355]
[0.637074, 0.010496, -0.423669, 0.492132, -0.487355]
[0.637074, 0.0105, -0.423669, 0.492132, -0.487355]
[0.637074, 0.010499, -0.423669, 0.492132, -0.487355]
[0.637074, 0.010497, -0.423669, 0.492132, -0.487355]
[0.637073, 0.010501, -0.423669, 0.492132, -0.487355]
[0.637073, 0.010497, -0.423669, 0.492132, -0.487355]
[0.637073, 0.010496, -0.423669, 0.492132, -0.487355]
[0.637074, 0.010501, -0.423669, 0.492132, -0.487355]
[0.637073, 0.010498, -0.423669, 0.492132, -0.487355]
