Status: non-adversarial inputs found
[0.656468, 0.187201, -0.197986, 0.497298, -0.4808]
[0.64111, 0.369638, 0.492016, 0.466674, -0.473299]
[0.672487, -0.400103, 0.200831, 0.49068, -0.462275]
[0.673326, -0.276772, 0.192104, 0.498826, -0.468778]
[0.61596, 0.189989, 0.168227, 0.469809, -0.469387]
[0.610982, -0.386165, -0.352503, 0.467935, -0.463722]
[0.641966, 0.403772, -0.128798, 0.481779, -0.47222]
[0.678882, 0.419968, 0.051126, 0.479419, -0.492385]
[0.670715, -0.466952, 0.196433, 0.47091, -0.472103]
[0.667562, -0.238166, -0.457455, 0.470162, -0.473464]
[0.647341, -0.204519, 0.141628, 0.482289, -0.497341]
[0.645615, -0.369784, 0.053737, 0.494156, -0.476385]
[0.666675, -0.300675, 0.047415, 0.465653, -0.492276]
[0.670336, -0.071212, 0.314274, 0.497143, -0.48966]
[0.601939, -0.169328, 0.19387, 0.4694, -0.497934]
[0.604008, 0.064156, 0.464011, 0.456884, -0.470018]
[0.602424, -0.191359, 0.387708, 0.479016, -0.450593]
[0.635639, -0.483982, -0.382001, 0.490389, -0.474331]
[0.635727, 0.119135, 0.091814, 0.477047, -0.472986]
[0.648903, -0.277146, -0.497597, 0.464735, -0.484626]
[0.677437, -0.368965, -0.186944, 0.481547, -0.486]
[0.619096, -0.409355, -0.322025, 0.469076, -0.487193]
[0.634035, -0.053085, -0.462706, 0.476922, -0.481239]
[0.677691, -0.167485, 0.099573, 0.470558, -0.491359]
[0.641657, 0.062196, 0.457404, 0.473227, -0.496329]
[0.636845, 0.475243, 0.478349, 0.456774, -0.469587]
[0.672185, 0.313693, 0.401905, 0.453791, -0.453543]
[0.627818, 0.024154, -0.337568, 0.451709, -0.49154]
[0.666, 0.466366, 0.391522, 0.467333, -0.49719]
[0.601561, -0.040983, 0.082127, 0.456605, -0.491762]
[0.677308, -0.194425, -0.153652, 0.467931, -0.461814]
[0.63729, 0.455571, 0.306449, 0.495069, -0.471479]
[0.627129, -0.451034, 0.098533, 0.472667, -0.48121]
[0.66752, -0.338692, -0.455123, 0.464796, -0.494776]
[0.612831, -0.421385, 0.333514, 0.494887, -0.461968]
[0.629453, -0.397792, 0.28056, 0.488679, -0.464481]
[0.630904, -0.205767, 0.171418, 0.47832, -0.498286]
[0.677835, -0.472104, 0.409206, 0.462435, -0.485023]
[0.662533, 0.066316, 0.408002, 0.464617, -0.491672]
[0.666385, -0.471677, 0.101665, 0.493792, -0.470009]
[0.609266, 0.299251, -0.42172, 0.450003, -0.460969]
[0.614607, 0.033588, -0.172314, 0.493807, -0.48168]
[0.628616, 0.484823, -0.123884, 0.472955, -0.481688]
[0.642765, 0.042618, 0.089872, 0.486196, -0.48306]
[0.65428, 0.276619, -0.176064, 0.453012, -0.486359]
[0.674037, -0.111811, -0.429736, 0.478683, -0.466833]
[0.674871, -0.108888, -0.363642, 0.477336, -0.491482]
[0.671887, 0.381921, -0.344226, 0.461357, -0.486944]
[0.632485, -0.369247, -0.048841, 0.481147, -0.470009]
[0.606144, -0.329423, 0.175518, 0.497695, -0.464253]
[0.630398, -0.25225, 0.155483, 0.465812, -0.468919]
[0.61545, -0.065918, 0.49916, 0.469207, -0.481605]
[0.660421, 0.209477, -0.002061, 0.496475, -0.456834]
[0.660571, -0.016803, -0.396123, 0.497343, -0.491388]
[0.650647, 0.478344, 0.477738, 0.451209, -0.498594]
[0.63054, -0.286304, -0.380607, 0.487902, -0.466374]
[0.66498, 0.222478, -0.495897, 0.481043, -0.489508]
[0.66525, 0.419426, 0.333012, 0.484453, -0.490683]
[0.620381, -0.38226, 0.372689, 0.459269, -0.474589]
[0.643769, -0.184243, -0.159165, 0.494298, -0.452704]
[0.639996, -0.02643, 0.281313, 0.474288, -0.462052]
[0.665678, -0.205123, 0.203286, 0.461206, -0.482563]
[0.628448, 0.353211, -0.194779, 0.453734, -0.472771]
[0.616836, 0.322507, 0.487229, 0.472245, -0.499471]
[0.656822, 0.00769, -0.275563, 0.483648, -0.456525]
[0.606817, 0.086611, -0.458999, 0.463439, -0.482894]
[0.669235, -0.111685, 0.310135, 0.469446, -0.491568]
[0.658413, -0.302134, 0.189626, 0.464402, -0.495924]
[0.676884, -0.228953, 0.178406, 0.491326, -0.465965]
[0.616643, 0.303018, 0.494609, 0.481058, -0.481273]
[0.637626, -0.088749, -0.034022, 0.459105, -0.474576]
[0.666611, -0.087669, -0.014797, 0.479272, -0.494031]
[0.628815, 0.281509, 0.217149, 0.493157, -0.460882]
[0.670992, -0.137465, -0.379432, 0.466166, -0.486549]
[0.622615, -0.28895, 0.237428, 0.487081, -0.474085]
[0.600072, 0.189965, -0.261409, 0.453697, -0.467308]
[0.612202, -0.353308, 0.476171, 0.484095, -0.481487]
[0.613251, -0.057043, 0.162443, 0.493134, -0.458573]
[0.654044, 0.079042, -0.086253, 0.499745, -0.470965]
[0.639574, 0.28239, 0.033544, 0.476944, -0.491048]
[0.609561, 0.373097, -0.176445, 0.467127, -0.481562]
[0.633728, 0.163191, -0.046584, 0.47478, -0.48574]
[0.667953, 0.312777, 0.022049, 0.472906, -0.468437]
[0.607726, 0.136802, -0.021716, 0.491368, -0.459305]
[0.60351, 0.06903, -0.080664, 0.451463, -0.48035]
[0.6264, 0.408986, -0.180978, 0.476334, -0.495064]
[0.636786, 0.196079, 0.425948, 0.499504, -0.450723]
[0.657686, 0.48234, 0.470879, 0.498089, -0.476226]
[0.626137, -0.417551, -0.427171, 0.465019, -0.491249]
[0.64449, -0.291429, 0.114107, 0.467248, -0.462178]
[0.623464, -0.33648, -0.102614, 0.468397, -0.454907]
[0.662477, 0.123838, 0.390268, 0.457017, -0.495954]
[0.65304, -0.479424, -0.305277, 0.490171, -0.484293]
[0.61727, 0.348067, 0.393863, 0.473473, -0.47374]
[0.658737, 0.444143, 0.442543, 0.451599, -0.490242]
[0.624177, -0.052469, 0.326512, 0.457265, -0.470918]
[0.672582, -0.353252, -0.239263, 0.479476, -0.47764]
[0.673313, 0.302355, 0.064423, 0.454365, -0.475662]
[0.649638, 0.137865, 0.019214, 0.456437, -0.463586]
[0.666188, -0.07164, -0.09618, 0.466707, -0.492293]
[0.654362, -0.042104, -0.249248, 0.487799, -0.479031]
[0.665635, 0.358567, 0.233518, 0.48765, -0.459406]
[0.645708, -0.201829, -0.294906, 0.489251, -0.474801]
[0.669872, 0.256808, 0.419859, 0.466481, -0.476412]
[0.67693, 0.151481, 0.105917, 0.472655, -0.496945]
[0.644079, 0.470851, -0.331403, 0.492963, -0.452327]
[0.661263, 0.145631, 0.433467, 0.46115, -0.479255]
[0.667853, 0.095474, -0.21127, 0.456214, -0.462592]
[0.661886, 0.342189, -0.066024, 0.482455, -0.472422]
[0.669369, -0.115734, 0.313453, 0.464777, -0.498296]
[0.651389, -0.320544, 0.173103, 0.470339, -0.480591]
[0.604639, -0.211171, 0.289088, 0.493385, -0.499543]
[0.63049, -0.470747, 0.277165, 0.482299, -0.474557]
[0.608155, 0.32761, -0.019519, 0.492136, -0.458017]
[0.642719, -0.310305, 0.023135, 0.494989, -0.451786]
[0.603391, -0.319352, -0.26753, 0.491164, -0.455369]
[0.617051, 0.445742, -0.111563, 0.463191, -0.46679]
[0.670315, -0.276539, 0.12825, 0.486481, -0.453669]
[0.61886, 0.176313, -0.299408, 0.45598, -0.479562]
[0.645583, -0.362527, 0.014889, 0.450222, -0.473283]
[0.639916, 0.211569, -0.230346, 0.463814, -0.476964]
[0.662244, 0.239621, -0.401155, 0.473652, -0.499182]
[0.601594, 0.482981, 0.141871, 0.487952, -0.489649]
[0.658801, 0.344345, 0.000232, 0.497718, -0.477332]
[0.656126, -0.388113, -0.330004, 0.460846, -0.46637]
[0.648585, -0.088316, 0.034474, 0.460468, -0.475487]
[0.632792, -0.441694, -0.348508, 0.458854, -0.462836]
[0.601192, -0.121612, 0.16532, 0.497196, -0.479763]
[0.679009, -0.430562, 0.43883, 0.492945, -0.470319]
[0.613071, 0.261851, -0.414701, 0.467392, -0.45485]
[0.625736, -0.396379, -0.226104, 0.485524, -0.480845]
[0.620896, -0.17619, -0.086973, 0.463191, -0.464686]
[0.673886, 0.292981, -0.365644, 0.466932, -0.463079]
[0.62063, 0.462322, -0.178518, 0.488831, -0.477893]
[0.652353, -0.19728, -0.146524, 0.480634, -0.491285]
[0.668967, -0.427424, -0.077797, 0.481915, -0.493375]
[0.629152, -0.183192, 0.285481, 0.462395, -0.466302]
[0.640055, -0.241792, 0.244113, 0.486436, -0.459321]
[0.639464, -0.373663, -0.441922, 0.483144, -0.470688]
[0.664895, -0.194471, -0.207298, 0.476738, -0.480882]
[0.627516, -0.373874, 0.377301, 0.454697, -0.485291]
[0.625427, -0.47976, -0.301535, 0.48657, -0.452185]
[0.67, -0.452913, 0.018418, 0.494762, -0.46151]
[0.635287, -0.235302, -0.270211, 0.470173, -0.486535]
[0.631882, -0.099906, -0.383861, 0.483833, -0.490357]
[0.627311, -0.270646, 0.006143, 0.477877, -0.479]
[0.662988, -0.166165, -0.44486, 0.484177, -0.468159]
[0.650156, 0.248974, 0.383704, 0.469553, -0.475465]
[0.64254, -0.491753, -0.389923, 0.450903, -0.474411]
[0.609409, 0.249466, -0.392077, 0.456836, -0.486607]
[0.657673, 0.002464, -0.272531, 0.483266, -0.456536]
[0.659446, 0.009948, -0.275957, 0.483151, -0.4565]
[0.658015, 0.001557, -0.271358, 0.483448, -0.456536]
[0.658531, -0.001639, -0.275279, 0.483186, -0.456534]
[0.656633, 0.002208, -0.272416, 0.483437, -0.456525]
[0.658151, 0.01171, -0.274902, 0.483429, -0.456537]
[0.657562, 0.005568, -0.275483, 0.483484, -0.456534]
[0.658952, 0.009616, -0.269562, 0.483433, -0.456492]
[0.658025, -0.002414, -0.268738, 0.483228, -0.456496]
[0.657527, 0.000541, -0.270192, 0.483465, -0.456535]
[0.658749, -0.003181, -0.272412, 0.483603, -0.456519]
[0.65744, 0.001259, -0.267851, 0.483183, -0.456511]
[0.658183, -0.002711, -0.270284, 0.483469, -0.45651]
[0.659169, 0.007957, -0.268704, 0.48329, -0.456535]
[0.657799, 0.012741, -0.270116, 0.483254, -0.456489]
[0.658122, 0.006875, -0.275451, 0.483284, -0.456518]
[0.659322, 0.008448, -0.274344, 0.483196, -0.45649]
[0.657875, -0.001365, -0.271358, 0.483505, -0.4565]
[0.658604, -0.000129, -0.275101, 0.483191, -0.456525]
[0.65786, 0.001879, -0.275537, 0.483189, -0.456493]
[0.659379, 0.00827, -0.268145, 0.483442, -0.456538]
[0.658846, 0.002277, -0.271653, 0.483263, -0.456523]
[0.657965, -0.000928, -0.268996, 0.483157, -0.456518]
[0.658505, 0.009023, -0.276277, 0.483591, -0.45649]
[0.656742, 0.010374, -0.273168, 0.483635, -0.456502]
[0.657428, 0.009227, -0.275345, 0.483414, -0.456516]
[0.657493, 0.0034, -0.270666, 0.483285, -0.456507]
[0.657688, -0.002721, -0.27005, 0.483625, -0.456532]
[0.658971, 0.001468, -0.269592, 0.483235, -0.456512]
[0.657801, -0.003797, -0.271921, 0.483593, -0.456493]
[0.658112, 0.002767, -0.275244, 0.48315, -0.456492]
[0.656819, -0.003476, -0.275365, 0.483452, -0.456509]
[0.6579, 0.001409, -0.27084, 0.483669, -0.456512]
[0.658945, 0.007779, -0.270303, 0.483568, -0.456534]
[0.658781, 0.008123, -0.269037, 0.483251, -0.456537]
[0.656844, 0.010213, -0.269508, 0.483533, -0.456496]
[0.657299, 0.002954, -0.275468, 0.483176, -0.456495]
[0.658197, -0.001806, -0.26957, 0.483516, -0.456527]
[0.656983, -0.000822, -0.276493, 0.483254, -0.456536]
[0.657139, 0.004869, -0.271914, 0.483224, -0.456535]
[0.656872, 0.009579, -0.271508, 0.483256, -0.456523]
[0.658883, 0.008019, -0.275036, 0.483688, -0.456534]
[0.657435, -0.002778, -0.275876, 0.483237, -0.456508]
[0.657284, 0.012186, -0.275885, 0.483525, -0.456495]
[0.659205, 0.002143, -0.26762, 0.483404, -0.456513]
[0.658265, 0.003742, -0.272023, 0.48353, -0.456502]
[0.656629, 0.001297, -0.27031, 0.483186, -0.456503]
[0.659519, 0.009594, -0.273514, 0.483396, -0.456507]
[0.65943, -0.001173, -0.2711, 0.483194, -0.456515]
[0.658763, -0.001918, -0.271678, 0.483641, -0.456509]
[0.657709, 0.012745, -0.276479, 0.48364, -0.456492]
[0.658721, -0.000757, -0.274346, 0.483635, -0.456528]
[0.65803, 0.010071, -0.268622, 0.483616, -0.456492]
[0.657484, 0.008967, -0.26805, 0.483286, -0.456492]
[0.657004, -0.001878, -0.269137, 0.483167, -0.456502]
[0.658178, 0.010326, -0.273405, 0.483385, -0.456541]
[0.659509, 0.004197, -0.272837, 0.483344, -0.456516]
[0.658339, 0.001921, -0.272269, 0.483388, -0.456514]
[0.657721, 0.00231, -0.271868, 0.483591, -0.456541]
[0.657107, -0.002604, -0.271548, 0.483668, -0.45649]
[0.657169, 0.007255, -0.272301, 0.483677, -0.45653]
[0.658505, 0.001813, -0.274696, 0.483267, -0.456505]
[0.659116, 0.007648, -0.275296, 0.483306, -0.456528]
[0.658156, 0.011194, -0.268124, 0.483456, -0.456501]
[0.657375, 0.002387, -0.268866, 0.483277, -0.45651]
[0.658185, 0.00834, -0.274827, 0.48355, -0.456528]
[0.659161, 0.009653, -0.272914, 0.483312, -0.456515]
[0.659024, 0.005472, -0.27237, 0.483378, -0.456516]
[0.65963, -0.004005, -0.27269, 0.483673, -0.456507]
[0.658459, 0.005493, -0.273715, 0.483248, -0.456539]
[0.657296, 0.01262, -0.271334, 0.483511, -0.456507]
[0.658464, 0.001719, -0.274899, 0.483269, -0.456502]
[0.656972, 0.003137, -0.271119, 0.483678, -0.456505]
[0.656817, -0.002019, -0.272976, 0.48327, -0.456528]
[0.65708, 0.012483, -0.27133, 0.483239, -0.456523]
[0.657878, 0.003208, -0.273655, 0.483457, -0.456534]
[0.65768, 0.001217, -0.268315, 0.483295, -0.456529]
[0.65941, 0.012274, -0.269626, 0.483412, -0.45652]
[0.659061, 0.002531, -0.269219, 0.483537, -0.456502]
[0.656884, 0.006541, -0.273793, 0.48364, -0.456515]
[0.657548, -0.002018, -0.271847, 0.483561, -0.456492]
[0.658551, -0.001025, -0.272669, 0.483168, -0.456509]
[0.658947, 0.000219, -0.270338, 0.483281, -0.456506]
[0.657975, 0.000124, -0.271139, 0.4832, -0.456531]
[0.657556, -0.000837, -0.271386, 0.483551, -0.456503]
[0.657215, 0.001235, -0.26914, 0.483277, -0.456535]
[0.657513, 0.00342, -0.275726, 0.483523, -0.456538]
[0.657599, 0.011623, -0.274511, 0.483598, -0.456517]
[0.658784, 0.011601, -0.273351, 0.483687, -0.456511]
[0.658849, 0.010131, -0.27516, 0.483524, -0.456523]
[0.65734, 0.005119, -0.270982, 0.483254, -0.456527]
[0.657257, 0.012403, -0.272857, 0.483317, -0.45649]
[0.658093, 0.004952, -0.274748, 0.483415, -0.456536]
[0.656871, 0.002103, -0.270249, 0.483465, -0.456538]
[0.658096, -0.001166, -0.274658, 0.483589, -0.456508]
[0.659458, -0.001789, -0.269745, 0.483582, -0.456534]
[0.657532, 0.001063, -0.269002, 0.483307, -0.456505]
[0.657099, 0.011343, -0.271954, 0.483528, -0.45653]
[0.65834, 0.009273, -0.27651, 0.483258, -0.456525]
[0.657728, -0.003614, -0.276643, 0.483273, -0.456495]
[0.658441, 0.000346, -0.273846, 0.483407, -0.45651]
[0.656649, 0.010414, -0.27004, 0.48361, -0.456527]
[0.657109, 0.010347, -0.271571, 0.48342, -0.45649]
[0.659632, -0.002327, -0.275289, 0.483559, -0.456536]
[0.657348, -9e-05, -0.269681, 0.48363, -0.456537]
[0.659531, -0.002544, -0.273633, 0.483191, -0.456536]
[0.658487, 0.005224, -0.274906, 0.483629, -0.456511]
[0.659008, 0.003173, -0.274794, 0.483547, -0.456535]
[0.657868, -0.001827, -0.274731, 0.483402, -0.456523]
[0.656874, 0.011186, -0.27258, 0.483605, -0.456496]
[0.658517, 0.004128, -0.267887, 0.483572, -0.456513]
[0.658773, 0.002021, -0.276078, 0.483633, -0.456514]
[0.658777, 0.007913, -0.269546, 0.483353, -0.456532]
[0.658657, 0.000424, -0.270471, 0.483363, -0.45654]
[0.656775, 0.001813, -0.273769, 0.483325, -0.45654]
[0.65868, 0.008626, -0.273712, 0.483458, -0.456492]
[0.657709, 0.006519, -0.274879, 0.483691, -0.456501]
[0.657798, 0.009862, -0.276135, 0.483286, -0.45651]
[0.656716, 0.002417, -0.272469, 0.483225, -0.456536]
[0.659301, -0.002113, -0.270503, 0.483342, -0.456524]
[0.658264, 0.010202, -0.274995, 0.483179, -0.456507]
[0.657013, -0.002029, -0.272356, 0.483542, -0.45652]
[0.657073, 0.008795, -0.270929, 0.483648, -0.456513]
[0.658393, 0.011158, -0.269144, 0.483445, -0.45652]
[0.659224, 0.003712, -0.271395, 0.483446, -0.45654]
[0.659477, 0.006125, -0.26825, 0.483189, -0.456534]
[0.658673, -0.000721, -0.276238, 0.483534, -0.456536]
[0.65838, 0.005432, -0.275841, 0.48324, -0.456502]
[0.658657, -0.000379, -0.26809, 0.4833, -0.456505]
[0.658068, 0.011929, -0.274768, 0.483641, -0.456511]
[0.658907, 0.011096, -0.272235, 0.483288, -0.456509]
[0.659245, -0.000327, -0.270048, 0.483609, -0.456529]
[0.658493, 0.003059, -0.276, 0.4834, -0.456504]
[0.657245, -0.00124, -0.269217, 0.483206, -0.456511]
[0.657342, 0.006048, -0.272097, 0.483283, -0.45649]
[0.657139, 0.01167, -0.271689, 0.483329, -0.456525]
[0.658161, -0.000266, -0.272747, 0.483402, -0.456517]
[0.657419, 0.002726, -0.274129, 0.483201, -0.456529]
[0.658314, 0.011413, -0.269055, 0.48342, -0.45649]
[0.657615, 0.012956, -0.274151, 0.483589, -0.456523]
[0.659425, 0.012985, -0.268637, 0.483627, -0.456491]
[0.658552, 0.009959, -0.272298, 0.483687, -0.456529]
[0.659491, 0.007354, -0.271129, 0.483438, -0.45654]
[0.658122, 0.004522, -0.268413, 0.48367, -0.456513]
[0.658034, -0.000715, -0.273444, 0.483676, -0.456535]
[0.6581, -0.002872, -0.268117, 0.483358, -0.456526]
[0.657425, 0.01195, -0.274381, 0.483537, -0.456529]
[0.659308, 0.003034, -0.269942, 0.483429, -0.456521]
[0.656995, 0.006981, -0.274225, 0.483325, -0.456514]
[0.658351, 0.007458, -0.273452, 0.483625, -0.456497]
[0.657346, 6.6e-05, -0.269775, 0.483611, -0.456537]
[0.65734, -1.4e-05, -0.269677, 0.483625, -0.456539]
[0.657331, -7.7e-05, -0.269722, 0.483614, -0.456537]
[0.657349, -8.7e-05, -0.269713, 0.483624, -0.456538]
[0.657336, -6.2e-05, -0.269697, 0.483613, -0.456538]
[0.657336, 7.1e-05, -0.269803, 0.483606, -0.456537]
[0.657338, -7e-06, -0.269752, 0.483629, -0.456538]
[0.657333, -8.9e-05, -0.269661, 0.483615, -0.456538]
[0.657338, -2.3e-05, -0.269733, 0.48362, -0.456538]
[0.657338, -6.6e-05, -0.269802, 0.483631, -0.456539]
[0.657341, -1.5e-05, -0.269734, 0.483608, -0.456539]
[0.657331, -5.5e-05, -0.269711, 0.483615, -0.456538]
[0.657335, -9.4e-05, -0.269748, 0.483627, -0.456537]
[0.657345, -8.7e-05, -0.269779, 0.483622, -0.456537]
[0.657342, -4e-06, -0.269823, 0.483619, -0.456538]
[0.657333, -1e-06, -0.269804, 0.483608, -0.456537]
[0.657346, -9.8e-05, -0.269738, 0.483611, -0.456537]
[0.657346, 1.6e-05, -0.269754, 0.483619, -0.456538]
[0.657343, -3.5e-05, -0.269771, 0.483625, -0.456538]
[0.657336, 5.9e-05, -0.269693, 0.483625, -0.456539]
[0.657347, 7.5e-05, -0.2697, 0.483628, -0.456538]
[0.65734, -3.2e-05, -0.26966, 0.483626, -0.456537]
[0.657336, -2.7e-05, -0.269682, 0.483626, -0.456538]
[0.657336, 2e-05, -0.269777, 0.483623, -0.456539]
[0.657346, -3.1e-05, -0.269709, 0.483609, -0.456538]
[0.657342, -2.7e-05, -0.269805, 0.483625, -0.456538]
[0.657338, -8.8e-05, -0.269672, 0.483613, -0.456538]
[0.657336, -2.5e-05, -0.269748, 0.483608, -0.456538]
[0.657338, 1.3e-05, -0.269814, 0.483616, -0.456539]
[0.65734, -4.8e-05, -0.269734, 0.483624, -0.456538]
[0.657348, -7e-05, -0.269725, 0.483625, -0.456539]
[0.657338, -7.7e-05, -0.269783, 0.483619, -0.456538]
[0.657338, -3.8e-05, -0.269712, 0.483623, -0.456538]
[0.657342, 3.4e-05, -0.26982, 0.483624, -0.456538]
[0.657336, 5.8e-05, -0.26966, 0.483614, -0.456538]
[0.657343, -2.5e-05, -0.269695, 0.483627, -0.456538]
[0.657345, -9.8e-05, -0.269827, 0.483615, -0.456538]
[0.65734, -5.8e-05, -0.269833, 0.483612, -0.456539]
[0.657334, 4.7e-05, -0.269755, 0.483631, -0.456537]
[0.657338, 3e-05, -0.269698, 0.483623, -0.456538]
[0.65733, -4.4e-05, -0.269843, 0.483614, -0.456539]
[0.657337, 1e-05, -0.269724, 0.483628, -0.456538]
[0.657329, -9.6e-05, -0.269835, 0.483622, -0.456539]
[0.657344, -3.2e-05, -0.26981, 0.483628, -0.456537]
[0.657329, 5.2e-05, -0.269812, 0.483605, -0.456539]
[0.657339, 4e-05, -0.26982, 0.483615, -0.456537]
[0.657328, 5.4e-05, -0.269745, 0.483629, -0.456537]
[0.657338, 6.5e-05, -0.269731, 0.483616, -0.456539]
[0.657335, -7.4e-05, -0.269839, 0.483612, -0.456537]
[0.657339, -2.6e-05, -0.269752, 0.483629, -0.456537]
[0.657329, -3.9e-05, -0.269713, 0.483618, -0.456538]
[0.657334, -2.3e-05, -0.269846, 0.483611, -0.456537]
[0.657346, 4.5e-05, -0.269676, 0.483612, -0.456538]
[0.657332, -4.7e-05, -0.269691, 0.483603, -0.456538]
[0.657332, 4.4e-05, -0.269764, 0.483609, -0.456537]
[0.657343, -6.3e-05, -0.269756, 0.483625, -0.456538]
[0.657336, -2.7e-05, -0.269779, 0.483625, -0.456537]
[0.657337, -7.3e-05, -0.269658, 0.483629, -0.456537]
[0.657342, -9.3e-05, -0.269806, 0.483631, -0.456538]
[0.657345, -6.8e-05, -0.269693, 0.483617, -0.456538]
[0.657345, -2.3e-05, -0.269786, 0.483617, -0.456538]
[0.657333, -1.1e-05, -0.269773, 0.483618, -0.456537]
[0.657346, 7.4e-05, -0.269726, 0.483617, -0.456537]
[0.657337, -8.5e-05, -0.269817, 0.483612, -0.456539]
[0.657347, 3.6e-05, -0.269772, 0.483617, -0.456538]
[0.657329, -9.5e-05, -0.269744, 0.483603, -0.456538]
[0.657344, -5.1e-05, -0.269701, 0.483609, -0.456537]
[0.657332, 7.1e-05, -0.269856, 0.483622, -0.456537]
[0.657331, -1.5e-05, -0.269681, 0.483623, -0.456538]
[0.657345, -2.2e-05, -0.269776, 0.483614, -0.456539]
[0.657332, -5.7e-05, -0.269852, 0.483617, -0.456537]
[0.657332, 6.4e-05, -0.269686, 0.48363, -0.456537]
[0.657347, -6.7e-05, -0.269706, 0.483604, -0.456538]
[0.657328, 3.8e-05, -0.269799, 0.483625, -0.456539]
[0.657345, 6.5e-05, -0.26978, 0.483604, -0.456539]
[0.657329, 4.3e-05, -0.269805, 0.483613, -0.456539]
[0.657336, 6.5e-05, -0.269733, 0.483606, -0.456539]
[0.65733, -4.1e-05, -0.269768, 0.48362, -0.456539]
[0.657348, 7.5e-05, -0.269749, 0.483622, -0.456538]
[0.657332, 5e-05, -0.269772, 0.483608, -0.456537]
[0.65734, 6e-06, -0.269825, 0.483613, -0.456537]
[0.657344, -9.5e-05, -0.269837, 0.483605, -0.456539]
[0.657335, 6.4e-05, -0.269779, 0.483612, -0.456538]
[0.657344, 4e-06, -0.26981, 0.483607, -0.456538]
[0.65734, 2.5e-05, -0.269751, 0.483612, -0.456538]
[0.657328, 6.2e-05, -0.269804, 0.483615, -0.456538]
[0.657343, -1e-06, -0.269734, 0.483615, -0.456539]
[0.657336, -6.6e-05, -0.26981, 0.483608, -0.456537]
[0.657346, -4.2e-05, -0.269806, 0.483627, -0.456538]
[0.657341, -2.9e-05, -0.26969, 0.483607, -0.456537]
[0.657348, -1e-06, -0.269714, 0.483606, -0.456537]
[0.657348, 5.4e-05, -0.269699, 0.483626, -0.456537]
[0.657333, 9e-06, -0.269653, 0.483622, -0.456537]
[0.657333, -4.8e-05, -0.269735, 0.48361, -0.456538]
[0.657331, 1.9e-05, -0.269848, 0.48363, -0.456538]
[0.657329, -0.000103, -0.269853, 0.483605, -0.456538]
[0.657341, 5e-05, -0.269708, 0.483621, -0.456537]
[0.657343, -4.1e-05, -0.269828, 0.483603, -0.456539]
[0.657331, -2e-06, -0.269774, 0.483621, -0.456538]
[0.65733, 5.3e-05, -0.269845, 0.483604, -0.456537]
[0.657344, -9e-06, -0.269838, 0.483614, -0.456537]
[0.657344, -9.2e-05, -0.269671, 0.483608, -0.456539]
[0.657336, 4.8e-05, -0.269778, 0.483627, -0.456537]
[0.657341, -9e-05, -0.269827, 0.483625, -0.456539]
[0.657336, 6.9e-05, -0.269766, 0.483611, -0.456539]
[0.657345, 7.1e-05, -0.269793, 0.483613, -0.456538]
[0.657334, 3.2e-05, -0.269694, 0.483617, -0.456538]
[0.657348, -1.7e-05, -0.269754, 0.483625, -0.456539]
[0.657338, -1.3e-05, -0.269659, 0.48363, -0.456539]
[0.65734, 4.9e-05, -0.269729, 0.483612, -0.456539]
[0.657348, -3e-06, -0.26972, 0.483615, -0.456538]
[0.657342, 7.6e-05, -0.269844, 0.483621, -0.456538]
[0.657338, -9e-05, -0.269738, 0.483611, -0.456538]
[0.657344, -2.5e-05, -0.269832, 0.483605, -0.456538]
[0.657339, 2.4e-05, -0.269795, 0.483626, -0.456539]
[0.657346, 3e-06, -0.269741, 0.483628, -0.456539]
[0.657346, 1.6e-05, -0.269731, 0.483623, -0.456537]
[0.657345, -0.000103, -0.269699, 0.483618, -0.456538]
[0.657347, 1.3e-05, -0.269821, 0.483624, -0.456538]
[0.657344, 4.7e-05, -0.269816, 0.48361, -0.456538]
[0.657349, -7.1e-05, -0.269696, 0.48363, -0.456539]
[0.657331, -4.1e-05, -0.2698, 0.483618, -0.456538]
[0.657336, 1e-06, -0.269667, 0.483604, -0.456538]
[0.657349, -0.000102, -0.269779, 0.483627, -0.456538]
[0.657341, 2.9e-05, -0.269779, 0.483629, -0.456539]
[0.657342, 5e-06, -0.269825, 0.483616, -0.456538]
[0.657335, 3.7e-05, -0.269841, 0.483606, -0.456538]
[0.657331, -0.000102, -0.269842, 0.483615, -0.456537]
[0.657332, 7.5e-05, -0.269855, 0.483606, -0.456537]
[0.657331, -7.5e-05, -0.269755, 0.483612, -0.456539]
[0.657336, -7.3e-05, -0.269765, 0.483623, -0.456537]
[0.657329, 1.2e-05, -0.269835, 0.483621, -0.456537]
[0.657342, -9e-05, -0.269775, 0.48361, -0.456539]
[0.657343, 4e-06, -0.269775, 0.483608, -0.456539]
[0.65734, -8.9e-05, -0.269688, 0.483609, -0.456538]
[0.657341, 4.2e-05, -0.269719, 0.483626, -0.456538]
[0.657334, 6.8e-05, -0.269825, 0.483618, -0.456538]
[0.657338, 7.6e-05, -0.269817, 0.483615, -0.456537]
[0.65734, -6e-05, -0.269666, 0.483623, -0.456538]
[0.657338, 4.4e-05, -0.269845, 0.48361, -0.456538]
[0.657343, -0.000106, -0.26968, 0.483605, -0.456538]
[0.657343, -0.000109, -0.269656, 0.483607, -0.456538]
[0.657335, 5e-06, -0.269739, 0.483604, -0.456539]
[0.657337, -1.4e-05, -0.269732, 0.483629, -0.456537]
[0.657339, -7.5e-05, -0.269783, 0.483612, -0.456538]
[0.657337, 3.5e-05, -0.269831, 0.483617, -0.456539]
[0.657331, -1e-06, -0.269691, 0.483626, -0.456539]
[0.657332, 6.7e-05, -0.26968, 0.483615, -0.456538]
[0.657335, -9.3e-05, -0.269795, 0.483606, -0.456538]
[0.657337, 1.2e-05, -0.269679, 0.483608, -0.456538]
[0.657329, -0.000107, -0.269855, 0.483605, -0.456538]
[0.657329, -0.000104, -0.269854, 0.483605, -0.456538]
[0.657329, -0.000108, -0.269855, 0.483604, -0.456538]
[0.657329, -0.000108, -0.269852, 0.483605, -0.456538]
[0.657329, -0.000104, -0.269853, 0.483605, -0.456538]
[0.657329, -0.000109, -0.269853, 0.483605, -0.456538]
[0.657329, -0.000106, -0.269853, 0.483605, -0.456538]
[0.657329, -0.000104, -0.269852, 0.483604, -0.456538]
[0.657329, -0.000108, -0.269852, 0.483604, -0.456538]
[0.657329, -0.000109, -0.269852, 0.483604, -0.456538]
[0.657329, -0.000108, -0.269851, 0.483604, -0.456538]
[0.657329, -0.000106, -0.269855, 0.483605, -0.456538]
[0.657329, -0.000106, -0.269851, 0.483605, -0.456538]
[0.657329, -0.000105, -0.269855, 0.483605, -0.456538]
[0.657329, -0.000105, -0.269857, 0.483604, -0.456538]
[0.657329, -0.000107, -0.269856, 0.483605, -0.456538]
[0.657329, -0.000104, -0.269855, 0.483605, -0.456538]
[0.657329, -0.000104, -0.269854, 0.483604, -0.456538]
[0.657329, -0.000107, -0.269854, 0.483604, -0.456538]
[0.657329, -0.000104, -0.269856, 0.483604, -0.456538]
[0.657329, -0.000105, -0.269853, 0.483605, -0.456538]
[0.657329, -0.000108, -0.269857, 0.483605, -0.456538]
[0.657329, -0.000105, -0.269854, 0.483605, -0.456538]
[0.657329, -0.000107, -0.269856, 0.483604, -0.456538]
[0.657329, -0.000104, -0.269853, 0.483604, -0.456538]
[0.657329, -0.000104, -0.269856, 0.483605, -0.456538]
[0.657329, -0.000108, -0.269854, 0.483604, -0.456538]
[0.657329, -0.000108, -0.269856, 0.483604, -0.456538]
[0.657329, -0.000107, -0.269853, 0.483604, -0.456538]
[0.657329, -0.000105, -0.269855, 0.483604, -0.456538]
[0.657329, -0.000106, -0.269856, 0.483605, -0.456538]
[0.657329, -0.000106, -0.269852, 0.483605, -0.456538]
[0.657329, -0.000106, -0.269855, 0.483604, -0.456538]
[0.657329, -0.000107, -0.269851, 0.483604, -0.456538]
[0.657329, -0.000103, -0.269855, 0.483605, -0.456538]
[0.657329, -0.000104, -0.269851, 0.483604, -0.456538]
[0.657329, -0.000108, -0.269856, 0.483605, -0.456538]
[0.657329, -0.000109, -0.269855, 0.483604, -0.456538]
[0.657329, -0.000107, -0.269852, 0.483604, -0.456538]
[0.657329, -0.000109, -0.269854, 0.483605, -0.456538]
[0.657329, -0.000105, -0.269856, 0.483605, -0.456538]
[0.657329, -0.000104, -0.269852, 0.483605, -0.456538]
[0.657329, -0.000108, -0.269854, 0.483605, -0.456538]
[0.657329, -0.000107, -0.269855, 0.483604, -0.456538]
[0.657329, -0.000109, -0.269851, 0.483605, -0.456538]
[0.657329, -0.000106, -0.269851, 0.483604, -0.456538]
[0.657329, -0.000108, -0.269855, 0.483605, -0.456538]
[0.657329, -0.000108, -0.269857, 0.483604, -0.456538]
[0.657329, -0.000103, -0.269855, 0.483604, -0.456538]
[0.657329, -0.000103, -0.269853, 0.483604, -0.456538]
[0.657329, -0.000106, -0.269854, 0.483604, -0.456538]
[0.657329, -0.000107, -0.269852, 0.483605, -0.456538]
[0.657329, -0.000107, -0.269854, 0.483605, -0.456538]
[0.657329, -0.000105, -0.269853, 0.483604, -0.456538]
[0.657329, -0.000105, -0.269854, 0.483604, -0.456538]
[0.657329, -0.000105, -0.269857, 0.483605, -0.456538]
[0.657329, -0.000103, -0.269854, 0.483605, -0.456538]
[0.657329, -0.000106, -0.269853, 0.483604, -0.456538]
[0.657329, -0.000104, -0.269855, 0.483604, -0.456538]
[0.657329, -0.000105, -0.269852, 0.483605, -0.456538]
[0.657329, -0.000104, -0.269857, 0.483604, -0.456538]
[0.657329, -0.000103, -0.269856, 0.483605, -0.456538]
[0.657329, -0.000109, -0.269856, 0.483605, -0.456538]
[0.657329, -0.000105, -0.269852, 0.483604, -0.456538]
[0.657329, -0.000106, -0.269854, 0.483605, -0.456538]
[0.657329, -0.000106, -0.269856, 0.483604, -0.456538]
[0.657329, -0.000103, -0.269852, 0.483605, -0.456538]
[0.657329, -0.000104, -0.269851, 0.483605, -0.456538]
[0.657329, -0.000106, -0.269857, 0.483604, -0.456538]
[0.657329, -0.000109, -0.269853, 0.483604, -0.456538]
[0.657329, -0.000109, -0.269857, 0.483605, -0.456538]
[0.657329, -0.000105, -0.269851, 0.483604, -0.456538]
[0.657329, -0.000109, -0.269854, 0.483604, -0.456538]
[0.657329, -0.000103, -0.269851, 0.483605, -0.456538]
[0.657329, -0.000109, -0.269856, 0.483604, -0.456538]
[0.657329, -0.000103, -0.269856, 0.483604, -0.456538]
[0.657329, -0.000104, -0.269857, 0.483605, -0.456538]
[0.657329, -0.000103, -0.269851, 0.483604, -0.456538]
[0.657329, -0.000106, -0.269857, 0.483605, -0.456538]
[0.657329, -0.000109, -0.269852, 0.483605, -0.456538]
[0.657329, -0.000108, -0.269853, 0.483604, -0.456538]
[0.657329, -0.000106, -0.269852, 0.483604, -0.456538]
[0.657329, -0.000109, -0.269855, 0.483605, -0.456538]
[0.657329, -0.000105, -0.269851, 0.483605, -0.456538]
[0.657329, -0.000105, -0.269856, 0.483604, -0.456538]
[0.657329, -0.000108, -0.269853, 0.483605, -0.456538]
[0.657329, -0.000107, -0.269857, 0.483605, -0.456538]
[0.657329, -0.000108, -0.269851, 0.483605, -0.456538]
[0.657329, -0.000103, -0.269857, 0.483604, -0.456538]
[0.657329, -0.000103, -0.269854, 0.483604, -0.456538]
[0.657329, -0.000107, -0.269853, 0.483605, -0.456538]
[0.657329, -0.000107, -0.269857, 0.483604, -0.456538]
[0.657329, -0.000109, -0.269857, 0.483604, -0.456538]
[0.631209, -0.110423, -0.169948, 0.498039, -0.47189]
[0.673531, 0.3946, 0.388776, 0.470337, -0.457764]
[0.643184, -0.152378, -0.154283, 0.489366, -0.487757]
[0.627497, -0.051479, 0.497651, 0.451905, -0.455302]
[0.622003, -0.095595, -0.307915, 0.491533, -0.476725]
[0.654218, -0.432524, 0.170985, 0.479531, -0.466033]
[0.634184, -0.29609, -0.230624, 0.481107, -0.473167]
[0.673217, 0.474553, 0.435389, 0.461296, -0.455636]
[0.616074, 0.10008, -0.002774, 0.478594, -0.457802]
[0.675174, -0.093619, -0.031804, 0.45047, -0.454589]
[0.608123, 0.086796, 0.390031, 0.456233, -0.456474]
[0.627406, -0.32688, -0.163236, 0.475891, -0.498459]
[0.611318, 0.466016, 0.176825, 0.454037, -0.493065]
[0.602881, 0.077293, -0.178926, 0.461421, -0.479108]
[0.654274, -0.065156, -0.006118, 0.455738, -0.487626]
[0.642603, -0.277897, 0.163368, 0.483398, -0.492216]
[0.614629, -0.459301, -0.339477, 0.463942, -0.458385]
[0.615543, -0.429917, -0.220605, 0.492518, -0.476132]
[0.644166, -0.008181, -0.094898, 0.458689, -0.470588]
[0.637009, -0.04379, -0.222128, 0.477123, -0.462398]
[0.647926, -0.423854, -0.031473, 0.453051, -0.483977]
[0.603574, -0.32468, 0.126012, 0.46358, -0.480277]
[0.603528, 0.176268, -0.01573, 0.465513, -0.493122]
[0.669928, -0.400599, 0.429005, 0.484939, -0.455518]
[0.60966, 0.342067, 0.304648, 0.450885, -0.462232]
[0.614584, 0.282044, -0.080382, 0.491885, -0.493032]
[0.677817, 0.481243, -0.095319, 0.463695, -0.451455]
[0.628092, 0.424704, -0.437794, 0.487609, -0.468913]
[0.604821, 0.372141, -0.437196, 0.485949, -0.465549]
[0.625455, -0.201543, -0.449536, 0.466124, -0.49262]
[0.631216, 0.07228, -0.121608, 0.454459, -0.480129]
[0.646867, -0.003457, -0.234093, 0.480764, -0.451805]
[0.646822, 0.496081, -0.102751, 0.450144, -0.476076]
[0.656087, 0.303233, 0.475288, 0.475561, -0.496384]
[0.630559, -0.486703, -0.408562, 0.485899, -0.453106]
[0.663475, 0.079681, -0.16631, 0.482262, -0.478622]
[0.606232, -0.289875, -0.198646, 0.466632, -0.476637]
[0.647014, 0.484132, 0.269454, 0.49591, -0.491098]
[0.631777, -0.439089, -0.024217, 0.494229, -0.452319]
[0.613603, -0.06009, -0.215126, 0.478087, -0.453565]
[0.659901, 0.271307, -0.231255, 0.488737, -0.460783]
[0.632127, -0.451517, -0.0339, 0.496861, -0.470969]
[0.651976, 0.082824, -0.256653, 0.495696, -0.460336]
[0.638117, -0.184953, -0.010725, 0.473807, -0.484606]
[0.656687, 0.013802, -0.399771, 0.451254, -0.49877]
[0.614864, -0.142266, 0.110016, 0.473973, -0.472639]
[0.655172, -0.201338, -0.392836, 0.457212, -0.485687]
[0.676013, 0.275947, -0.055141, 0.466372, -0.488933]
[0.617272, -0.397345, 0.314098, 0.460302, -0.499711]
[0.614222, -0.433807, 0.032197, 0.451794, -0.483326]
[0.669854, 0.460851, -0.470331, 0.45573, -0.461202]
[0.642368, -0.034766, -0.328568, 0.463468, -0.462279]
[0.632327, -0.127023, -0.443343, 0.480187, -0.473157]
[0.629048, -0.275669, -0.053452, 0.469542, -0.453743]
[0.637093, 0.132919, 0.025445, 0.460959, -0.468549]
[0.629218, 0.350429, 0.282445, 0.453348, -0.477083]
[0.63007, -0.474805, 0.3032, 0.494129, -0.463731]
[0.601143, -0.141515, 0.106398, 0.457341, -0.499539]
[0.650026, 0.243138, -0.289538, 0.483156, -0.459217]
[0.671783, -0.110329, -0.365106, 0.470032, -0.465626]
[0.648884, 0.488549, 0.395405, 0.493393, -0.493387]
[0.660795, 0.462373, 0.200052, 0.468583, -0.478677]
[0.661383, -0.024155, -0.339167, 0.48159, -0.458226]
[0.629705, -0.252954, -0.159764, 0.45758, -0.486037]
[0.654777, 0.432614, -0.414958, 0.477347, -0.461406]
[0.617483, -0.354153, 0.408005, 0.465334, -0.451403]
[0.644367, 0.122039, -0.065205, 0.465045, -0.455155]
[0.630706, -0.2111, -0.04623, 0.494556, -0.474101]
[0.618238, 0.478441, 0.119707, 0.451031, -0.471174]
[0.657195, -0.207496, 0.215646, 0.495466, -0.47724]
[0.670485, 0.018768, 0.022671, 0.49384, -0.487192]
[0.632963, 0.07714, -0.407114, 0.485385, -0.484123]
[0.639217, -0.223629, -0.019361, 0.495662, -0.493777]
[0.622527, -0.014015, -0.262739, 0.480997, -0.486899]
[0.664693, 0.212647, -0.445689, 0.45499, -0.46967]
[0.668396, -0.062128, -0.492142, 0.470085, -0.467852]
[0.640086, 0.419083, 0.416739, 0.455627, -0.481286]
[0.665018, 0.198242, -0.137429, 0.454592, -0.471345]
[0.624022, 0.104473, -0.447469, 0.465191, -0.490796]
[0.670879, 0.100059, 0.237937, 0.478526, -0.475797]
[0.635594, -0.041451, 0.414879, 0.492421, -0.467761]
[0.679158, -0.447085, -0.154721, 0.46549, -0.451527]
[0.640877, -0.493027, -0.412597, 0.49922, -0.486655]
[0.602028, -0.244313, -0.190087, 0.499002, -0.472224]
[0.656113, -0.355539, 0.24745, 0.484834, -0.491057]
[0.639461, 0.480956, -0.013905, 0.473636, -0.452407]
[0.620577, -0.201529, 0.494921, 0.473393, -0.458627]
[0.632665, -0.009365, -0.395944, 0.450141, -0.478334]
[0.60827, -0.206575, 0.158537, 0.480748, -0.457578]
[0.674278, 0.417318, 0.263554, 0.46872, -0.473815]
[0.6407, 0.441111, 0.216217, 0.481623, -0.476635]
[0.663888, 0.321824, -0.058538, 0.487644, -0.482205]
[0.619086, 0.089943, 0.042491, 0.493595, -0.454007]
[0.637029, -0.221109, -0.294432, 0.49483, -0.452087]
[0.636485, 0.2977, 0.287559, 0.469692, -0.498215]
[0.660195, 0.449879, 0.440827, 0.488721, -0.476015]
[0.627546, 0.283455, 0.337467, 0.470606, -0.494783]
[0.644955, 0.398736, -0.415825, 0.475726, -0.455499]
[0.617602, -0.411715, -0.443111, 0.475013, -0.495187]
[0.664428, -0.398872, 0.305814, 0.495881, -0.481865]
[0.670619, -0.359073, -0.328638, 0.470585, -0.480909]
[0.641738, 0.351886, -0.317546, 0.494459, -0.452375]
[0.601349, 0.268443, -0.062699, 0.480823, -0.482326]
[0.612509, 0.067383, 0.046491, 0.452548, -0.463565]
[0.609029, 0.317385, -0.416762, 0.498178, -0.473339]
[0.630833, -0.19542, 0.257988, 0.470685, -0.494706]
[0.615306, 0.252399, 0.396089, 0.497413, -0.450627]
[0.64727, 0.345478, 0.475746, 0.47086, -0.497325]
[0.6613, -0.067997, 0.489508, 0.461469, -0.466175]
[0.658099, 0.103173, 0.036798, 0.48823, -0.450897]
[0.63086, -0.023316, -0.117354, 0.467486, -0.48251]
[0.642286, -0.380985, 0.377769, 0.493987, -0.479179]
[0.628733, -0.09291, -0.135003, 0.452543, -0.494377]
[0.63249, 0.207857, 0.478146, 0.479778, -0.491757]
[0.641779, -0.128451, -0.175108, 0.483812, -0.487971]
[0.663489, 0.314463, 0.313222, 0.486831, -0.48774]
[0.616495, 0.10734, 0.346554, 0.492934, -0.466115]
[0.600014, 0.424934, 0.231463, 0.48014, -0.475353]
[0.612096, 0.074366, 0.019118, 0.492189, -0.487918]
[0.617453, 0.254527, -0.191086, 0.4714, -0.49883]
[0.627745, 0.467755, -0.307884, 0.458916, -0.459523]
[0.634087, 0.066233, -0.079789, 0.46082, -0.468653]
[0.675648, 0.34156, -0.209971, 0.473178, -0.480094]
[0.615122, -0.247973, -0.299637, 0.48337, -0.456969]
[0.641449, 0.28388, 0.412798, 0.465717, -0.474826]
[0.648143, 0.086023, -0.281976, 0.450876, -0.49659]
[0.647172, 0.383948, -0.125938, 0.450358, -0.494137]
[0.609677, 0.144436, -0.370844, 0.495771, -0.490697]
[0.643044, -0.072056, -0.469409, 0.498643, -0.457968]
[0.635613, 0.314656, 0.139155, 0.461351, -0.493781]
[0.638857, 0.019923, -0.494319, 0.480425, -0.458037]
[0.644195, -0.029813, -0.110371, 0.483048, -0.470764]
[0.606538, 0.40094, 0.146266, 0.467948, -0.474634]
[0.669881, -0.164651, -0.306355, 0.461553, -0.457371]
[0.657141, 0.396105, -0.120646, 0.495335, -0.473855]
[0.66203, 0.194804, 0.494352, 0.461741, -0.495267]
[0.604753, 0.032222, 0.086216, 0.469014, -0.472744]
[0.618166, -0.153885, 0.428957, 0.453889, -0.490819]
[0.663591, -0.198717, 0.311423, 0.472892, -0.476437]
[0.619853, 0.004319, 0.188568, 0.451546, -0.489116]
[0.659535, 0.056898, 0.366957, 0.462638, -0.490244]
[0.633664, -0.169007, -0.41424, 0.466205, -0.455241]
[0.633768, 0.164916, -0.041423, 0.470905, -0.478564]
[0.629698, -0.185483, -0.383245, 0.480288, -0.476559]
[0.620039, 0.136029, -0.416213, 0.495324, -0.460948]
[0.662498, 0.2717, 0.016606, 0.462096, -0.476137]
[0.663503, -0.238922, -0.434694, 0.482727, -0.487313]
[0.600265, -0.22269, -0.431634, 0.480214, -0.454455]
[0.628521, -0.107135, -0.000277, 0.453337, -0.454171]
[0.615931, -0.181874, 0.401857, 0.460029, -0.476428]
[0.631657, 0.019455, -0.390436, 0.450122, -0.478705]
[0.632518, -0.003443, -0.390621, 0.450089, -0.478752]
[0.632112, 0.023212, -0.387796, 0.450033, -0.47878]
[0.633308, 0.000631, -0.394573, 0.450164, -0.478462]
[0.632539, 0.029293, -0.39244, 0.450038, -0.478778]
[0.632564, 0.043252, -0.38182, 0.450004, -0.478918]
[0.631813, 0.038876, -0.387061, 0.450049, -0.47841]
[0.632947, 0.012148, -0.397905, 0.450059, -0.478843]
[0.631619, -0.000845, -0.390565, 0.450111, -0.478547]
[0.632288, 0.031263, -0.392106, 0.450073, -0.478521]
[0.633004, 0.004182, -0.39357, 0.450155, -0.478276]
[0.632539, -0.01126, -0.391726, 0.45005, -0.478381]
[0.632064, 0.000586, -0.389675, 0.450113, -0.478766]
[0.631923, -0.005973, -0.397913, 0.450016, -0.478445]
[0.633258, 0.022321, -0.381669, 0.450075, -0.478799]
[0.632498, 0.010136, -0.396819, 0.45006, -0.47846]
[0.631713, 0.044885, -0.39329, 0.450061, -0.47851]
[0.631874, 0.040869, -0.392556, 0.450112, -0.478559]
[0.632893, 0.035705, -0.38639, 0.450154, -0.478787]
[0.631534, 0.03499, -0.392578, 0.450163, -0.478429]
[0.633108, -0.005991, -0.393495, 0.450099, -0.478925]
[0.632838, 0.046571, -0.391438, 0.450103, -0.478339]
[0.631697, 0.005665, -0.393534, 0.450011, -0.47854]
[0.632461, 0.002033, -0.384415, 0.45004, -0.478441]
[0.631984, 0.04518, -0.393876, 0.450109, -0.478941]
[0.633304, 0.039984, -0.386162, 0.450068, -0.478437]
[0.633149, 0.028797, -0.396396, 0.450016, -0.478404]
[0.632651, -0.011228, -0.400112, 0.450102, -0.478676]
[0.631618, 0.036321, -0.387939, 0.45003, -0.478411]
[0.631899, 0.00545, -0.382695, 0.450034, -0.478704]
[0.632754, 0.002718, -0.398975, 0.450057, -0.478794]
[0.63318, 0.00936, -0.389041, 0.450098, -0.478306]
[0.633167, 0.033187, -0.385189, 0.450154, -0.478826]
[0.632992, 0.022467, -0.397982, 0.450001, -0.47845]
[0.632479, 0.026509, -0.385465, 0.450144, -0.478465]
[0.632167, 0.031418, -0.38966, 0.45009, -0.47889]
[0.631649, 0.014906, -0.384649, 0.450151, -0.478769]
[0.633163, 0.002268, -0.397237, 0.450043, -0.478865]
[0.632681, 0.022433, -0.399968, 0.45002, -0.47865]
[0.632672, 0.04973, -0.39677, 0.450051, -0.478675]
[0.633092, 0.035589, -0.399203, 0.450088, -0.47835]
[0.63189, -0.00163, -0.396385, 0.45001, -0.478706]
[0.632748, 0.043584, -0.384943, 0.450103, -0.478369]
[0.633089, 0.046008, -0.390678, 0.450032, -0.478845]
[0.632759, 0.014758, -0.388464, 0.450142, -0.478708]
[0.633166, 0.016426, -0.385271, 0.450078, -0.478634]
[0.63212, 0.009479, -0.390897, 0.450014, -0.47863]
[0.63296, 0.021528, -0.383643, 0.450062, -0.478582]
[0.633054, 0.047607, -0.396889, 0.450102, -0.478634]
[0.632345, -0.011245, -0.399541, 0.450033, -0.478841]
[0.63208, 0.036217, -0.392588, 0.45006, -0.478284]
[0.633126, 0.002027, -0.382932, 0.450149, -0.47883]
[0.632426, 0.016507, -0.382121, 0.450116, -0.478548]
[0.631639, 0.01171, -0.394967, 0.450023, -0.478736]
[0.631805, 0.030752, -0.383781, 0.45012, -0.478348]
[0.632539, 0.038359, -0.394624, 0.450099, -0.478733]
[0.631847, 0.024903, -0.385043, 0.45007, -0.478427]
[0.632011, -0.011777, -0.389958, 0.450097, -0.478882]
[0.633093, -0.005355, -0.399044, 0.450159, -0.478518]
[0.63271, 0.046293, -0.396522, 0.450075, -0.478739]
[0.632223, -0.008378, -0.398826, 0.450048, -0.478598]
[0.633299, 0.024211, -0.390419, 0.450074, -0.478471]
[0.631661, 0.024556, -0.382122, 0.450147, -0.478628]
[0.632977, 0.029471, -0.389764, 0.450023, -0.478386]
[0.632078, -0.001555, -0.392813, 0.450082, -0.478739]
[0.633234, 0.011145, -0.386827, 0.450003, -0.478399]
[0.632248, 0.028868, -0.398447, 0.450071, -0.478443]
[0.63274, 0.027236, -0.386341, 0.450011, -0.478268]
[0.632363, -0.009286, -0.383231, 0.450152, -0.478655]
[0.632616, 0.041266, -0.386695, 0.450085, -0.478433]
[0.632944, -0.003117, -0.389247, 0.45008, -0.478441]
[0.632217, 0.028371, -0.389924, 0.450031, -0.478863]
[0.63226, -0.000321, -0.382279, 0.450146, -0.478537]
[0.631646, 0.001159, -0.395308, 0.450141, -0.478417]
[0.631605, 0.005083, -0.388925, 0.450142, -0.478773]
[0.632988, 0.019566, -0.388787, 0.450007, -0.478522]
[0.633035, 0.031758, -0.385193, 0.450012, -0.478856]
[0.633005, 0.00942, -0.387363, 0.450031, -0.478375]
[0.633189, 0.020243, -0.391082, 0.450156, -0.478582]
[0.633217, 0.033425, -0.387047, 0.450073, -0.478428]
[0.633052, 0.034873, -0.398915, 0.450147, -0.478354]
[0.63192, 0.025923, -0.394231, 0.450085, -0.478677]
[0.631666, -0.001911, -0.392039, 0.450006, -0.478586]
[0.631888, 0.006161, -0.39668, 0.450152, -0.478756]
[0.631776, 0.019749, -0.398287, 0.450058, -0.478899]
[0.631801, -0.006303, -0.398015, 0.450013, -0.47869]
[0.631872, 0.028464, -0.397068, 0.450156, -0.478786]
[0.633112, 0.038365, -0.392514, 0.450055, -0.478797]
[0.632147, -0.008455, -0.392478, 0.45005, -0.47834]
[0.632094, 0.009587, -0.392496, 0.450037, -0.478676]
[0.633226, 0.021044, -0.388452, 0.450003, -0.478629]
[0.633042, -0.004978, -0.385899, 0.45013, -0.478845]
[0.633369, 0.005339, -0.382928, 0.450148, -0.47894]
[0.632632, 0.027352, -0.397871, 0.450056, -0.478573]
[0.632914, 0.017041, -0.392618, 0.450163, -0.478636]
[0.633356, 0.011912, -0.392006, 0.450045, -0.478533]
[0.632339, 0.015806, -0.385819, 0.45005, -0.478934]
[0.632724, -0.006008, -0.389812, 0.450067, -0.478859]
[0.632591, 0.00763, -0.388611, 0.450113, -0.478764]
[0.633247, 0.045053, -0.396097, 0.450007, -0.47841]
[0.631544, 0.012295, -0.386293, 0.450054, -0.478513]
[0.631871, -0.001373, -0.387269, 0.45012, -0.478754]
[0.632374, -0.007983, -0.399093, 0.450113, -0.478493]
[0.63186, 0.045345, -0.393576, 0.450115, -0.478711]
[0.633044, 0.049129, -0.396844, 0.450139, -0.478873]
[0.632224, -0.006038, -0.399592, 0.450142, -0.478268]
[0.631977, -0.004096, -0.388846, 0.450041, -0.478743]
[0.631975, 0.031392, -0.390064, 0.450136, -0.478881]
[0.632913, 0.040117, -0.38917, 0.450108, -0.478327]
[0.632995, -0.001053, -0.382739, 0.450033, -0.478805]
[0.633086, 0.03074, -0.393042, 0.450088, -0.478451]
[0.63307, 0.015263, -0.398773, 0.450166, -0.47884]
[0.632149, 0.028871, -0.381438, 0.450154, -0.478286]
[0.632803, 0.043957, -0.396181, 0.450172, -0.478658]
[0.632904, -0.003096, -0.389494, 0.450087, -0.478908]
[0.631747, 0.021069, -0.397639, 0.450052, -0.478818]
[0.633168, 0.00858, -0.393451, 0.450078, -0.478876]
[0.632388, 0.003376, -0.382323, 0.45014, -0.478288]
[0.63169, 0.009864, -0.398514, 0.45007, -0.478622]
[0.632443, -0.002286, -0.39867, 0.450015, -0.478855]
[0.633067, 0.010285, -0.386876, 0.45015, -0.478676]
[0.633053, -0.007757, -0.38214, 0.450111, -0.47872]
[0.631684, -0.004663, -0.383499, 0.450077, -0.478335]
[0.633244, 0.032938, -0.391447, 0.450095, -0.478843]
[0.632011, -0.011447, -0.400023, 0.450136, -0.478463]
[0.632459, 0.014459, -0.38178, 0.450062, -0.478806]
[0.632399, 0.030423, -0.387628, 0.450046, -0.47837]
[0.632402, 0.006073, -0.387368, 0.450024, -0.478609]
[0.63198, 0.037695, -0.393225, 0.450073, -0.47841]
[0.633036, 0.037224, -0.39151, 0.450104, -0.47876]
[0.63154, 0.03144, -0.394278, 0.450088, -0.47858]
[0.63317, 0.009476, -0.38347, 0.45015, -0.478761]
[0.632648, 0.040293, -0.384096, 0.450159, -0.478506]
[0.632945, 0.023634, -0.385914, 0.450065, -0.478354]
[0.631965, 0.039938, -0.394008, 0.450138, -0.478315]
[0.631744, 0.035272, -0.386989, 0.450145, -0.478379]
[0.632466, -0.008061, -0.389164, 0.45002, -0.478504]
[0.633138, 0.029494, -0.386442, 0.450138, -0.478786]
[0.632975, 0.015155, -0.391498, 0.450157, -0.4787]
[0.633108, 0.043668, -0.392025, 0.450133, -0.478732]
[0.632757, 0.018251, -0.397395, 0.450089, -0.47847]
[0.632518, 0.035987, -0.396673, 0.450144, -0.478824]
[0.632006, -0.010712, -0.384353, 0.450008, -0.47841]
[0.633357, 0.032673, -0.390458, 0.450057, -0.478814]
[0.631929, 0.021227, -0.389641, 0.450072, -0.47839]
[0.633189, 0.03454, -0.399406, 0.450077, -0.478893]
[0.633364, 0.045495, -0.385032, 0.450052, -0.478372]
[0.632628, 0.024963, -0.386584, 0.450068, -0.478597]
[0.632146, 0.043776, -0.393851, 0.450074, -0.47885]
[0.632899, 0.028619, -0.384063, 0.450114, -0.478309]
[0.631685, -0.004794, -0.383215, 0.450077, -0.478273]
[0.631688, -0.004885, -0.383726, 0.450077, -0.478322]
[0.631681, -0.004701, -0.382159, 0.450077, -0.478305]
[0.631674, -0.004616, -0.383661, 0.450076, -0.478304]
[0.631679, -0.004561, -0.383012, 0.450076, -0.478332]
[0.631683, -0.004799, -0.382488, 0.450077, -0.47827]
[0.631672, -0.004504, -0.38337, 0.450077, -0.478294]
[0.631679, -0.004718, -0.382915, 0.450077, -0.478306]
[0.631676, -0.004844, -0.383262, 0.450076, -0.478324]
[0.631673, -0.004802, -0.382725, 0.450077, -0.478271]
[0.631684, -0.004808, -0.3828, 0.450076, -0.478288]
[0.631671, -0.004798, -0.383481, 0.450076, -0.478334]
[0.631676, -0.004757, -0.383166, 0.450076, -0.478324]
[0.631682, -0.004736, -0.382122, 0.450076, -0.478333]
[0.631673, -0.004479, -0.382771, 0.450076, -0.478293]
[0.631688, -0.004503, -0.383767, 0.450076, -0.478328]
[0.631681, -0.004821, -0.383082, 0.450077, -0.47833]
[0.631672, -0.004603, -0.383304, 0.450077, -0.478321]
[0.631675, -0.004511, -0.383793, 0.450077, -0.478319]
[0.631673, -0.004453, -0.382694, 0.450076, -0.478305]
[0.631673, -0.004748, -0.382367, 0.450076, -0.478326]
[0.631685, -0.00488, -0.382678, 0.450076, -0.478318]
[0.631677, -0.004799, -0.383557, 0.450076, -0.478322]
[0.631681, -0.004628, -0.382348, 0.450076, -0.47833]
[0.631671, -0.004619, -0.382285, 0.450077, -0.478312]
[0.631686, -0.00477, -0.383134, 0.450076, -0.478286]
[0.631672, -0.004667, -0.383395, 0.450077, -0.478299]
[0.631689, -0.004574, -0.383198, 0.450077, -0.478327]
[0.631685, -0.004452, -0.382833, 0.450076, -0.478272]
[0.631688, -0.004837, -0.382362, 0.450076, -0.47827]
[0.631673, -0.004787, -0.382686, 0.450076, -0.478306]
[0.631676, -0.004786, -0.382415, 0.450076, -0.478307]
[0.631682, -0.004569, -0.38336, 0.450077, -0.478271]
[0.631677, -0.004582, -0.383312, 0.450076, -0.478271]
[0.631686, -0.004682, -0.382732, 0.450077, -0.478265]
[0.631671, -0.00457, -0.38308, 0.450076, -0.478308]
[0.631684, -0.004787, -0.382779, 0.450076, -0.478275]
[0.631688, -0.004855, -0.382539, 0.450076, -0.47833]
[0.631674, -0.004886, -0.383794, 0.450077, -0.478277]
[0.631678, -0.004875, -0.38334, 0.450077, -0.478267]
[0.631685, -0.004517, -0.383762, 0.450077, -0.478289]
[0.631673, -0.004711, -0.383242, 0.450076, -0.478299]
[0.631689, -0.004883, -0.382435, 0.450076, -0.478303]
[0.631676, -0.004837, -0.383269, 0.450076, -0.478328]
[0.631676, -0.004708, -0.383142, 0.450076, -0.47828]
[0.631672, -0.004577, -0.382911, 0.450077, -0.478326]
[0.631689, -0.004731, -0.383266, 0.450077, -0.478292]
[0.63168, -0.004563, -0.382097, 0.450077, -0.478307]
[0.631676, -0.004833, -0.383763, 0.450076, -0.478277]
[0.631689, -0.004738, -0.38307, 0.450077, -0.478282]
[0.631684, -0.004783, -0.382492, 0.450077, -0.478272]
[0.631689, -0.004826, -0.383745, 0.450077, -0.478296]
[0.631671, -0.004827, -0.382494, 0.450077, -0.478301]
[0.631677, -0.004717, -0.383396, 0.450076, -0.478281]
[0.631684, -0.004854, -0.382813, 0.450077, -0.478266]
[0.63169, -0.004853, -0.38326, 0.450076, -0.478269]
[0.631679, -0.00462, -0.382384, 0.450076, -0.478306]
[0.631682, -0.00483, -0.382203, 0.450076, -0.478283]
[0.631683, -0.004563, -0.383631, 0.450076, -0.478271]
[0.631686, -0.00446, -0.382516, 0.450077, -0.478265]
[0.631688, -0.004806, -0.38249, 0.450077, -0.478329]
[0.631678, -0.004791, -0.383558, 0.450077, -0.478295]
[0.631688, -0.004856, -0.382297, 0.450076, -0.478274]
[0.631688, -0.004705, -0.382871, 0.450076, -0.478274]
[0.631677, -0.004712, -0.383777, 0.450077, -0.47831]
[0.631681, -0.004661, -0.382042, 0.450077, -0.478305]
[0.631677, -0.00481, -0.382906, 0.450077, -0.478333]
[0.631689, -0.004578, -0.383051, 0.450076, -0.47833]
[0.631684, -0.004473, -0.382098, 0.450077, -0.47829]
[0.631681, -0.004717, -0.383598, 0.450076, -0.478331]
[0.63169, -0.004731, -0.383117, 0.450077, -0.478318]
[0.631672, -0.004835, -0.382114, 0.450076, -0.478321]
[0.631679, -0.004705, -0.382319, 0.450076, -0.478295]
[0.631679, -0.004808, -0.382863, 0.450076, -0.478276]
[0.631674, -0.004513, -0.382527, 0.450076, -0.478271]
[0.631688, -0.004626, -0.382438, 0.450076, -0.478274]
[0.631687, -0.004449, -0.383099, 0.450076, -0.478308]
[0.631687, -0.004636, -0.382277, 0.450077, -0.478327]
[0.631679, -0.004529, -0.383401, 0.450076, -0.478302]
[0.631675, -0.00452, -0.382532, 0.450077, -0.478281]
[0.631674, -0.004655, -0.383641, 0.450076, -0.47831]
[0.63168, -0.004485, -0.38237, 0.450076, -0.478274]
[0.631676, -0.00484, -0.383762, 0.450076, -0.478264]
[0.631687, -0.004776, -0.383052, 0.450076, -0.478271]
[0.631675, -0.00473, -0.382226, 0.450076, -0.478297]
[0.631681, -0.004502, -0.382237, 0.450076, -0.478269]
[0.631685, -0.004819, -0.382712, 0.450077, -0.4783]
[0.631683, -0.004869, -0.382733, 0.450076, -0.478263]
[0.631676, -0.004619, -0.382881, 0.450077, -0.478304]
[0.631685, -0.004543, -0.382084, 0.450076, -0.478288]
[0.631674, -0.004665, -0.382214, 0.450077, -0.478334]
[0.631675, -0.004673, -0.383325, 0.450076, -0.478284]
[0.631679, -0.004614, -0.3835, 0.450076, -0.478305]
[0.631679, -0.0045, -0.382606, 0.450076, -0.478333]
[0.631675, -0.004554, -0.382976, 0.450077, -0.478267]
[0.631683, -0.004762, -0.382397, 0.450077, -0.478311]
[0.631683, -0.004748, -0.382141, 0.450076, -0.478273]
[0.63169, -0.004803, -0.383083, 0.450076, -0.478303]
[0.631687, -0.004633, -0.382831, 0.450076, -0.478311]
[0.631683, -0.004882, -0.383157, 0.450077, -0.478325]
[0.631671, -0.004646, -0.382736, 0.450077, -0.478286]
[0.631674, -0.004761, -0.383527, 0.450077, -0.478294]
[0.631675, -0.004555, -0.382325, 0.450076, -0.478302]
[0.631682, -0.004612, -0.38331, 0.450076, -0.478288]
[0.631677, -0.004737, -0.382269, 0.450077, -0.478285]
[0.631675, -0.00467, -0.382662, 0.450077, -0.478299]
[0.631673, -0.004562, -0.382804, 0.450076, -0.478309]
[0.631684, -0.004686, -0.382815, 0.450076, -0.478268]
[0.631678, -0.004609, -0.383233, 0.450076, -0.478281]
[0.631687, -0.004699, -0.382964, 0.450077, -0.478282]
[0.631679, -0.004648, -0.382188, 0.450077, -0.478327]
[0.631682, -0.004728, -0.382484, 0.450077, -0.47829]
[0.631678, -0.004595, -0.382029, 0.450077, -0.478326]
[0.631683, -0.004513, -0.383818, 0.450077, -0.478312]
[0.631675, -0.004517, -0.38264, 0.450076, -0.478295]
[0.631687, -0.004739, -0.383646, 0.450077, -0.478303]
[0.631681, -0.004643, -0.383147, 0.450077, -0.478298]
[0.631687, -0.004648, -0.383416, 0.450077, -0.478279]
[0.631678, -0.004635, -0.382929, 0.450076, -0.478298]
[0.631685, -0.004629, -0.382282, 0.450077, -0.478294]
[0.631689, -0.004678, -0.382751, 0.450076, -0.478302]
[0.631672, -0.00448, -0.382392, 0.450076, -0.478303]
[0.631676, -0.004885, -0.382877, 0.450077, -0.478299]
[0.631688, -0.004681, -0.382973, 0.450076, -0.478314]
[0.631675, -0.004746, -0.382552, 0.450077, -0.478309]
[0.631673, -0.004455, -0.382393, 0.450076, -0.47827]
[0.631677, -0.0045, -0.383305, 0.450077, -0.478305]
[0.631676, -0.004758, -0.383579, 0.450076, -0.478323]
[0.631689, -0.004578, -0.383326, 0.450076, -0.478265]
[0.631683, -0.004611, -0.383586, 0.450076, -0.478307]
[0.631688, -0.004526, -0.382696, 0.450076, -0.478302]
[0.631689, -0.004467, -0.383608, 0.450076, -0.47831]
[0.631682, -0.004864, -0.38369, 0.450077, -0.478306]
[0.631682, -0.00475, -0.382129, 0.450076, -0.478306]
[0.631676, -0.004535, -0.382947, 0.450077, -0.478271]
[0.631683, -0.004478, -0.38237, 0.450077, -0.478301]
[0.631686, -0.004843, -0.383753, 0.450077, -0.478302]
[0.631681, -0.004837, -0.383444, 0.450076, -0.478296]
[0.631689, -0.004471, -0.382233, 0.450077, -0.478321]
[0.631681, -0.004649, -0.38285, 0.450076, -0.478329]
[0.631686, -0.004523, -0.382624, 0.450076, -0.47831]
[0.631674, -0.004766, -0.382652, 0.450076, -0.478326]
[0.631677, -0.004511, -0.383515, 0.450077, -0.478333]
[0.63168, -0.004779, -0.383309, 0.450077, -0.478317]
[0.631672, -0.004545, -0.382723, 0.450076, -0.478319]
[0.63168, -0.004655, -0.383059, 0.450077, -0.478295]
[0.63168, -0.004587, -0.382925, 0.450076, -0.478271]
[0.631675, -0.004489, -0.383353, 0.450077, -0.478277]
[0.631686, -0.004472, -0.383108, 0.450076, -0.478334]
[0.631679, -0.004763, -0.383771, 0.450077, -0.478308]
[0.631682, -0.004734, -0.382134, 0.450076, -0.478332]
[0.631682, -0.00474, -0.382127, 0.450076, -0.478332]
[0.631682, -0.004743, -0.382127, 0.450076, -0.478333]
[0.631682, -0.004737, -0.38212, 0.450076, -0.478333]
[0.631682, -0.004737, -0.382117, 0.450076, -0.478333]
[0.631682, -0.004741, -0.382121, 0.450076, -0.478334]
[0.631682, -0.004733, -0.382126, 0.450076, -0.478334]
[0.631682, -0.004737, -0.382137, 0.450076, -0.478333]
[0.631682, -0.004737, -0.382107, 0.450076, -0.478334]
[0.631682, -0.004736, -0.382107, 0.450076, -0.478334]
[0.631682, -0.004743, -0.382131, 0.450076, -0.478333]
[0.631682, -0.004733, -0.382139, 0.450076, -0.478332]
[0.631682, -0.004742, -0.382134, 0.450076, -0.478333]
[0.631682, -0.004736, -0.38212, 0.450076, -0.478332]
[0.631682, -0.004739, -0.382108, 0.450076, -0.478333]
[0.631682, -0.004742, -0.382111, 0.450076, -0.478332]
[0.631682, -0.004734, -0.382119, 0.450076, -0.478332]
[0.631682, -0.00474, -0.382135, 0.450076, -0.478333]
[0.631682, -0.004739, -0.382124, 0.450076, -0.478333]
[0.631682, -0.004736, -0.382125, 0.450076, -0.478334]
[0.631682, -0.004733, -0.382127, 0.450076, -0.478333]
[0.631682, -0.004737, -0.382113, 0.450076, -0.478332]
[0.631682, -0.004743, -0.382134, 0.450076, -0.478333]
[0.631682, -0.004733, -0.382112, 0.450076, -0.478334]
[0.631682, -0.004735, -0.382116, 0.450076, -0.478332]
[0.631682, -0.004735, -0.382108, 0.450076, -0.478334]
[0.631682, -0.004734, -0.382126, 0.450076, -0.478333]
[0.631682, -0.004736, -0.382128, 0.450076, -0.478333]
[0.631682, -0.004742, -0.382119, 0.450076, -0.478333]
[0.631682, -0.004736, -0.382115, 0.450076, -0.478333]
[0.631682, -0.004732, -0.382137, 0.450076, -0.478333]
[0.631682, -0.00474, -0.382107, 0.450076, -0.478333]
[0.631682, -0.004738, -0.382133, 0.450076, -0.478333]
[0.631682, -0.004736, -0.382132, 0.450076, -0.478332]
[0.631682, -0.004737, -0.382125, 0.450076, -0.478334]
[0.631682, -0.004743, -0.382132, 0.450076, -0.478332]
[0.631682, -0.004732, -0.382127, 0.450076, -0.478333]
[0.631682, -0.004738, -0.382132, 0.450076, -0.478333]
[0.631682, -0.004735, -0.382125, 0.450076, -0.478333]
[0.631682, -0.004734, -0.382123, 0.450076, -0.478333]
[0.631682, -0.00474, -0.382127, 0.450076, -0.478334]
[0.631682, -0.004738, -0.382132, 0.450076, -0.478334]
[0.631682, -0.004743, -0.382139, 0.450076, -0.478333]
[0.631682, -0.004733, -0.382122, 0.450076, -0.478333]
[0.631682, -0.004737, -0.382139, 0.450076, -0.478334]
[0.631682, -0.004733, -0.382112, 0.450076, -0.478332]
[0.631682, -0.004743, -0.382108, 0.450076, -0.478334]
[0.631682, -0.004739, -0.382114, 0.450076, -0.478332]
[0.631682, -0.004734, -0.382133, 0.450076, -0.478333]
[0.631682, -0.004742, -0.382125, 0.450076, -0.478332]
[0.631682, -0.004739, -0.382127, 0.450076, -0.478334]
[0.631682, -0.004732, -0.382125, 0.450076, -0.478332]
[0.631682, -0.00474, -0.382129, 0.450076, -0.478333]
[0.631682, -0.004736, -0.382111, 0.450076, -0.478334]
[0.631682, -0.004736, -0.38211, 0.450076, -0.478333]
[0.631682, -0.004742, -0.382134, 0.450076, -0.478332]
[0.631682, -0.004739, -0.382123, 0.450076, -0.478333]
[0.631682, -0.004732, -0.382132, 0.450076, -0.478332]
[0.631682, -0.004742, -0.382125, 0.450076, -0.478333]
[0.631682, -0.004738, -0.382108, 0.450076, -0.478333]
[0.631682, -0.004738, -0.382117, 0.450076, -0.478334]
[0.631682, -0.00474, -0.382126, 0.450076, -0.478333]
[0.631682, -0.004737, -0.382134, 0.450076, -0.478333]
[0.631682, -0.00474, -0.382127, 0.450076, -0.478333]
[0.631682, -0.004737, -0.382136, 0.450076, -0.478334]
[0.631682, -0.004743, -0.382116, 0.450076, -0.478333]
[0.631682, -0.004733, -0.382133, 0.450076, -0.478333]
[0.631682, -0.004734, -0.382126, 0.450076, -0.478334]
[0.631682, -0.004733, -0.382132, 0.450076, -0.478333]
[0.631682, -0.00474, -0.382108, 0.450076, -0.478334]
[0.631682, -0.004734, -0.382131, 0.450076, -0.478332]
[0.631682, -0.00474, -0.382124, 0.450076, -0.478332]
[0.631682, -0.004739, -0.382107, 0.450076, -0.478333]
[0.631682, -0.004739, -0.382138, 0.450076, -0.478333]
[0.631682, -0.004735, -0.382137, 0.450076, -0.478333]
[0.631682, -0.004738, -0.382122, 0.450076, -0.478333]
[0.631682, -0.00474, -0.382119, 0.450076, -0.478333]
[0.631682, -0.004734, -0.382121, 0.450076, -0.478334]
[0.631682, -0.004733, -0.382115, 0.450076, -0.478332]
[0.631682, -0.004733, -0.382112, 0.450076, -0.478333]
[0.631682, -0.004733, -0.382127, 0.450076, -0.478332]
[0.631682, -0.004738, -0.38211, 0.450076, -0.478332]
[0.631682, -0.004739, -0.382113, 0.450076, -0.478333]
[0.631682, -0.004741, -0.382138, 0.450076, -0.478332]
[0.631682, -0.004733, -0.382135, 0.450076, -0.478333]
[0.631682, -0.004742, -0.382125, 0.450076, -0.478334]
[0.631682, -0.00474, -0.382139, 0.450076, -0.478334]
[0.631682, -0.004733, -0.382129, 0.450076, -0.478332]
[0.631682, -0.004733, -0.382111, 0.450076, -0.478334]
[0.631682, -0.004743, -0.382116, 0.450076, -0.478334]
[0.631682, -0.004743, -0.382114, 0.450076, -0.478334]
[0.631682, -0.004736, -0.382109, 0.450076, -0.478333]
[0.631682, -0.004735, -0.382113, 0.450076, -0.478334]
[0.631682, -0.004734, -0.382129, 0.450076, -0.478332]
[0.631682, -0.004736, -0.382114, 0.450076, -0.478333]
[0.631682, -0.004742, -0.382128, 0.450076, -0.478332]
[0.631682, -0.004736, -0.382138, 0.450076, -0.478332]
[0.631682, -0.00474, -0.382131, 0.450076, -0.478333]
[0.631682, -0.004734, -0.382115, 0.450076, -0.478332]
[0.631682, -0.004735, -0.382135, 0.450076, -0.478334]
[0.631682, -0.004741, -0.382111, 0.450076, -0.478332]
[0.631682, -0.004735, -0.382118, 0.450076, -0.478334]
[0.631682, -0.00474, -0.382126, 0.450076, -0.478332]
[0.631682, -0.004735, -0.382139, 0.450076, -0.478333]
[0.631682, -0.004741, -0.382127, 0.450076, -0.478333]
[0.631682, -0.004738, -0.38213, 0.450076, -0.478333]
[0.631682, -0.004742, -0.382135, 0.450076, -0.478333]
[0.631682, -0.004735, -0.382119, 0.450076, -0.478333]
[0.631682, -0.004734, -0.382129, 0.450076, -0.478334]
[0.631682, -0.00474, -0.382124, 0.450076, -0.478333]
[0.631682, -0.004734, -0.382136, 0.450076, -0.478334]
[0.631682, -0.004736, -0.382121, 0.450076, -0.478333]
[0.631682, -0.004734, -0.382113, 0.450076, -0.478332]
[0.631682, -0.004735, -0.382121, 0.450076, -0.478332]
[0.631682, -0.004736, -0.382137, 0.450076, -0.478332]
[0.631682, -0.004735, -0.382111, 0.450076, -0.478334]
[0.631682, -0.004734, -0.38213, 0.450076, -0.478333]
[0.631682, -0.004741, -0.382132, 0.450076, -0.478333]
[0.631682, -0.004743, -0.382112, 0.450076, -0.478333]
[0.631682, -0.004737, -0.382122, 0.450076, -0.478332]
[0.631682, -0.004734, -0.382124, 0.450076, -0.478333]
[0.631682, -0.004739, -0.38213, 0.450076, -0.478334]
[0.631682, -0.004743, -0.382119, 0.450076, -0.478334]
[0.631682, -0.004733, -0.382134, 0.450076, -0.478334]
[0.631682, -0.004738, -0.382106, 0.450076, -0.478333]
[0.631682, -0.004734, -0.382115, 0.450076, -0.478333]
[0.631682, -0.004736, -0.382138, 0.450076, -0.478333]
[0.631682, -0.004738, -0.382118, 0.450076, -0.478332]
[0.631682, -0.004739, -0.382114, 0.450076, -0.478333]
[0.631682, -0.004739, -0.382117, 0.450076, -0.478334]
[0.631682, -0.004738, -0.382117, 0.450076, -0.478333]
[0.631682, -0.004736, -0.382136, 0.450076, -0.478333]
[0.631682, -0.004739, -0.382132, 0.450076, -0.478334]
[0.631682, -0.004738, -0.382133, 0.450076, -0.478334]
[0.631682, -0.004735, -0.382112, 0.450076, -0.478333]
[0.631682, -0.004744, -0.382137, 0.450076, -0.478332]
[0.631682, -0.004738, -0.382114, 0.450076, -0.478333]
[0.631682, -0.004739, -0.382133, 0.450076, -0.478333]
[0.631682, -0.004733, -0.382124, 0.450076, -0.478334]
[0.631682, -0.004737, -0.382139, 0.450076, -0.478332]
[0.631682, -0.004741, -0.382121, 0.450076, -0.478333]
[0.631682, -0.004742, -0.382137, 0.450076, -0.478333]
[0.631682, -0.004736, -0.382139, 0.450076, -0.478332]
[0.631682, -0.004742, -0.382112, 0.450076, -0.478332]
[0.631682, -0.004733, -0.382121, 0.450076, -0.478334]
[0.631682, -0.004733, -0.382128, 0.450076, -0.478333]
[0.631682, -0.004739, -0.382136, 0.450076, -0.478334]
[0.631682, -0.004744, -0.382107, 0.450076, -0.478333]
[0.631682, -0.004742, -0.38213, 0.450076, -0.478333]
[0.631682, -0.004732, -0.382126, 0.450076, -0.478334]
[0.631682, -0.004732, -0.382111, 0.450076, -0.478334]
[0.631682, -0.004732, -0.382112, 0.450076, -0.478334]
