Status: non-adversarial inputs found
[0.635878, 0.127938, -0.040454, 0.475647, -0.482511]
[0.662564, -0.225966, 0.249544, 0.457306, -0.48878]
[0.602779, -0.138808, -0.321837, 0.491191, -0.455328]
[0.635221, -0.461292, -0.427076, 0.450399, -0.468622]
[0.638496, -0.00428, -0.033635, 0.493416, -0.468072]
[0.617081, 0.098596, -0.447891, 0.490732, -0.495696]
[0.634271, 0.434622, 0.152922, 0.484616, -0.453484]
[0.628872, 0.016277, -0.084265, 0.487948, -0.454059]
[0.623923, -0.494235, -0.015986, 0.499677, -0.474777]
[0.642034, -0.140471, 0.397993, 0.495123, -0.481032]
[0.617335, -0.258318, -0.278774, 0.450234, -0.48256]
[0.661076, -0.458019, 0.177529, 0.495687, -0.450164]
[0.679794, 0.284954, -0.024343, 0.454238, -0.478034]
[0.646373, 0.32173, 0.174801, 0.480182, -0.496212]
[0.602039, 0.41695, 0.266867, 0.472811, -0.495487]
[0.660391, 0.093419, 0.172441, 0.488101, -0.483094]
[0.672201, 0.143549, 0.214028, 0.492623, -0.457192]
[0.648644, -0.278943, 0.063429, 0.456463, -0.476752]
[0.662072, -0.262191, -0.071025, 0.459235, -0.456704]
[0.62996, -0.189102, 0.156609, 0.453458, -0.465502]
[0.614148, -0.222257, 0.078348, 0.456657, -0.480323]
[0.611338, 0.011794, -0.49042, 0.469442, -0.475867]
[0.607411, 0.166732, 0.480953, 0.451361, -0.457632]
[0.661907, 0.017721, -0.294513, 0.486624, -0.49772]
[0.658415, 0.353569, 0.328858, 0.472131, -0.481878]
[0.659082, -0.333146, -0.095567, 0.459548, -0.49528]
[0.644872, -0.442968, 0.045731, 0.495268, -0.469519]
[0.655385, 0.059788, 0.417135, 0.485981, -0.489879]
[0.665442, -0.440594, -0.033906, 0.458029, -0.466924]
[0.668189, 0.03381, 0.232282, 0.471801, -0.471492]
[0.671865, -0.208532, -0.113179, 0.485053, -0.497645]
[0.605934, 0.464809, 0.321225, 0.471019, -0.472535]
[0.635442, -0.465074, 0.453363, 0.457854, -0.459196]
[0.606844, -0.34739, 0.226825, 0.492828, -0.452345]
[0.625431, -0.210331, -0.487302, 0.469655, -0.490211]
[0.60605, 0.172044, -0.493103, 0.480704, -0.467924]
[0.640975, -0.244633, 0.20723, 0.498645, -0.470844]
[0.614508, 0.230934, -0.208615, 0.450139, -0.450469]
[0.620107, -0.375303, 0.400143, 0.484048, -0.463162]
[0.65385, -0.192931, 0.102498, 0.494545, -0.454147]
[0.671896, -0.463119, 0.271465, 0.453717, -0.455657]
[0.603353, 0.251818, -0.234343, 0.461261, -0.462045]
[0.626413, -0.339249, 0.450775, 0.450976, -0.483283]
[0.677483, 0.325144, 0.339304, 0.468618, -0.45319]
[0.62467, -0.449934, 0.146688, 0.485747, -0.479874]
[0.666764, -0.255945, -0.101728, 0.470611, -0.465972]
[0.670246, -0.144036, -0.484194, 0.474643, -0.460505]
[0.62579, 0.142712, -0.170086, 0.464237, -0.498215]
[0.619566, -0.235917, -0.09603, 0.457068, -0.490611]
[0.621963, 0.053878, -0.342156, 0.475736, -0.450137]
[0.664214, -0.451806, -0.247691, 0.457799, -0.462444]
[0.655294, 0.066442, 0.170317, 0.490575, -0.462368]
[0.603973, 0.356995, 0.103478, 0.45976, -0.489748]
[0.619246, 0.165363, -0.308597, 0.479175, -0.461375]
[0.664423, 0.397106, -0.174133, 0.472371, -0.452757]
[0.641614, -0.143694, 0.003846, 0.473638, -0.474609]
[0.609413, 0.488901, -0.036894, 0.488366, -0.488597]
[0.677314, -0.477774, 0.253813, 0.47872, -0.474784]
[0.601676, 0.43048, 0.486533, 0.487303, -0.484432]
[0.656565, 0.286268, -0.27119, 0.472168, -0.48519]
[0.658221, 0.139277, 0.081448, 0.495656, -0.499294]
[0.64578, 0.199598, -0.085383, 0.487584, -0.487518]
[0.610043, -0.064811, 0.310789, 0.498923, -0.473483]
[0.677992, -0.487546, -0.498657, 0.482327, -0.478892]
[0.678858, 0.097478, 0.296985, 0.470672, -0.468215]
[0.613098, 0.169737, 0.089508, 0.454245, -0.461031]
[0.638281, 0.302869, -0.143721, 0.499433, -0.488471]
[0.677616, 0.268054, -0.484068, 0.481126, -0.490668]
[0.626558, 0.101633, -0.156741, 0.481878, -0.461079]
[0.604451, 0.226115, 0.304531, 0.456576, -0.455533]
[0.626806, -0.393423, -0.268991, 0.462122, -0.467786]
[0.635491, -0.492076, 0.270385, 0.46874, -0.476304]
[0.648011, 0.370983, 0.448546, 0.468176, -0.451505]
[0.665501, -0.23796, 0.364262, 0.452633, -0.47277]
[0.613406, 0.208624, 0.478216, 0.470888, -0.492605]
[0.645309, -0.417686, -0.017165, 0.495661, -0.472216]
[0.634923, -0.395321, 0.385506, 0.474008, -0.484726]
[0.658978, 0.314366, 0.091931, 0.451246, -0.492205]
[0.675932, -0.392442, 0.079267, 0.47894, -0.486814]
[0.62861, 0.251264, -0.353701, 0.473099, -0.459844]
[0.646415, -0.366789, 0.393241, 0.46817, -0.45459]
[0.617371, 0.304451, -0.141718, 0.451998, -0.455184]
[0.607417, -0.167242, -0.03839, 0.491111, -0.492021]
[0.639311, -0.3191, -0.264854, 0.465759, -0.453881]
[0.621575, 0.344406, 0.33788, 0.45068, -0.458626]
[0.620222, -0.349806, -0.238049, 0.474239, -0.493367]
[0.622777, 0.016284, 0.170228, 0.467628, -0.475011]
[0.649167, -0.187455, 0.285256, 0.471102, -0.452766]
[0.651587, -0.186733, 0.354443, 0.461619, -0.480321]
[0.668883, 0.151381, -0.110271, 0.494422, -0.458837]
[0.620222, 0.406167, -0.101808, 0.492407, -0.474215]
[0.644683, -0.032981, -0.34459, 0.478927, -0.458407]
[0.672589, 0.305765, -0.121386, 0.473682, -0.470492]
[0.653954, -0.224086, 0.112899, 0.480714, -0.494634]
[0.658331, 0.077344, 0.416157, 0.462903, -0.495891]
[0.640503, -0.360369, 0.030471, 0.452334, -0.476667]
[0.6432, -0.318287, 0.08544, 0.484806, -0.491618]
[0.647614, 0.157699, -0.194276, 0.457427, -0.478334]
[0.674108, 0.049385, 0.47417, 0.497711, -0.498062]
[0.615481, -0.491691, -0.022829, 0.455317, -0.459538]
[0.646444, 0.285014, 0.244117, 0.491146, -0.493848]
[0.650463, 0.326045, -0.40722, 0.466318, -0.499076]
[0.638547, 0.086843, 0.187832, 0.465899, -0.480816]
[0.653041, 0.185995, 0.417462, 0.477427, -0.465396]
[0.637662, 0.123887, 0.041383, 0.495728, -0.460612]
[0.6103, -0.234143, -0.420291, 0.485678, -0.495642]
[0.657673, -0.122958, -0.213741, 0.488063, -0.465621]
[0.672025, 0.176906, -0.29827, 0.488963, -0.4554]
[0.672486, -0.435079, 0.25115, 0.482632, -0.473817]
[0.638595, 0.059881, -0.167036, 0.487832, -0.454022]
[0.62536, 0.063731, 0.482624, 0.481149, -0.456694]
[0.664364, 0.41823, -0.214548, 0.485237, -0.490644]
[0.633677, -0.446451, 0.01568, 0.498205, -0.47139]
[0.649009, -0.367143, 0.229074, 0.490137, -0.452048]
[0.679081, 0.135322, -0.215944, 0.475078, -0.464239]
[0.658488, 0.26352, -0.227327, 0.452145, -0.489065]
[0.642339, 0.097735, 0.430851, 0.472326, -0.479691]
[0.624933, -0.084368, 0.266444, 0.485077, -0.47103]
[0.630874, 0.106752, 0.193465, 0.474222, -0.496354]
[0.679623, 0.130725, 0.144387, 0.492107, -0.479396]
[0.622736, 0.347187, 0.127629, 0.472971, -0.476773]
[0.610155, 0.032622, 0.045803, 0.473722, -0.476102]
[0.643642, -0.421225, -0.061302, 0.45822, -0.473049]
[0.662072, -0.346235, 0.073442, 0.486595, -0.469416]
[0.66646, 0.082194, 0.269028, 0.492354, -0.472029]
[0.60179, 0.499985, -0.411063, 0.4586, -0.484945]
[0.633093, 0.081878, 0.408391, 0.474942, -0.461685]
[0.624765, 0.132611, -0.013015, 0.496175, -0.463143]
[0.677963, -0.26174, 0.172272, 0.48285, -0.49431]
[0.607469, 0.338637, 0.239377, 0.451999, -0.480064]
[0.609631, 0.312771, 0.163713, 0.466168, -0.49578]
[0.629614, 0.295174, -0.307614, 0.459478, -0.496775]
[0.645747, -0.023443, -0.018896, 0.486203, -0.467414]
[0.61414, -0.139666, 0.229544, 0.472085, -0.458926]
[0.649451, 0.145459, 0.453551, 0.478434, -0.459812]
[0.655452, -0.216978, 0.094918, 0.474247, -0.494946]
[0.676252, -0.414277, 0.133156, 0.489413, -0.481601]
[0.610196, -0.499527, -0.440875, 0.485293, -0.49817]
[0.601528, 0.418035, 0.22008, 0.450881, -0.482668]
[0.676805, -0.203104, 0.285518, 0.480028, -0.456709]
[0.621706, -0.007844, 0.272269, 0.462474, -0.466479]
[0.616243, 0.418072, -0.20025, 0.463149, -0.4656]
[0.614864, -0.30154, 0.141249, 0.474216, -0.49562]
[0.611845, -0.10036, -0.123983, 0.45532, -0.490241]
[0.628165, 0.437028, -0.2945, 0.494306, -0.467432]
[0.657463, 0.297309, -0.240956, 0.462232, -0.481549]
[0.637358, 0.168923, -0.384135, 0.450111, -0.491248]
[0.650952, 0.142454, -0.309369, 0.492633, -0.47674]
[0.644452, -0.40894, 0.239771, 0.478898, -0.47962]
[0.672236, -0.294651, 0.044814, 0.486404, -0.459069]
[0.621589, -0.008359, 0.270445, 0.462614, -0.466557]
[0.621832, -0.006757, 0.273702, 0.461715, -0.466565]
[0.621936, -0.003985, 0.270156, 0.461632, -0.466524]
[0.621347, -0.003082, 0.270644, 0.462534, -0.4666]
[0.621948, -0.010376, 0.275781, 0.462543, -0.466544]
[0.621553, -0.015537, 0.271107, 0.462029, -0.466591]
[0.621947, -0.001978, 0.27507, 0.461238, -0.466586]
[0.62169, -0.007782, 0.276679, 0.46156, -0.466595]
[0.621457, -0.01184, 0.274707, 0.461388, -0.466529]
[0.621769, -0.003747, 0.271229, 0.462722, -0.466497]
[0.621425, -0.009739, 0.271452, 0.46152, -0.466519]
[0.621495, -0.001178, 0.271365, 0.462185, -0.466542]
[0.621752, -0.001402, 0.27017, 0.461055, -0.466571]
[0.621645, -0.002921, 0.275291, 0.462736, -0.466477]
[0.621315, -0.004579, 0.274749, 0.461297, -0.466576]
[0.621708, -0.010915, 0.276087, 0.462316, -0.466489]
[0.621673, -0.012671, 0.272175, 0.462038, -0.466463]
[0.621319, -0.008297, 0.270047, 0.461264, -0.46651]
[0.621949, -0.010577, 0.270133, 0.462129, -0.466488]
[0.621884, -0.007115, 0.273881, 0.462741, -0.466505]
[0.621957, -0.004856, 0.270302, 0.462231, -0.466594]
[0.621394, -0.012543, 0.271443, 0.461898, -0.466541]
[0.621728, -0.014573, 0.270873, 0.462314, -0.466542]
[0.621662, -0.001494, 0.271343, 0.462311, -0.466593]
[0.621437, -0.014917, 0.273616, 0.461388, -0.466542]
[0.621886, -0.00419, 0.274171, 0.461841, -0.466526]
[0.621779, -0.007319, 0.271142, 0.462383, -0.466535]
[0.621439, -0.006686, 0.27283, 0.461575, -0.4666]
[0.621684, -0.010498, 0.270344, 0.461154, -0.46658]
[0.621764, -0.001977, 0.271101, 0.461229, -0.46647]
[0.621656, -0.001754, 0.273308, 0.462396, -0.466581]
[0.6219, -0.008378, 0.271229, 0.461534, -0.466602]
[0.621845, -0.009892, 0.272451, 0.461014, -0.466567]
[0.621352, -0.005002, 0.272933, 0.461638, -0.466594]
[0.621951, -0.01114, 0.275242, 0.461359, -0.46655]
[0.621551, -0.015317, 0.273762, 0.461008, -0.466477]
[0.621564, -0.010546, 0.274435, 0.461811, -0.466481]
[0.621416, -0.004645, 0.276868, 0.462058, -0.466479]
[0.621676, -0.006801, 0.272451, 0.461498, -0.466595]
[0.621349, -0.013847, 0.271638, 0.461504, -0.466525]
[0.621741, -0.012102, 0.2747, 0.46206, -0.466471]
[0.621847, -9e-05, 0.274967, 0.461077, -0.46658]
[0.62146, -0.001738, 0.27606, 0.461555, -0.46652]
[0.621952, -0.005189, 0.276486, 0.462674, -0.466569]
[0.621353, -0.015024, 0.272915, 0.462366, -0.466522]
[0.621358, -0.002081, 0.273575, 0.462478, -0.466591]
[0.621544, -0.014127, 0.27098, 0.46245, -0.466525]
[0.621299, -0.00735, 0.270451, 0.461091, -0.46657]
[0.621903, -0.005, 0.276256, 0.46202, -0.466563]
[0.621524, -0.012125, 0.274251, 0.46215, -0.466469]
[0.621741, -0.00452, 0.270543, 0.461902, -0.466539]
[0.621575, -0.007208, 0.274133, 0.461077, -0.466531]
[0.621908, -0.014541, 0.273199, 0.461158, -0.466463]
[0.621665, -0.000816, 0.272872, 0.461705, -0.466571]
[0.621645, -0.001944, 0.272702, 0.462734, -0.466597]
[0.621337, -0.006576, 0.275657, 0.462458, -0.466572]
[0.621636, -0.011681, 0.274106, 0.462248, -0.466582]
[0.621771, -0.005448, 0.276313, 0.461936, -0.466582]
[0.62172, -0.010944, 0.274701, 0.461728, -0.466511]
[0.6215, -0.014686, 0.274305, 0.461927, -0.466588]
[0.621634, -0.015538, 0.273367, 0.462513, -0.466468]
[0.621609, -0.00929, 0.269869, 0.461904, -0.466462]
[0.621916, -0.004901, 0.275654, 0.460962, -0.466528]
[0.621764, -0.002689, 0.273833, 0.462071, -0.466572]
[0.621556, -0.00342, 0.275153, 0.462662, -0.466582]
[0.621421, -0.00379, 0.273592, 0.461954, -0.466481]
[0.621609, -0.004686, 0.276586, 0.461458, -0.466506]
[0.621693, -0.005743, 0.272157, 0.461091, -0.466483]
[0.621725, -0.000601, 0.276159, 0.461954, -0.466465]
[0.621888, -0.015492, 0.272104, 0.461201, -0.466473]
[0.621834, -0.012126, 0.273586, 0.462037, -0.466503]
[0.621921, -0.001667, 0.273895, 0.461061, -0.466579]
[0.621524, -0.000711, 0.275817, 0.46156, -0.466545]
[0.6216, -0.00179, 0.269863, 0.462691, -0.466596]
[0.621493, -0.015156, 0.270422, 0.46114, -0.466526]
[0.621752, -0.013834, 0.275027, 0.461401, -0.466517]
[0.621481, -0.001487, 0.274019, 0.46161, -0.466481]
[0.621751, -0.011827, 0.272549, 0.462241, -0.466475]
[0.621314, -0.001138, 0.275278, 0.462425, -0.466535]
[0.621486, -0.004103, 0.270547, 0.462786, -0.46649]
[0.621444, -0.007882, 0.272135, 0.461553, -0.466486]
[0.62178, -0.008366, 0.273003, 0.461254, -0.46651]
[0.621924, -0.002291, 0.274354, 0.461845, -0.466599]
[0.621808, -0.002593, 0.272882, 0.462477, -0.466485]
[0.621316, -0.012517, 0.273121, 0.462463, -0.466479]
[0.621953, -0.010722, 0.274267, 0.462641, -0.466541]
[0.621704, -0.006006, 0.275811, 0.461233, -0.466565]
[0.621701, -0.008949, 0.273723, 0.461488, -0.46649]
[0.621478, -0.010847, 0.270963, 0.462791, -0.466571]
[0.62153, -0.007795, 0.270854, 0.462778, -0.466537]
[0.621487, -0.011938, 0.275447, 0.461629, -0.466514]
[0.621696, -0.000869, 0.27192, 0.462288, -0.466593]
[0.621411, -0.013598, 0.273266, 0.461254, -0.466582]
[0.621495, -0.007346, 0.271163, 0.461636, -0.466519]
[0.621397, -0.01531, 0.270844, 0.46127, -0.466491]
[0.621385, -0.000129, 0.276451, 0.462398, -0.466504]
[0.621964, -0.012836, 0.276788, 0.461512, -0.466546]
[0.621898, -0.013488, 0.276806, 0.461304, -0.466481]
[0.621366, -0.00732, 0.27521, 0.462239, -0.466516]
[0.621642, -0.010166, 0.271392, 0.461007, -0.466563]
[0.621743, -0.00242, 0.273527, 0.462555, -0.466574]
[0.621346, -0.01062, 0.273319, 0.461148, -0.466567]
[0.621866, -0.009125, 0.272799, 0.46265, -0.466596]
[0.621537, -0.014836, 0.270331, 0.461374, -0.46649]
[0.621895, -0.015647, 0.275764, 0.461457, -0.466493]
[0.621393, -0.003552, 0.274052, 0.462545, -0.466466]
[0.62167, -0.00477, 0.276768, 0.461485, -0.466485]
[0.621765, -0.014243, 0.270318, 0.462077, -0.466579]
[0.621655, -0.015136, 0.274932, 0.461403, -0.466481]
[0.621582, -0.003041, 0.276193, 0.462481, -0.466519]
[0.621326, -0.012641, 0.271805, 0.461798, -0.466504]
[0.621666, -0.008114, 0.27697, 0.46187, -0.466537]
[0.621466, -0.014399, 0.270629, 0.461671, -0.466497]
[0.6214, -0.005311, 0.271025, 0.462398, -0.466491]
[0.621932, -0.013252, 0.271337, 0.461, -0.466592]
[0.621427, -0.009458, 0.272155, 0.462301, -0.466518]
[0.621511, -0.009636, 0.271969, 0.462409, -0.466577]
[0.62178, -0.006238, 0.276648, 0.46246, -0.466495]
[0.621837, -0.013278, 0.273011, 0.462304, -0.466547]
[0.6217, -0.011649, 0.277049, 0.462039, -0.466567]
[0.621489, -0.00095, 0.275248, 0.46226, -0.466519]
[0.621874, -0.002343, 0.270089, 0.461117, -0.466473]
[0.621938, -0.006171, 0.274046, 0.462445, -0.466478]
[0.621819, -0.00827, 0.274183, 0.46165, -0.466586]
[0.621436, -0.013596, 0.273615, 0.461667, -0.466496]
[0.621563, -0.003645, 0.27408, 0.461008, -0.466551]
[0.621733, -0.009337, 0.271271, 0.462341, -0.466557]
[0.621539, -0.011034, 0.271604, 0.461173, -0.466546]
[0.621455, -0.006815, 0.27541, 0.462627, -0.466591]
[0.621458, -0.006906, 0.27345, 0.46214, -0.466592]
[0.621588, -0.013336, 0.276056, 0.461963, -0.466482]
[0.621699, -0.006132, 0.27672, 0.46218, -0.466558]
[0.621946, -0.001271, 0.272565, 0.462672, -0.466573]
[0.621899, -0.010957, 0.271482, 0.461098, -0.466525]
[0.621608, -0.000113, 0.275441, 0.462395, -0.466548]
[0.621462, -0.002327, 0.276513, 0.462751, -0.466521]
[0.621446, -0.003168, 0.275996, 0.462673, -0.466465]
[0.621313, -0.003904, 0.275129, 0.461851, -0.466539]
[0.621902, -0.004211, 0.27682, 0.462647, -0.466504]
[0.621899, -0.011952, 0.277009, 0.462311, -0.466469]
[0.621666, -0.003001, 0.273262, 0.4611, -0.466573]
[0.62147, -0.012083, 0.275485, 0.461197, -0.466461]
[0.621319, -0.013003, 0.276148, 0.461789, -0.466477]
[0.621378, -0.012941, 0.274599, 0.46193, -0.466538]
[0.621911, -0.009232, 0.276738, 0.461878, -0.466595]
[0.621499, -0.002135, 0.271595, 0.462744, -0.466533]
[0.621931, -0.013227, 0.272445, 0.461481, -0.466524]
[0.621359, -0.009648, 0.270807, 0.46166, -0.466521]
[0.621938, -0.012149, 0.275588, 0.462499, -0.466465]
[0.621324, -0.01131, 0.270172, 0.462032, -0.466517]
[0.621891, -0.015727, 0.275733, 0.461451, -0.466493]
[0.621899, -0.01571, 0.275744, 0.461452, -0.466493]
[0.62189, -0.01566, 0.275739, 0.461447, -0.466493]
[0.621892, -0.0157, 0.275758, 0.46146, -0.466493]
[0.621883, -0.015686, 0.275721, 0.461449, -0.466494]
[0.621882, -0.015712, 0.275729, 0.461468, -0.466492]
[0.621894, -0.015686, 0.275759, 0.461456, -0.466493]
[0.621889, -0.015672, 0.275749, 0.461449, -0.466494]
[0.62189, -0.015727, 0.275744, 0.461455, -0.466492]
[0.621897, -0.015647, 0.275732, 0.46145, -0.466493]
[0.621892, -0.015669, 0.275762, 0.461466, -0.466493]
[0.62189, -0.015693, 0.275758, 0.46145, -0.466494]
[0.621892, -0.015673, 0.275728, 0.461468, -0.466494]
[0.621897, -0.015706, 0.275723, 0.46145, -0.466494]
[0.621894, -0.015731, 0.275724, 0.461445, -0.466492]
[0.621886, -0.015684, 0.275754, 0.461458, -0.466494]
[0.621889, -0.015717, 0.275756, 0.461458, -0.466494]
[0.621894, -0.015709, 0.275756, 0.461457, -0.466493]
[0.621895, -0.015716, 0.275743, 0.461458, -0.466492]
[0.621888, -0.015665, 0.275743, 0.461447, -0.466493]
[0.621882, -0.015692, 0.275764, 0.461452, -0.466492]
[0.621889, -0.015671, 0.275759, 0.461445, -0.466493]
[0.621897, -0.015646, 0.275733, 0.461464, -0.466493]
[0.621888, -0.015702, 0.275727, 0.461469, -0.466493]
[0.621887, -0.015672, 0.275737, 0.461446, -0.466492]
[0.621888, -0.015655, 0.275734, 0.461457, -0.466493]
[0.621894, -0.015678, 0.275722, 0.461472, -0.466493]
[0.621885, -0.015735, 0.275736, 0.461473, -0.466494]
[0.62189, -0.01568, 0.275721, 0.461454, -0.466493]
[0.621896, -0.015713, 0.275743, 0.461457, -0.466492]
[0.621885, -0.015645, 0.275738, 0.461463, -0.466494]
[0.621887, -0.015649, 0.275757, 0.461469, -0.466494]
[0.621897, -0.015683, 0.275764, 0.461445, -0.466494]
[0.621883, -0.015728, 0.27573, 0.46146, -0.466493]
[0.621892, -0.015668, 0.275761, 0.461469, -0.466493]
[0.621895, -0.015688, 0.275726, 0.461464, -0.466493]
[0.621893, -0.015706, 0.275762, 0.461445, -0.466494]
[0.621891, -0.01572, 0.27576, 0.461471, -0.466493]
[0.621895, -0.015667, 0.275757, 0.461463, -0.466493]
[0.621898, -0.015726, 0.275751, 0.461459, -0.466493]
[0.621888, -0.015708, 0.275734, 0.461462, -0.466494]
[0.621886, -0.015729, 0.275725, 0.46146, -0.466494]
[0.621891, -0.015675, 0.275755, 0.461454, -0.466492]
[0.621892, -0.015704, 0.275744, 0.461447, -0.466494]
[0.621898, -0.015647, 0.27574, 0.461465, -0.466493]
[0.621892, -0.015654, 0.275744, 0.461446, -0.466493]
[0.62189, -0.015708, 0.275728, 0.461468, -0.466493]
[0.621898, -0.015675, 0.275753, 0.461471, -0.466493]
[0.621888, -0.015729, 0.275734, 0.461458, -0.466493]
[0.621895, -0.015667, 0.27572, 0.461469, -0.466492]
[0.621881, -0.015734, 0.275751, 0.461465, -0.466493]
[0.621889, -0.015662, 0.275742, 0.461463, -0.466493]
[0.621895, -0.015679, 0.275732, 0.461459, -0.466494]
[0.621894, -0.015649, 0.275754, 0.461468, -0.466494]
[0.621884, -0.015732, 0.275725, 0.461461, -0.466494]
[0.621883, -0.015673, 0.275747, 0.461452, -0.466493]
[0.621887, -0.01568, 0.275753, 0.461449, -0.466492]
[0.621888, -0.015652, 0.275721, 0.461451, -0.466492]
[0.621896, -0.015729, 0.275745, 0.461461, -0.466493]
[0.621882, -0.015727, 0.275734, 0.461447, -0.466492]
[0.621886, -0.015718, 0.275734, 0.461464, -0.466493]
[0.621886, -0.01567, 0.275753, 0.461458, -0.466494]
[0.621897, -0.015643, 0.27576, 0.461467, -0.466494]
[0.621895, -0.015735, 0.275727, 0.461462, -0.466493]
[0.621887, -0.015672, 0.275753, 0.461472, -0.466492]
[0.621885, -0.015696, 0.27574, 0.461452, -0.466492]
[0.621887, -0.015674, 0.275732, 0.461457, -0.466493]
[0.621888, -0.015734, 0.275748, 0.461471, -0.466494]
[0.621884, -0.015729, 0.275731, 0.461462, -0.466493]
[0.621891, -0.015727, 0.275754, 0.461447, -0.466494]
[0.621889, -0.015695, 0.275731, 0.461453, -0.466494]
[0.621881, -0.015728, 0.275742, 0.461461, -0.466493]
[0.621884, -0.015732, 0.275734, 0.461462, -0.466492]
[0.621895, -0.015705, 0.275745, 0.461448, -0.466492]
[0.621898, -0.015714, 0.27576, 0.461472, -0.466493]
[0.621882, -0.015715, 0.275764, 0.46147, -0.466492]
[0.621888, -0.015702, 0.275764, 0.461448, -0.466493]
[0.621886, -0.015667, 0.275722, 0.461462, -0.466494]
[0.621885, -0.015672, 0.275729, 0.461466, -0.466493]
[0.621895, -0.015713, 0.275722, 0.461459, -0.466492]
[0.62189, -0.015736, 0.275728, 0.461472, -0.466494]
[0.621895, -0.015718, 0.275748, 0.461471, -0.466494]
[0.621894, -0.015659, 0.27574, 0.461466, -0.466493]
[0.621894, -0.015698, 0.275734, 0.461458, -0.466493]
[0.621896, -0.015645, 0.275739, 0.461449, -0.466493]
[0.621898, -0.015715, 0.275751, 0.461464, -0.466493]
[0.621886, -0.015674, 0.275741, 0.46147, -0.466494]
[0.621884, -0.015693, 0.275764, 0.461471, -0.466494]
[0.621897, -0.01566, 0.275748, 0.461462, -0.466494]
[0.621883, -0.015668, 0.27573, 0.461447, -0.466492]
[0.621895, -0.015698, 0.275754, 0.461457, -0.466493]
[0.621897, -0.015692, 0.275729, 0.46145, -0.466494]
[0.621886, -0.015712, 0.275732, 0.461464, -0.466493]
[0.621892, -0.015701, 0.275754, 0.461461, -0.466493]
[0.621892, -0.015728, 0.275765, 0.46146, -0.466494]
[0.621898, -0.015734, 0.275722, 0.461464, -0.466494]
[0.621887, -0.015708, 0.275719, 0.461451, -0.466494]
[0.621881, -0.015695, 0.27575, 0.461449, -0.466494]
[0.621898, -0.015723, 0.27572, 0.461447, -0.466493]
[0.62189, -0.015711, 0.275746, 0.461464, -0.466493]
[0.621892, -0.015734, 0.275746, 0.461463, -0.466492]
[0.621885, -0.015679, 0.275724, 0.461467, -0.466494]
[0.62189, -0.015713, 0.275729, 0.461445, -0.466492]
[0.621886, -0.015686, 0.275759, 0.461451, -0.466493]
[0.621885, -0.01567, 0.275762, 0.461452, -0.466493]
[0.621896, -0.015659, 0.275761, 0.461467, -0.466493]
[0.621893, -0.015715, 0.275723, 0.461457, -0.466493]
[0.621885, -0.015688, 0.275761, 0.461469, -0.466493]
[0.621888, -0.015711, 0.275729, 0.461471, -0.466494]
[0.621883, -0.015671, 0.27575, 0.461452, -0.466494]
[0.621884, -0.015707, 0.275756, 0.461473, -0.466494]
[0.62189, -0.015711, 0.275753, 0.461469, -0.466494]
[0.621885, -0.0157, 0.275731, 0.461461, -0.466494]
[0.621891, -0.015673, 0.275739, 0.461452, -0.466494]
[0.621888, -0.015698, 0.275735, 0.461452, -0.466492]
[0.621897, -0.015656, 0.275729, 0.461463, -0.466493]
[0.621895, -0.015676, 0.275753, 0.461463, -0.466494]
[0.621894, -0.015683, 0.27575, 0.461459, -0.466493]
[0.621895, -0.015727, 0.275727, 0.461463, -0.466492]
[0.621895, -0.015646, 0.27573, 0.461454, -0.466493]
[0.621884, -0.015675, 0.27574, 0.461464, -0.466493]
[0.621895, -0.015668, 0.27573, 0.461471, -0.466493]
[0.621896, -0.015729, 0.275746, 0.461465, -0.466494]
[0.621898, -0.015672, 0.275759, 0.461451, -0.466492]
[0.621897, -0.015653, 0.275763, 0.46147, -0.466492]
[0.621892, -0.015649, 0.275761, 0.461455, -0.466493]
[0.621897, -0.015656, 0.27574, 0.461468, -0.466493]
[0.621889, -0.015679, 0.275752, 0.461459, -0.466492]
[0.621885, -0.015732, 0.275754, 0.461469, -0.466494]
[0.62189, -0.015733, 0.275761, 0.461472, -0.466492]
[0.621883, -0.015712, 0.275735, 0.461468, -0.466492]
[0.621883, -0.015718, 0.275728, 0.461457, -0.466493]
[0.621883, -0.015658, 0.275759, 0.461467, -0.466493]
[0.621883, -0.015695, 0.275751, 0.461468, -0.466492]
[0.621887, -0.015683, 0.275765, 0.461446, -0.466494]
[0.621898, -0.01565, 0.27572, 0.461456, -0.466493]
[0.621891, -0.015716, 0.275723, 0.46146, -0.466494]
[0.621894, -0.015674, 0.275745, 0.461473, -0.466493]
[0.621898, -0.015707, 0.27574, 0.461459, -0.466493]
[0.621897, -0.01565, 0.275732, 0.461466, -0.466493]
[0.621899, -0.01572, 0.275736, 0.46146, -0.466494]
[0.621889, -0.015694, 0.275753, 0.461466, -0.466493]
[0.62189, -0.015735, 0.275756, 0.461451, -0.466492]
[0.621896, -0.01571, 0.275758, 0.461457, -0.466493]
[0.621895, -0.015661, 0.275745, 0.461451, -0.466494]
[0.621896, -0.015713, 0.275757, 0.461458, -0.466493]
[0.621892, -0.015677, 0.275762, 0.461447, -0.466493]
[0.621887, -0.015717, 0.275746, 0.46147, -0.466492]
[0.62189, -0.015653, 0.27572, 0.461457, -0.466493]
[0.62189, -0.015677, 0.275726, 0.461458, -0.466493]
[0.62189, -0.015734, 0.275756, 0.461451, -0.466492]
[0.62189, -0.015734, 0.275757, 0.461451, -0.466492]
[0.62189, -0.015737, 0.275756, 0.461451, -0.466492]
[0.62189, -0.015736, 0.275756, 0.461451, -0.466492]
[0.62189, -0.015733, 0.275757, 0.461451, -0.466492]
[0.62189, -0.015735, 0.275757, 0.461451, -0.466492]
[0.62189, -0.015733, 0.275756, 0.461451, -0.466492]
[0.62189, -0.015736, 0.275757, 0.461451, -0.466492]
[0.62189, -0.015734, 0.275755, 0.461451, -0.466492]
[0.62189, -0.015736, 0.275755, 0.461451, -0.466492]
[0.62189, -0.015735, 0.275755, 0.461451, -0.466492]
[0.62189, -0.015733, 0.275755, 0.461451, -0.466492]
[0.62189, -0.015737, 0.275757, 0.461451, -0.466492]
[0.62189, -0.015737, 0.275755, 0.461451, -0.466492]
[0.65961, 0.246162, -0.456707, 0.458675, -0.471919]
[0.609884, -0.208146, 0.163908, 0.472649, -0.494372]
[0.658057, -0.098061, -0.484735, 0.470641, -0.45139]
[0.655304, -0.02364, -0.144003, 0.462588, -0.482715]
[0.677965, 0.338259, 0.085133, 0.469868, -0.471649]
[0.676947, -0.257073, -0.465181, 0.49684, -0.452895]
[0.64518, 0.284798, -0.368367, 0.453207, -0.4682]
[0.630172, 0.089417, 0.252893, 0.497136, -0.456982]
[0.678534, -0.440037, -0.094033, 0.471276, -0.464652]
[0.620512, -0.091186, -0.25838, 0.471293, -0.481959]
[0.61163, -0.247827, 0.260976, 0.478223, -0.469797]
[0.624474, 0.29068, 0.362307, 0.458725, -0.495745]
[0.631353, 0.235439, -0.214316, 0.459908, -0.463427]
[0.607627, -0.322391, 0.391544, 0.458899, -0.45889]
[0.615159, 0.457064, 0.371159, 0.478646, -0.463572]
[0.642149, 0.101345, -0.374143, 0.473648, -0.457637]
[0.621675, 0.343346, 0.255303, 0.454186, -0.488771]
[0.622258, 0.144017, -0.001777, 0.450573, -0.477089]
[0.636143, 0.170901, 0.452048, 0.463643, -0.45467]
[0.607629, -0.024367, -0.192807, 0.477308, -0.489268]
[0.612157, 0.082836, 0.386911, 0.494727, -0.485579]
[0.643704, 0.056977, 0.201554, 0.461694, -0.460451]
[0.602223, 0.064298, -0.496619, 0.461971, -0.489631]
[0.62078, -0.295907, -0.211504, 0.474755, -0.483586]
[0.636587, 0.078532, 0.263332, 0.468424, -0.495537]
[0.605861, -0.012925, -0.387391, 0.457551, -0.495176]
[0.616981, -0.017326, 0.03794, 0.493171, -0.499995]
[0.656189, -0.351051, -0.127319, 0.477656, -0.456612]
[0.653606, 0.004657, -0.094158, 0.467249, -0.467594]
[0.652928, 0.261014, 0.063562, 0.479547, -0.480679]
[0.609379, -0.109579, -0.312593, 0.457108, -0.482844]
[0.601349, 0.263987, -0.041322, 0.487796, -0.45146]
[0.668251, -0.152464, 0.094989, 0.495904, -0.467446]
[0.637728, 0.099128, -0.48165, 0.464563, -0.490934]
[0.619967, 0.465811, -0.42833, 0.47601, -0.467096]
[0.637334, -0.312451, -0.213333, 0.472789, -0.456223]
[0.601211, 0.419645, 0.034207, 0.452131, -0.482118]
[0.668851, 0.191793, -0.272243, 0.462829, -0.473256]
[0.671671, -0.446238, 0.452452, 0.492515, -0.495419]
[0.622836, 0.244766, -0.470809, 0.48155, -0.473348]
[0.616419, 0.444303, -0.164146, 0.455135, -0.496687]
[0.632069, -0.243867, -0.394223, 0.494224, -0.477488]
[0.673809, 0.092992, -0.431275, 0.499412, -0.474721]
[0.616054, -0.321373, 0.297059, 0.483021, -0.498345]
[0.669558, 0.331991, 0.255096, 0.484729, -0.495896]
[0.600542, -0.495243, -0.499864, 0.486011, -0.490571]
[0.603292, -0.122678, 0.191192, 0.475348, -0.495599]
[0.631268, -0.294226, 0.436996, 0.465241, -0.475238]
[0.622096, -0.410496, 0.384811, 0.473172, -0.49881]
[0.616122, 0.214446, -0.2876, 0.472462, -0.457279]
[0.614604, 0.276252, -0.311254, 0.460606, -0.4688]
[0.602931, -0.367315, 0.400333, 0.463073, -0.482419]
[0.662872, -0.013676, -0.017678, 0.486547, -0.46507]
[0.665963, 0.007774, 0.126452, 0.470456, -0.456692]
[0.643543, -0.238297, 0.294865, 0.456161, -0.467773]
[0.65963, 0.251013, -0.299333, 0.486277, -0.453272]
[0.656319, 0.453302, -0.066332, 0.495168, -0.475025]
[0.646329, -0.40801, -0.119365, 0.451523, -0.496621]
[0.668601, 0.317753, -0.246867, 0.460806, -0.488209]
[0.671091, -0.480823, -0.452575, 0.451322, -0.471997]
[0.60428, -0.110151, 0.471441, 0.46896, -0.475719]
[0.63122, 0.044372, -0.190847, 0.462256, -0.470808]
[0.655224, -0.151607, 0.403701, 0.487857, -0.49201]
[0.626618, 0.209226, 0.495561, 0.471933, -0.470098]
[0.655357, 0.152441, -0.285933, 0.468257, -0.494174]
[0.633211, -0.295735, -0.333233, 0.469778, -0.492409]
[0.635793, -0.394567, -0.284255, 0.465265, -0.465885]
[0.615657, -0.375259, 0.411611, 0.455095, -0.457909]
[0.645476, -0.431429, -0.07812, 0.470057, -0.470428]
[0.605072, 0.426952, 0.40425, 0.496415, -0.495991]
[0.626376, -0.082577, -0.338911, 0.495928, -0.467606]
[0.658647, 0.415797, -0.449479, 0.493871, -0.468859]
[0.63566, 0.13537, -0.142837, 0.484221, -0.495682]
[0.671767, 0.366918, 0.107543, 0.455505, -0.496207]
[0.642414, -0.000253, -0.182978, 0.478109, -0.483923]
[0.630175, -0.252407, 0.365393, 0.48112, -0.471289]
[0.648774, -0.274738, 0.363788, 0.477236, -0.498522]
[0.668022, -0.145466, 0.389381, 0.469816, -0.496694]
[0.658956, 0.254962, 0.339785, 0.49653, -0.496437]
[0.66552, -0.014375, 0.103889, 0.48321, -0.467004]
[0.668689, -0.150108, -0.14639, 0.477656, -0.458551]
[0.676344, 0.121533, 0.058408, 0.498722, -0.45721]
[0.656136, 0.416073, 0.216324, 0.48506, -0.477142]
[0.615718, -0.237599, -0.442052, 0.479861, -0.477616]
[0.651088, -0.281065, -0.060129, 0.4664, -0.458696]
[0.614714, 0.416902, 0.442085, 0.492946, -0.480228]
[0.619415, -0.22092, 0.437257, 0.472664, -0.478794]
[0.633749, 0.260006, -0.348987, 0.45284, -0.478402]
[0.618862, -0.400278, -0.488914, 0.472243, -0.471671]
[0.603682, -0.07946, -0.109903, 0.474283, -0.494108]
[0.621779, 0.425489, 0.337469, 0.470303, -0.482269]
[0.63555, -0.105916, -0.25803, 0.457382, -0.490825]
[0.669532, -0.177116, -0.410172, 0.48504, -0.488517]
[0.652747, -0.201594, 0.151728, 0.495226, -0.478359]
[0.660065, -0.017936, 0.089999, 0.499317, -0.468146]
[0.65726, -0.475391, 0.478986, 0.499336, -0.474526]
[0.630948, 0.450631, 0.107646, 0.486059, -0.456214]
[0.674461, 0.245243, 0.432293, 0.459958, -0.483812]
[0.60555, 0.369728, 0.351867, 0.474671, -0.48019]
[0.620662, -0.469789, -0.255068, 0.475847, -0.461601]
[0.650911, -0.320637, 0.404412, 0.491032, -0.457816]
[0.650397, 0.486271, 0.23515, 0.498595, -0.463888]
[0.635244, 0.15824, -0.28911, 0.498054, -0.466608]
[0.638557, 0.181178, 0.300283, 0.456973, -0.478592]
[0.616835, -0.288126, -0.484295, 0.466664, -0.470965]
[0.675208, -0.468611, 0.117266, 0.481169, -0.496883]
[0.660431, 0.440463, -0.013804, 0.46512, -0.473289]
[0.626105, -0.154554, 0.432921, 0.462255, -0.488216]
[0.665535, 0.079221, -0.213807, 0.45225, -0.462]
[0.6135, -0.439612, -0.459898, 0.462573, -0.461336]
[0.668107, -0.34656, 0.434409, 0.499567, -0.45495]
[0.61768, -0.347302, 0.408001, 0.476967, -0.48126]
[0.625377, -0.213407, 0.124049, 0.489207, -0.47243]
[0.600114, -0.157536, 0.173043, 0.489588, -0.469805]
[0.61913, -0.390042, 0.299421, 0.472119, -0.451439]
[0.673655, 0.418237, 0.37469, 0.466937, -0.476373]
[0.639135, 0.040391, 0.004705, 0.464053, -0.45322]
[0.642841, 0.018276, -0.121731, 0.497973, -0.485601]
[0.623672, 0.407453, 0.18176, 0.455672, -0.482962]
[0.607737, 0.232427, 0.311535, 0.486471, -0.484217]
[0.60201, -0.432689, 0.446875, 0.460836, -0.490808]
[0.651332, -0.413274, -0.075844, 0.477859, -0.462577]
[0.603504, -0.173436, -0.208859, 0.464891, -0.485313]
[0.634271, -0.009139, -0.415768, 0.471471, -0.496934]
[0.669617, 0.148985, -0.20018, 0.493168, -0.457019]
[0.608852, 0.488381, -0.141338, 0.463795, -0.494604]
[0.633546, 0.43748, -0.210389, 0.480425, -0.483798]
[0.659877, -0.397923, -0.346159, 0.453156, -0.471224]
[0.644399, 0.097974, 0.482251, 0.451556, -0.458908]
[0.649562, 0.09995, -0.470459, 0.480636, -0.484769]
[0.672538, -0.237284, 0.199462, 0.488553, -0.485581]
[0.601844, -0.086236, 0.249743, 0.478467, -0.493902]
[0.671514, 0.094774, 0.060393, 0.454024, -0.498628]
[0.611745, 0.271951, 0.121128, 0.477351, -0.463289]
[0.636999, 0.124183, -0.20605, 0.471354, -0.453164]
[0.644709, 0.010667, -0.365851, 0.495558, -0.458097]
[0.628631, -0.107897, -0.019287, 0.450238, -0.467186]
[0.628581, 0.089807, -0.432513, 0.492053, -0.492666]
[0.602102, -0.398002, 0.275455, 0.46253, -0.46663]
[0.667039, 0.120817, 0.082888, 0.48176, -0.455978]
[0.622527, -0.426085, -0.243437, 0.468089, -0.487796]
[0.657582, 0.358369, 0.425103, 0.458037, -0.478741]
[0.610207, 0.435339, -0.378866, 0.469068, -0.488482]
[0.639096, 0.188518, -0.105653, 0.468028, -0.476666]
[0.642805, 0.000537, -0.24072, 0.456407, -0.493253]
[0.622312, -0.013739, -0.472264, 0.46371, -0.45785]
[0.612404, -0.180437, 0.095185, 0.493481, -0.466292]
[0.66957, 0.313005, 0.060854, 0.461925, -0.498583]
[0.620515, 0.347668, -0.33321, 0.497738, -0.478907]
[0.660508, 0.496047, -0.491259, 0.485886, -0.452715]
[0.604702, -0.013856, -0.429587, 0.457554, -0.495133]
[0.60493, -0.012869, -0.414034, 0.457548, -0.495234]
[0.605863, -0.012829, -0.401385, 0.457546, -0.495211]
[0.605722, -0.013629, -0.423695, 0.457547, -0.495238]
[0.605675, -0.012608, -0.390772, 0.457538, -0.4951]
[0.605848, -0.012451, -0.431498, 0.457554, -0.495108]
[0.605295, -0.012759, -0.389426, 0.457582, -0.495252]
[0.605603, -0.01411, -0.427507, 0.457556, -0.495182]
[0.605372, -0.014381, -0.404009, 0.457587, -0.495156]
[0.606097, -0.014255, -0.417535, 0.457557, -0.495141]
[0.605456, -0.013379, -0.409458, 0.457547, -0.495204]
[0.605423, -0.013997, -0.403591, 0.457572, -0.495213]
[0.604716, -0.013087, -0.391063, 0.457546, -0.495226]
[0.605689, -0.012788, -0.421233, 0.457582, -0.495177]
[0.605373, -0.012472, -0.392937, 0.457575, -0.495183]
[0.606145, -0.012605, -0.416033, 0.457558, -0.495245]
[0.605383, -0.01391, -0.425628, 0.457587, -0.495292]
[0.605094, -0.013613, -0.419581, 0.457564, -0.495185]
[0.606014, -0.014025, -0.422017, 0.457546, -0.495107]
[0.606213, -0.012409, -0.40447, 0.457541, -0.495253]
[0.605302, -0.012319, -0.414078, 0.457578, -0.495295]
[0.605116, -0.012695, -0.419301, 0.457569, -0.495147]
[0.604666, -0.012945, -0.397371, 0.45756, -0.495092]
[0.605362, -0.012257, -0.435239, 0.457546, -0.495302]
[0.60527, -0.013776, -0.399925, 0.457588, -0.49518]
[0.605486, -0.01289, -0.397936, 0.457555, -0.495201]
[0.605545, -0.012788, -0.414448, 0.457586, -0.495212]
[0.605054, -0.014125, -0.410164, 0.457555, -0.49519]
[0.605684, -0.013628, -0.421279, 0.457565, -0.495298]
[0.605561, -0.013138, -0.416541, 0.457552, -0.49527]
[0.60554, -0.012785, -0.43307, 0.457571, -0.495286]
[0.605454, -0.012827, -0.407126, 0.457585, -0.495116]
[0.606088, -0.014185, -0.404833, 0.457574, -0.495274]
[0.605221, -0.013365, -0.426996, 0.457571, -0.495253]
[0.605885, -0.014378, -0.409053, 0.457585, -0.495187]
[0.605908, -0.014025, -0.392392, 0.457577, -0.495139]
[0.605452, -0.013029, -0.424188, 0.457557, -0.495297]
[0.606062, -0.014286, -0.400657, 0.457562, -0.495186]
[0.604875, -0.01282, -0.39286, 0.457536, -0.495265]
[0.604891, -0.013348, -0.421287, 0.457558, -0.495228]
[0.605018, -0.013643, -0.401453, 0.457556, -0.495254]
[0.604868, -0.012645, -0.412565, 0.457545, -0.495133]
[0.605196, -0.012954, -0.411143, 0.457584, -0.49523]
[0.604758, -0.013318, -0.414171, 0.457551, -0.495241]
[0.604651, -0.013876, -0.387586, 0.457589, -0.49509]
[0.606057, -0.013509, -0.398256, 0.45755, -0.495172]
[0.605503, -0.012549, -0.410787, 0.45757, -0.495232]
[0.605767, -0.013704, -0.402739, 0.457543, -0.495115]
[0.604903, -0.013299, -0.404251, 0.457552, -0.495127]
[0.606149, -0.013547, -0.40874, 0.457544, -0.495173]
[0.605467, -0.012476, -0.410013, 0.45754, -0.495253]
[0.6058, -0.013462, -0.428189, 0.457535, -0.495216]
[0.605052, -0.013854, -0.419911, 0.457544, -0.495097]
[0.605103, -0.01301, -0.43036, 0.457562, -0.495214]
[0.604651, -0.013039, -0.416834, 0.457581, -0.495199]
[0.605912, -0.012655, -0.389905, 0.457552, -0.495105]
[0.605622, -0.013436, -0.404594, 0.457551, -0.495202]
[0.60618, -0.014129, -0.395773, 0.45756, -0.49512]
[0.606238, -0.014076, -0.41434, 0.457583, -0.495167]
[0.605362, -0.012271, -0.395904, 0.457566, -0.49518]
[0.605738, -0.01295, -0.404431, 0.457553, -0.495098]
[0.605455, -0.013975, -0.409657, 0.457584, -0.495114]
[0.605998, -0.01256, -0.426037, 0.457569, -0.495113]
[0.605374, -0.012887, -0.418339, 0.457555, -0.495247]
[0.60489, -0.013635, -0.404447, 0.45754, -0.495122]
[0.605132, -0.013096, -0.423076, 0.457543, -0.495115]
[0.605706, -0.014101, -0.400326, 0.457559, -0.495287]
[0.605362, -0.012657, -0.407272, 0.457574, -0.495087]
[0.605955, -0.014156, -0.412505, 0.457573, -0.495218]
[0.605925, -0.012753, -0.423871, 0.457579, -0.495281]
[0.605679, -0.014194, -0.388497, 0.45758, -0.495162]
[0.605529, -0.012547, -0.42773, 0.457547, -0.495197]
[0.605374, -0.013812, -0.418627, 0.45755, -0.495135]
[0.605396, -0.012584, -0.424369, 0.457543, -0.49526]
[0.605544, -0.013498, -0.426109, 0.457565, -0.495262]
[0.605213, -0.013515, -0.401821, 0.457583, -0.495259]
[0.605816, -0.012631, -0.424026, 0.457558, -0.495117]
[0.605306, -0.013079, -0.390015, 0.457589, -0.495302]
[0.604615, -0.013121, -0.427588, 0.457569, -0.495089]
[0.605649, -0.013229, -0.399493, 0.457537, -0.495235]
[0.604751, -0.012413, -0.41497, 0.457583, -0.495171]
[0.605561, -0.013871, -0.412531, 0.457578, -0.495271]
[0.605375, -0.013732, -0.415842, 0.457536, -0.495229]
[0.605502, -0.013916, -0.432172, 0.457544, -0.495272]
[0.604917, -0.013751, -0.420672, 0.457535, -0.495155]
[0.605625, -0.012304, -0.420519, 0.457566, -0.495082]
[0.604612, -0.014061, -0.401121, 0.457548, -0.495156]
[0.605518, -0.013899, -0.426027, 0.457549, -0.495223]
[0.605525, -0.012892, -0.407885, 0.457558, -0.495296]
[0.604781, -0.013908, -0.428025, 0.457578, -0.4953]
[0.605605, -0.014101, -0.398682, 0.457579, -0.495127]
[0.606253, -0.013095, -0.403244, 0.457558, -0.495281]
[0.604718, -0.012754, -0.41352, 0.457559, -0.495284]
[0.605872, -0.014102, -0.420008, 0.457538, -0.495108]
[0.605338, -0.013687, -0.421376, 0.457586, -0.495155]
[0.60571, -0.013227, -0.39613, 0.457572, -0.495132]
[0.605323, -0.012734, -0.420678, 0.457549, -0.495293]
[0.605821, -0.013179, -0.428812, 0.457577, -0.495184]
[0.605989, -0.013414, -0.423973, 0.457581, -0.495283]
[0.605367, -0.014334, -0.396795, 0.457569, -0.495252]
[0.606011, -0.012904, -0.431697, 0.457582, -0.495191]
[0.606071, -0.013869, -0.415415, 0.457574, -0.495086]
[0.605589, -0.014031, -0.395577, 0.457555, -0.495255]
[0.604788, -0.014392, -0.400864, 0.457578, -0.495266]
[0.604919, -0.013305, -0.409211, 0.457544, -0.495251]
[0.604912, -0.0132, -0.421341, 0.457571, -0.495135]
[0.605381, -0.013733, -0.423701, 0.457588, -0.495232]
[0.605161, -0.012765, -0.414002, 0.457556, -0.495091]
[0.605002, -0.013542, -0.422492, 0.457578, -0.495298]
[0.606056, -0.012689, -0.423164, 0.457561, -0.495209]
[0.605022, -0.012752, -0.387658, 0.457573, -0.495278]
[0.606102, -0.013994, -0.427617, 0.457589, -0.495277]
[0.605862, -0.013419, -0.38752, 0.457546, -0.495132]
[0.605148, -0.014301, -0.38999, 0.457578, -0.495256]
[0.606222, -0.014078, -0.395692, 0.457554, -0.495274]
[0.605081, -0.014114, -0.426505, 0.457538, -0.495277]
[0.605149, -0.01371, -0.392769, 0.457586, -0.495176]
[0.605132, -0.014141, -0.407057, 0.457548, -0.495227]
[0.604776, -0.01347, -0.387524, 0.457589, -0.495153]
[0.605318, -0.014285, -0.401647, 0.457566, -0.495271]
[0.605026, -0.014283, -0.417586, 0.457581, -0.495193]
[0.606049, -0.012916, -0.427811, 0.457566, -0.495212]
[0.605615, -0.012758, -0.41951, 0.457556, -0.495106]
[0.605019, -0.012261, -0.414592, 0.457545, -0.495111]
[0.605876, -0.013338, -0.421816, 0.457559, -0.495255]
[0.605088, -0.013922, -0.412085, 0.457564, -0.49519]
[0.605266, -0.013974, -0.388296, 0.45758, -0.495202]
[0.604752, -0.013328, -0.399157, 0.45757, -0.495164]
[0.606227, -0.012849, -0.428716, 0.457537, -0.495169]
[0.605341, -0.013308, -0.394343, 0.457544, -0.495294]
[0.60615, -0.013612, -0.389044, 0.457558, -0.495159]
[0.604763, -0.012229, -0.425763, 0.457575, -0.495212]
[0.60487, -0.012761, -0.410247, 0.457559, -0.495204]
[0.605087, -0.013617, -0.413035, 0.457572, -0.495258]
[0.605205, -0.014256, -0.41549, 0.457541, -0.495149]
[0.60564, -0.013803, -0.413172, 0.457541, -0.495104]
[0.605874, -0.012842, -0.397158, 0.457573, -0.495297]
[0.605557, -0.013863, -0.407867, 0.457578, -0.495217]
[0.605129, -0.013722, -0.434361, 0.457557, -0.495237]
[0.605896, -0.013935, -0.413158, 0.457584, -0.495146]
[0.606017, -0.013037, -0.392588, 0.457545, -0.495306]
[0.605261, -0.013024, -0.405059, 0.457538, -0.495206]
[0.604944, -0.013076, -0.40677, 0.457579, -0.495137]
[0.605011, -0.012649, -0.388434, 0.457556, -0.495152]
[0.605311, -0.014158, -0.397784, 0.457581, -0.495239]
[0.60585, -0.013844, -0.431476, 0.457588, -0.495147]
[0.604977, -0.01357, -0.400494, 0.45755, -0.495172]
[0.605266, -0.013609, -0.391577, 0.457561, -0.495247]
[0.604866, -0.013012, -0.427005, 0.457577, -0.495141]
[0.606261, -0.012987, -0.434183, 0.457578, -0.495229]
[0.604779, -0.013472, -0.388022, 0.457589, -0.495155]
[0.604776, -0.013466, -0.387692, 0.457589, -0.495151]
[0.604774, -0.013466, -0.387538, 0.457589, -0.495147]
[0.604772, -0.013473, -0.387544, 0.457589, -0.495155]
[0.604778, -0.01347, -0.387323, 0.457589, -0.495147]
[0.60478, -0.013468, -0.38731, 0.457589, -0.495148]
[0.604778, -0.013468, -0.387592, 0.457589, -0.495152]
[0.60477, -0.013471, -0.387345, 0.457589, -0.495146]
[0.604766, -0.013472, -0.387997, 0.457589, -0.495146]
[0.604775, -0.013472, -0.38758, 0.457589, -0.495146]
[0.604776, -0.013469, -0.388049, 0.457589, -0.495146]
[0.604773, -0.013471, -0.387397, 0.457589, -0.495145]
[0.604771, -0.013472, -0.387965, 0.457589, -0.495146]
[0.604774, -0.013468, -0.388067, 0.457589, -0.495152]
[0.604762, -0.013472, -0.387843, 0.457589, -0.495153]
[0.604771, -0.013472, -0.388006, 0.457589, -0.49515]
[0.604774, -0.013469, -0.387425, 0.457589, -0.495154]
[0.604766, -0.013468, -0.387296, 0.457589, -0.495146]
[0.604769, -0.013468, -0.388078, 0.457589, -0.495151]
[0.604769, -0.013468, -0.387868, 0.457589, -0.495155]
[0.604774, -0.013467, -0.387988, 0.457589, -0.495147]
[0.604772, -0.013473, -0.387694, 0.457589, -0.495151]
[0.60478, -0.013468, -0.387285, 0.457589, -0.495148]
[0.604777, -0.013471, -0.387919, 0.457589, -0.495155]
[0.60478, -0.013472, -0.387642, 0.457589, -0.49515]
[0.604765, -0.01347, -0.388082, 0.457589, -0.495152]
[0.604775, -0.013471, -0.387845, 0.457589, -0.495155]
[0.604776, -0.013467, -0.387883, 0.457589, -0.495155]
[0.604778, -0.013469, -0.387359, 0.457589, -0.495146]
[0.604763, -0.013467, -0.387749, 0.457589, -0.495145]
[0.604766, -0.01347, -0.387585, 0.457589, -0.495154]
[0.604766, -0.013468, -0.387496, 0.457589, -0.495147]
[0.604781, -0.013471, -0.387526, 0.457589, -0.495149]
[0.60477, -0.013472, -0.387396, 0.457589, -0.495149]
[0.604767, -0.013469, -0.388147, 0.457589, -0.495154]
[0.604771, -0.013467, -0.387828, 0.457589, -0.495146]
[0.604774, -0.013471, -0.387968, 0.457589, -0.495148]
[0.604762, -0.013473, -0.388005, 0.457589, -0.495154]
[0.60478, -0.013472, -0.387477, 0.457589, -0.495147]
[0.604766, -0.013472, -0.387666, 0.457589, -0.495147]
[0.604763, -0.013469, -0.388188, 0.457589, -0.495153]
[0.604765, -0.013472, -0.387808, 0.457589, -0.495145]
[0.604775, -0.013471, -0.387891, 0.457589, -0.495149]
[0.604775, -0.013469, -0.387926, 0.457589, -0.495156]
[0.604778, -0.013472, -0.387816, 0.457589, -0.495149]
[0.604778, -0.013471, -0.38762, 0.457589, -0.495148]
[0.604777, -0.013467, -0.387742, 0.457589, -0.495155]
[0.604763, -0.013472, -0.387357, 0.457589, -0.495148]
[0.604774, -0.013467, -0.387333, 0.457589, -0.495148]
[0.604763, -0.01347, -0.387521, 0.457589, -0.495144]
[0.604782, -0.013472, -0.387334, 0.457589, -0.495156]
[0.604775, -0.013471, -0.388024, 0.457589, -0.495146]
[0.604763, -0.01347, -0.387679, 0.457589, -0.495154]
[0.604777, -0.01347, -0.387623, 0.457589, -0.495152]
[0.604766, -0.013469, -0.387643, 0.457589, -0.495145]
[0.604773, -0.013467, -0.38764, 0.457589, -0.495153]
[0.604767, -0.013468, -0.387975, 0.457589, -0.495154]
[0.60477, -0.013467, -0.387839, 0.457589, -0.495148]
[0.604766, -0.013466, -0.387804, 0.457589, -0.495146]
[0.604764, -0.013468, -0.388153, 0.457589, -0.495154]
[0.604766, -0.013468, -0.387947, 0.457589, -0.495144]
[0.604781, -0.013469, -0.387935, 0.457589, -0.495154]
[0.604762, -0.013469, -0.387498, 0.457589, -0.495152]
[0.604773, -0.01347, -0.387467, 0.457589, -0.49515]
[0.604783, -0.013467, -0.38793, 0.457589, -0.49515]
[0.60477, -0.013466, -0.387803, 0.457589, -0.495156]
[0.604769, -0.013473, -0.38761, 0.457589, -0.495153]
[0.604771, -0.013468, -0.387317, 0.457589, -0.495145]
[0.604777, -0.013467, -0.387515, 0.457589, -0.495145]
[0.60478, -0.013467, -0.387584, 0.457589, -0.495147]
[0.60478, -0.013468, -0.387828, 0.457589, -0.495155]
[0.604783, -0.013472, -0.387922, 0.457589, -0.495144]
[0.604774, -0.013471, -0.387579, 0.457589, -0.495149]
[0.604765, -0.013467, -0.387664, 0.457589, -0.495148]
[0.604782, -0.013467, -0.387453, 0.457589, -0.495149]
[0.604781, -0.013469, -0.387877, 0.457589, -0.495152]
[0.604768, -0.013472, -0.387397, 0.457589, -0.495153]
[0.604772, -0.013468, -0.387401, 0.457589, -0.49515]
[0.604771, -0.013469, -0.387546, 0.457589, -0.495146]
[0.604767, -0.013472, -0.387899, 0.457589, -0.495148]
[0.604776, -0.013469, -0.387583, 0.457589, -0.495148]
[0.604775, -0.013471, -0.387473, 0.457589, -0.495146]
[0.604771, -0.013467, -0.387627, 0.457589, -0.495155]
[0.604772, -0.013467, -0.38815, 0.457589, -0.495151]
[0.604783, -0.013469, -0.387876, 0.457589, -0.495152]
[0.604777, -0.013468, -0.388014, 0.457589, -0.495152]
[0.604781, -0.013466, -0.387925, 0.457589, -0.495149]
[0.604777, -0.013469, -0.387855, 0.457589, -0.49515]
[0.604763, -0.013468, -0.38736, 0.457589, -0.495152]
[0.60478, -0.013468, -0.387742, 0.457589, -0.495147]
[0.604766, -0.013472, -0.388134, 0.457589, -0.495147]
[0.604763, -0.013469, -0.387316, 0.457589, -0.495152]
[0.604782, -0.013469, -0.388131, 0.457589, -0.495147]
[0.604776, -0.013472, -0.388159, 0.457589, -0.495145]
[0.604777, -0.013467, -0.387464, 0.457589, -0.495149]
[0.604765, -0.013468, -0.387704, 0.457589, -0.495154]
[0.604782, -0.01347, -0.387343, 0.457589, -0.49515]
[0.604782, -0.013468, -0.388066, 0.457589, -0.495147]
[0.60477, -0.013467, -0.387721, 0.457589, -0.495155]
[0.604765, -0.013468, -0.387742, 0.457589, -0.495153]
[0.604762, -0.013466, -0.388073, 0.457589, -0.49515]
[0.604769, -0.013468, -0.387794, 0.457589, -0.495145]
[0.604773, -0.013467, -0.388146, 0.457589, -0.495145]
[0.60477, -0.01347, -0.387509, 0.457589, -0.49515]
[0.604782, -0.013472, -0.387298, 0.457589, -0.495148]
[0.604779, -0.013472, -0.387595, 0.457589, -0.495151]
[0.604766, -0.013473, -0.387504, 0.457589, -0.495154]
[0.604767, -0.01347, -0.387662, 0.457589, -0.495152]
[0.604775, -0.013467, -0.38788, 0.457589, -0.495147]
[0.604775, -0.013472, -0.387934, 0.457589, -0.495145]
[0.604778, -0.013468, -0.387306, 0.457589, -0.495151]
[0.604765, -0.013473, -0.387962, 0.457589, -0.49515]
[0.604771, -0.013471, -0.388066, 0.457589, -0.495148]
[0.604771, -0.013469, -0.387511, 0.457589, -0.495146]
[0.604776, -0.013469, -0.387564, 0.457589, -0.495152]
[0.60477, -0.013469, -0.38795, 0.457589, -0.495153]
[0.60477, -0.013471, -0.3873, 0.457589, -0.495154]
[0.604775, -0.013471, -0.387608, 0.457589, -0.495146]
[0.604765, -0.013473, -0.387963, 0.457589, -0.495146]
[0.604763, -0.013469, -0.38808, 0.457589, -0.495152]
[0.604778, -0.013469, -0.388057, 0.457589, -0.495147]
[0.604783, -0.013469, -0.387839, 0.457589, -0.495148]
[0.604768, -0.013473, -0.387855, 0.457589, -0.495152]
[0.60478, -0.013472, -0.388011, 0.457589, -0.495156]
[0.604769, -0.013466, -0.387377, 0.457589, -0.495149]
[0.604773, -0.013473, -0.387529, 0.457589, -0.495148]
[0.604779, -0.01347, -0.387703, 0.457589, -0.495145]
[0.604769, -0.013471, -0.387831, 0.457589, -0.495146]
[0.604765, -0.013467, -0.387616, 0.457589, -0.495154]
[0.604773, -0.013468, -0.387561, 0.457589, -0.495153]
[0.604776, -0.013468, -0.387319, 0.457589, -0.495145]
[0.604763, -0.01347, -0.387626, 0.457589, -0.495152]
[0.60477, -0.013471, -0.387351, 0.457589, -0.495149]
[0.604781, -0.013471, -0.387876, 0.457589, -0.495149]
[0.604782, -0.013467, -0.387776, 0.457589, -0.49515]
[0.604778, -0.013471, -0.387438, 0.457589, -0.495146]
[0.604765, -0.013469, -0.387841, 0.457589, -0.495149]
[0.604782, -0.01347, -0.387618, 0.457589, -0.495149]
[0.604783, -0.013472, -0.38734, 0.457589, -0.495155]
[0.604779, -0.013471, -0.388198, 0.457589, -0.49515]
[0.604771, -0.01347, -0.387506, 0.457589, -0.495151]
[0.604768, -0.013473, -0.387526, 0.457589, -0.495146]
[0.604767, -0.013467, -0.387949, 0.457589, -0.495147]
[0.604774, -0.013468, -0.387645, 0.457589, -0.495155]
[0.604781, -0.013467, -0.387814, 0.457589, -0.495147]
[0.604776, -0.013469, -0.387504, 0.457589, -0.495156]
[0.604766, -0.013471, -0.38786, 0.457589, -0.495146]
[0.604779, -0.013471, -0.387794, 0.457589, -0.495148]
[0.604777, -0.013467, -0.388146, 0.457589, -0.495149]
[0.604767, -0.013469, -0.387609, 0.457589, -0.495148]
[0.604783, -0.013473, -0.387334, 0.457589, -0.495156]
[0.604782, -0.013473, -0.387337, 0.457589, -0.495156]
[0.604782, -0.013472, -0.387333, 0.457589, -0.495156]
[0.604783, -0.013473, -0.387337, 0.457589, -0.495156]
[0.604783, -0.013473, -0.387336, 0.457589, -0.495156]
[0.604783, -0.013472, -0.387334, 0.457589, -0.495156]
[0.604783, -0.013473, -0.387333, 0.457589, -0.495156]
[0.604782, -0.013472, -0.387335, 0.457589, -0.495156]
[0.604783, -0.013472, -0.387336, 0.457589, -0.495156]
[0.604782, -0.013473, -0.387334, 0.457589, -0.495156]
[0.604782, -0.013472, -0.387336, 0.457589, -0.495156]
[0.604782, -0.013473, -0.387336, 0.457589, -0.495156]
[0.604782, -0.013472, -0.387337, 0.457589, -0.495156]
[0.604782, -0.013473, -0.387335, 0.457589, -0.495156]
[0.604782, -0.013473, -0.387333, 0.457589, -0.495156]
[0.604783, -0.013473, -0.387335, 0.457589, -0.495156]
[0.604783, -0.013472, -0.387335, 0.457589, -0.495156]
[0.604783, -0.013472, -0.387333, 0.457589, -0.495156]
[0.604783, -0.013472, -0.387337, 0.457589, -0.495156]
