Status: non-adversarial inputs found
[0.624418, 0.322943, 0.320575, 0.494542, -0.456234]
[0.613541, -0.271158, 0.421948, 0.4584, -0.495238]
[0.673627, 0.328401, -0.475523, 0.457972, -0.470889]
[0.603182, -0.001125, 0.308069, 0.476235, -0.463118]
[0.626315, 0.026974, 0.329608, 0.458714, -0.4559]
[0.601647, 0.44867, -0.409277, 0.457434, -0.482678]
[0.67552, -0.480125, 0.221624, 0.487807, -0.480161]
[0.675047, 0.168716, -0.194754, 0.48441, -0.452118]
[0.637539, 0.203542, 0.139749, 0.472663, -0.453853]
[0.669781, -0.454316, -0.438985, 0.479387, -0.463585]
[0.66806, -0.263607, -0.271633, 0.464685, -0.469372]
[0.600663, -0.143828, -0.016338, 0.451608, -0.476927]
[0.677964, -0.257782, -0.36542, 0.467886, -0.498587]
[0.669109, 0.318723, 0.36402, 0.472336, -0.491119]
[0.670391, 0.418801, -0.036928, 0.489031, -0.492061]
[0.617876, 0.440693, -0.263721, 0.498607, -0.498491]
[0.601397, 0.144549, 0.045294, 0.485745, -0.495977]
[0.670125, -0.121991, -0.360292, 0.469071, -0.494235]
[0.624774, -0.126306, 0.436183, 0.468199, -0.486045]
[0.636219, 0.381626, 0.34894, 0.496329, -0.489098]
[0.624999, -0.274965, -0.058416, 0.466181, -0.474912]
[0.627319, -0.27502, 0.072543, 0.47844, -0.4786]
[0.673859, -0.378877, -0.419357, 0.492811, -0.487044]
[0.63982, 0.118692, 0.201102, 0.488911, -0.450777]
[0.605706, 0.418947, -0.492847, 0.468497, -0.471746]
[0.652022, 0.080933, 0.185811, 0.496013, -0.483213]
[0.633318, 0.42704, -0.048182, 0.473106, -0.477613]
[0.607666, -0.204941, 0.210291, 0.484707, -0.476011]
[0.606754, 0.14252, 0.206227, 0.46353, -0.469434]
[0.60329, -0.175518, 0.166366, 0.486828, -0.493444]
[0.661907, -0.428818, -0.357924, 0.491625, -0.46233]
[0.61081, 0.120967, 0.455195, 0.493248, -0.475821]
[0.633889, -0.018596, 0.325028, 0.466093, -0.458394]
[0.626064, -0.288811, 0.325966, 0.455056, -0.480413]
[0.667873, -0.093201, -0.473157, 0.473492, -0.488962]
[0.664902, -0.320192, 0.364896, 0.472129, -0.454348]
[0.662698, 0.119253, 0.06666, 0.478675, -0.492984]
[0.626679, 0.24212, 0.010563, 0.493333, -0.496634]
[0.633111, -0.488198, -0.085773, 0.49323, -0.468371]
[0.673753, 0.476451, 0.06919, 0.470974, -0.493945]
[0.668511, -0.127906, -0.064531, 0.493181, -0.455857]
[0.613104, 0.201992, 0.128143, 0.476441, -0.461153]
[0.61899, 0.351211, 0.186217, 0.4991, -0.477998]
[0.64469, 0.399257, 0.131362, 0.468078, -0.475909]
[0.624544, -0.139519, -0.137646, 0.479909, -0.486177]
[0.618419, -0.152597, 0.158355, 0.49671, -0.467168]
[0.61138, 0.383943, 0.216252, 0.499688, -0.496228]
[0.63195, 0.061795, -0.148482, 0.455067, -0.453775]
[0.600283, -0.318338, -0.182559, 0.45524, -0.46991]
[0.638499, 0.282989, 0.064124, 0.455632, -0.468259]
[0.636425, 0.195382, -0.322494, 0.484698, -0.487585]
[0.605154, 0.074878, -0.123439, 0.467295, -0.471134]
[0.678216, -0.326965, 0.467005, 0.496053, -0.492245]
[0.676497, -0.442759, 0.442189, 0.488062, -0.474122]
[0.639546, 0.43964, -0.415019, 0.48125, -0.475284]
[0.668906, 0.208089, -0.064909, 0.461788, -0.456889]
[0.633122, 0.429845, -0.250909, 0.483681, -0.472475]
[0.673306, -0.303217, -0.118121, 0.468239, -0.482376]
[0.617207, 0.14016, -0.421832, 0.47465, -0.496005]
[0.658074, -0.356601, 0.205343, 0.488142, -0.489214]
[0.640484, 0.477737, -0.224371, 0.472472, -0.489628]
[0.639887, 0.49431, 0.380444, 0.454478, -0.486181]
[0.672233, 0.265412, 0.389663, 0.471976, -0.450649]
[0.636684, 0.07758, 0.255935, 0.484039, -0.469919]
[0.644669, -0.155872, 0.024928, 0.484363, -0.458267]
[0.625365, -0.262451, 0.385666, 0.470738, -0.479927]
[0.606561, 0.028962, 0.291802, 0.468699, -0.473579]
[0.67197, -0.402734, -0.107293, 0.473166, -0.472484]
[0.606628, 0.193415, -0.398418, 0.496783, -0.469681]
[0.617564, 0.154996, 0.353137, 0.494746, -0.471121]
[0.646948, -0.462708, -0.105226, 0.472032, -0.489434]
[0.627258, 0.092909, -0.330491, 0.488022, -0.457692]
[0.616573, -0.426636, 0.49094, 0.48037, -0.474723]
[0.66777, -0.222158, -0.088535, 0.490166, -0.493273]
[0.649061, -0.220483, 0.46554, 0.461257, -0.452192]
[0.607423, -0.0853, 0.44366, 0.456545, -0.477231]
[0.678295, 0.492988, 0.486595, 0.467161, -0.486445]
[0.602815, -0.43058, 0.385261, 0.475462, -0.475097]
[0.64215, -0.189016, 0.33018, 0.471123, -0.458758]
[0.618012, 0.323815, -0.200902, 0.497618, -0.450634]
[0.609579, 0.087424, 0.228434, 0.499726, -0.461126]
[0.647926, -0.440211, -0.416726, 0.465843, -0.484626]
[0.631852, -0.335921, -0.197103, 0.462506, -0.498047]
[0.646543, 0.037323, -0.004632, 0.452005, -0.485139]
[0.627919, -0.214395, -0.032488, 0.467102, -0.463535]
[0.610535, 0.393004, -0.34062, 0.468856, -0.462576]
[0.663198, -0.322947, -0.35563, 0.452036, -0.467561]
[0.607285, 0.276146, 0.16038, 0.478505, -0.489788]
[0.653921, 0.499532, 0.308871, 0.488657, -0.491661]
[0.62877, 0.23997, -0.387966, 0.481638, -0.490644]
[0.676419, 0.268855, 0.086867, 0.455756, -0.450692]
[0.666895, 0.282346, 0.468753, 0.484138, -0.499276]
[0.66926, -0.317289, -0.364061, 0.490686, -0.492974]
[0.651776, -0.363995, 0.408701, 0.497251, -0.470717]
[0.633037, -0.217413, 0.179603, 0.470101, -0.472197]
[0.658541, 0.095581, 0.341751, 0.485425, -0.497187]
[0.602368, 0.200896, -0.48406, 0.470788, -0.475832]
[0.61231, 0.392111, 0.330027, 0.469978, -0.482101]
[0.633236, -0.355049, -0.049532, 0.499365, -0.479861]
[0.608, 0.408277, -0.291689, 0.47013, -0.499387]
[0.608045, 0.344562, -0.122449, 0.484615, -0.49456]
[0.6111, -0.05768, -0.236348, 0.473101, -0.475019]
[0.67926, 0.14044, -0.323935, 0.457698, -0.451247]
[0.671546, -0.393673, 0.045798, 0.456976, -0.464035]
[0.609849, -0.034303, 0.244047, 0.477689, -0.489108]
[0.632488, 0.310486, -0.367974, 0.49445, -0.485518]
[0.636979, 0.156597, -0.162905, 0.468976, -0.483995]
[0.616738, -0.276212, 0.08364, 0.47584, -0.478817]
[0.669595, -0.3257, 0.328907, 0.499379, -0.451048]
[0.613633, -0.173713, 0.162022, 0.496609, -0.457094]
[0.679038, 0.224165, 0.116961, 0.491632, -0.46502]
[0.626292, -0.056927, -0.157762, 0.479665, -0.482176]
[0.610185, -0.038804, 0.388343, 0.484279, -0.480258]
[0.64412, 0.295839, 0.255253, 0.483307, -0.47236]
[0.60295, -0.366287, 0.188693, 0.464945, -0.498503]
[0.64385, 0.463284, 0.020947, 0.483633, -0.486251]
[0.605634, -0.253932, -0.100457, 0.472646, -0.456065]
[0.643069, 0.228707, 0.233283, 0.478432, -0.452266]
[0.664037, 0.44196, -0.041329, 0.460713, -0.463385]
[0.612886, 0.244439, 0.391088, 0.479909, -0.464206]
[0.638636, -0.334992, -0.478412, 0.472315, -0.486589]
[0.64432, 0.354377, 0.342324, 0.463973, -0.455377]
[0.672039, -0.143278, -0.280098, 0.482242, -0.469106]
[0.621505, 0.327738, 0.189389, 0.492639, -0.456599]
[0.617656, -0.020056, -0.474473, 0.464084, -0.465802]
[0.630933, 0.395617, -0.066384, 0.471411, -0.46367]
[0.617073, -0.043571, 0.238886, 0.48443, -0.456066]
[0.631928, -0.211377, 0.350708, 0.478415, -0.479307]
[0.644975, 0.199785, 0.180611, 0.47643, -0.475663]
[0.676492, -0.40832, -0.053857, 0.499452, -0.458547]
[0.61734, 0.361896, -0.084508, 0.499142, -0.486574]
[0.603088, 0.148674, 0.335848, 0.47349, -0.496505]
[0.612754, 0.394046, 0.472549, 0.456219, -0.48501]
[0.642324, 0.2661, 0.466134, 0.45641, -0.489494]
[0.648608, -0.229952, -0.232515, 0.492359, -0.470076]
[0.615059, -0.352737, -0.465742, 0.452417, -0.484399]
[0.63803, 0.291909, 0.402872, 0.482953, -0.454348]
[0.645548, 0.145889, -0.373217, 0.49826, -0.472]
[0.610959, 0.07242, 0.271659, 0.457499, -0.496701]
[0.613849, -0.250186, -0.228335, 0.465016, -0.481808]
[0.604497, -0.462168, 0.20301, 0.489915, -0.4626]
[0.66414, 0.460574, 0.459842, 0.47265, -0.498225]
[0.669438, 0.195572, -0.032452, 0.488899, -0.498952]
[0.673386, 0.355003, 0.415766, 0.468455, -0.469077]
[0.603886, -0.231856, 0.013223, 0.499105, -0.458023]
[0.627874, 0.115205, 0.442346, 0.482084, -0.454789]
[0.636601, -0.27796, -0.444444, 0.464809, -0.475331]
[0.678609, -0.314779, -0.060485, 0.478982, -0.461982]
[0.603137, -0.412889, 0.329191, 0.473579, -0.497359]
[0.64171, 0.293635, 0.118486, 0.486302, -0.490233]
[0.633984, -0.02095, 0.319224, 0.46618, -0.458389]
[0.634151, -0.020389, 0.320329, 0.466214, -0.458405]
[0.633683, -0.019462, 0.31744, 0.466142, -0.458378]
[0.633883, -0.018151, 0.317286, 0.466147, -0.458451]
[0.633667, -0.017982, 0.316449, 0.466156, -0.458414]
[0.633693, -0.020283, 0.315576, 0.466299, -0.458432]
[0.633534, -0.018508, 0.321871, 0.46615, -0.458403]
[0.63392, -0.021489, 0.317355, 0.466092, -0.458421]
[0.634076, -0.019755, 0.324314, 0.466258, -0.458401]
[0.633638, -0.021977, 0.315272, 0.466095, -0.458424]
[0.633908, -0.019112, 0.324616, 0.466229, -0.458416]
[0.633826, -0.019541, 0.320213, 0.466204, -0.458376]
[0.633627, -0.021396, 0.31647, 0.466085, -0.458423]
[0.633927, -0.02169, 0.320623, 0.466176, -0.458402]
[0.633915, -0.021139, 0.319178, 0.466274, -0.458425]
[0.63407, -0.018986, 0.319001, 0.466246, -0.458416]
[0.63368, -0.020847, 0.32553, 0.466277, -0.458402]
[0.633849, -0.021111, 0.323768, 0.466134, -0.45841]
[0.634085, -0.021859, 0.316785, 0.466301, -0.458432]
[0.633546, -0.018084, 0.325123, 0.466219, -0.458429]
[0.633832, -0.018912, 0.32265, 0.466252, -0.458381]
[0.633728, -0.019684, 0.323857, 0.466107, -0.458438]
[0.634139, -0.017693, 0.325716, 0.46616, -0.458389]
[0.633529, -0.020025, 0.321261, 0.466104, -0.458387]
[0.633855, -0.022237, 0.324961, 0.466129, -0.458449]
[0.633872, -0.020384, 0.314068, 0.466228, -0.458451]
[0.634068, -0.020244, 0.324306, 0.466254, -0.458392]
[0.634011, -0.019732, 0.314241, 0.466289, -0.458405]
[0.633597, -0.021727, 0.31838, 0.466289, -0.458397]
[0.633788, -0.017958, 0.321666, 0.466241, -0.45845]
[0.633954, -0.020278, 0.318865, 0.466211, -0.458384]
[0.633555, -0.019132, 0.325224, 0.466253, -0.458417]
[0.63399, -0.019742, 0.313245, 0.466088, -0.458381]
[0.633577, -0.021996, 0.32411, 0.466215, -0.458441]
[0.634069, -0.019677, 0.31794, 0.466189, -0.458374]
[0.633611, -0.018432, 0.323707, 0.466291, -0.45844]
[0.633555, -0.021421, 0.323232, 0.466106, -0.458432]
[0.633609, -0.019064, 0.317057, 0.466228, -0.458386]
[0.63402, -0.020293, 0.325202, 0.466295, -0.458367]
[0.633941, -0.020499, 0.315514, 0.466225, -0.45844]
[0.633538, -0.018119, 0.325124, 0.466297, -0.458411]
[0.633758, -0.018815, 0.318355, 0.466063, -0.458444]
[0.633997, -0.020087, 0.316326, 0.466256, -0.458387]
[0.633817, -0.019213, 0.324742, 0.466157, -0.458427]
[0.633867, -0.019302, 0.322632, 0.466269, -0.458447]
[0.633995, -0.021442, 0.317763, 0.466199, -0.45843]
[0.633576, -0.01975, 0.317988, 0.466129, -0.45838]
[0.633584, -0.02254, 0.314999, 0.466202, -0.458411]
[0.633813, -0.018367, 0.313524, 0.466273, -0.458369]
[0.633724, -0.018325, 0.319919, 0.466237, -0.458373]
[0.633961, -0.021428, 0.321462, 0.466158, -0.458373]
[0.633623, -0.020615, 0.316359, 0.466228, -0.458386]
[0.633645, -0.019245, 0.320878, 0.466158, -0.458387]
[0.633778, -0.019197, 0.318597, 0.466149, -0.458374]
[0.634127, -0.020769, 0.314143, 0.466244, -0.458444]
[0.633578, -0.019659, 0.320806, 0.466264, -0.458445]
[0.633684, -0.021288, 0.318793, 0.466113, -0.458398]
[0.633712, -0.020233, 0.318721, 0.466144, -0.458394]
[0.634129, -0.022194, 0.322109, 0.46626, -0.458427]
[0.633628, -0.021485, 0.315456, 0.466125, -0.458391]
[0.633558, -0.022204, 0.32411, 0.466288, -0.458404]
[0.634128, -0.020842, 0.316556, 0.46626, -0.458385]
[0.633623, -0.02171, 0.323202, 0.466299, -0.458382]
[0.633958, -0.021016, 0.320486, 0.466104, -0.458409]
[0.633809, -0.021453, 0.315709, 0.466243, -0.458385]
[0.633787, -0.020229, 0.319473, 0.466088, -0.458369]
[0.633857, -0.019534, 0.316036, 0.466245, -0.458449]
[0.634017, -0.022269, 0.312865, 0.466116, -0.458415]
[0.633554, -0.021139, 0.325532, 0.46613, -0.458417]
[0.633628, -0.019926, 0.320873, 0.466131, -0.458431]
[0.633657, -0.018979, 0.32412, 0.46617, -0.458365]
[0.633937, -0.020601, 0.321906, 0.4663, -0.458425]
[0.63369, -0.020048, 0.314268, 0.466115, -0.458421]
[0.633964, -0.022346, 0.320137, 0.466244, -0.458399]
[0.633613, -0.019158, 0.323018, 0.466069, -0.45838]
[0.633804, -0.018831, 0.320512, 0.466086, -0.458438]
[0.633795, -0.01891, 0.316621, 0.466067, -0.458421]
[0.633983, -0.017936, 0.324463, 0.466168, -0.458367]
[0.633844, -0.020411, 0.318161, 0.466235, -0.458426]
[0.633556, -0.020832, 0.324513, 0.466113, -0.458368]
[0.634037, -0.021363, 0.325697, 0.466214, -0.45842]
[0.633619, -0.0201, 0.32489, 0.466239, -0.45843]
[0.633882, -0.021421, 0.32372, 0.466284, -0.45843]
[0.634045, -0.019804, 0.315161, 0.46621, -0.458367]
[0.633603, -0.020704, 0.324598, 0.466101, -0.458381]
[0.634094, -0.021121, 0.314554, 0.466262, -0.458369]
[0.633697, -0.017915, 0.319471, 0.46612, -0.458401]
[0.633735, -0.021087, 0.319476, 0.466231, -0.458404]
[0.634061, -0.021266, 0.318928, 0.466117, -0.458423]
[0.63373, -0.018459, 0.32155, 0.466072, -0.458392]
[0.633851, -0.021803, 0.313296, 0.466093, -0.458414]
[0.633667, -0.02199, 0.318798, 0.466139, -0.458398]
[0.634044, -0.021445, 0.316625, 0.466164, -0.458389]
[0.633526, -0.019697, 0.321083, 0.466099, -0.45839]
[0.633823, -0.019157, 0.320041, 0.466269, -0.458434]
[0.633548, -0.020779, 0.32379, 0.466291, -0.458372]
[0.633765, -0.022266, 0.316766, 0.466254, -0.458367]
[0.633555, -0.020682, 0.324196, 0.466133, -0.458367]
[0.634033, -0.021195, 0.325377, 0.466147, -0.458401]
[0.634023, -0.022436, 0.314464, 0.466279, -0.458412]
[0.633894, -0.018078, 0.316398, 0.466126, -0.458439]
[0.633656, -0.018056, 0.315398, 0.466244, -0.458433]
[0.63403, -0.021033, 0.316876, 0.466108, -0.458398]
[0.633646, -0.018176, 0.319911, 0.466115, -0.458393]
[0.633769, -0.020963, 0.320865, 0.466132, -0.458366]
[0.633724, -0.02071, 0.31949, 0.466074, -0.458392]
[0.633981, -0.019944, 0.321409, 0.46608, -0.458404]
[0.633822, -0.018562, 0.320718, 0.466227, -0.458441]
[0.63357, -0.021513, 0.322089, 0.466095, -0.45841]
[0.633615, -0.019495, 0.323703, 0.466096, -0.458435]
[0.633816, -0.022001, 0.323776, 0.466065, -0.458411]
[0.63376, -0.018407, 0.316325, 0.466192, -0.458367]
[0.633552, -0.021883, 0.316316, 0.466099, -0.458412]
[0.633589, -0.019115, 0.313305, 0.466176, -0.458405]
[0.633894, -0.021493, 0.324536, 0.466146, -0.458446]
[0.633883, -0.019683, 0.318332, 0.466246, -0.458397]
[0.633684, -0.019078, 0.318517, 0.466203, -0.45841]
[0.633977, -0.0216, 0.323574, 0.466246, -0.458381]
[0.633855, -0.022562, 0.318955, 0.466225, -0.458396]
[0.633531, -0.019547, 0.325162, 0.466074, -0.45845]
[0.633767, -0.02171, 0.321449, 0.46623, -0.458448]
[0.634063, -0.02109, 0.323958, 0.466143, -0.458422]
[0.633856, -0.018341, 0.318394, 0.466212, -0.458412]
[0.633635, -0.017965, 0.318942, 0.466266, -0.458373]
[0.633824, -0.021943, 0.323696, 0.466284, -0.458421]
[0.634036, -0.020033, 0.323647, 0.466096, -0.458388]
[0.633919, -0.020628, 0.316344, 0.466136, -0.45841]
[0.633603, -0.018963, 0.323129, 0.466216, -0.45837]
[0.633808, -0.018162, 0.31781, 0.466232, -0.458416]
[0.633568, -0.020485, 0.319244, 0.466063, -0.45838]
[0.634126, -0.022579, 0.320117, 0.466065, -0.45845]
[0.634009, -0.018715, 0.316475, 0.466168, -0.458423]
[0.633802, -0.021173, 0.321293, 0.466207, -0.458366]
[0.634054, -0.021908, 0.316925, 0.466294, -0.45838]
[0.633581, -0.018431, 0.31949, 0.466196, -0.458395]
[0.633689, -0.020592, 0.316664, 0.466127, -0.458378]
[0.633585, -0.019207, 0.317485, 0.466215, -0.458378]
[0.633866, -0.019684, 0.31586, 0.466129, -0.458444]
[0.633808, -0.021117, 0.319483, 0.466293, -0.458445]
[0.634082, -0.02146, 0.324039, 0.466275, -0.458404]
[0.633995, -0.020699, 0.321912, 0.466106, -0.458427]
[0.633674, -0.020306, 0.316734, 0.466156, -0.45845]
[0.633659, -0.019234, 0.321363, 0.466297, -0.458407]
[0.633803, -0.020287, 0.317624, 0.466068, -0.458392]
[0.633823, -0.021811, 0.31697, 0.46619, -0.458434]
[0.63393, -0.019757, 0.325529, 0.466169, -0.458441]
[0.633551, -0.018623, 0.313988, 0.466104, -0.458392]
[0.633767, -0.018599, 0.323968, 0.466189, -0.458435]
[0.63398, -0.020269, 0.321231, 0.466146, -0.458375]
[0.633694, -0.019062, 0.32162, 0.466134, -0.458413]
[0.633854, -0.021814, 0.312971, 0.466096, -0.458413]
[0.63385, -0.021844, 0.313026, 0.466096, -0.458413]
[0.633848, -0.021801, 0.313184, 0.466097, -0.458414]
[0.633848, -0.021808, 0.313079, 0.466096, -0.458414]
[0.63385, -0.021828, 0.31294, 0.466095, -0.458413]
[0.633845, -0.021795, 0.312926, 0.466093, -0.458413]
[0.633846, -0.021796, 0.312996, 0.466096, -0.458413]
[0.633853, -0.021777, 0.312937, 0.466094, -0.458414]
[0.633851, -0.021789, 0.313071, 0.466095, -0.458414]
[0.633845, -0.021827, 0.312915, 0.466093, -0.458413]
[0.633854, -0.021818, 0.312999, 0.466095, -0.458414]
[0.633847, -0.021815, 0.313108, 0.466094, -0.458413]
[0.633849, -0.02182, 0.31294, 0.466096, -0.458414]
[0.633845, -0.021846, 0.313132, 0.466096, -0.458414]
[0.633852, -0.021794, 0.313115, 0.466095, -0.458413]
[0.633851, -0.021787, 0.313103, 0.466095, -0.458414]
[0.633845, -0.021784, 0.313012, 0.466093, -0.458413]
[0.633853, -0.021786, 0.313238, 0.466097, -0.458414]
[0.633854, -0.021839, 0.313257, 0.466096, -0.458414]
[0.633847, -0.021815, 0.313218, 0.466095, -0.458413]
[0.63385, -0.021787, 0.312961, 0.466096, -0.458413]
[0.633847, -0.021807, 0.312964, 0.466097, -0.458414]
[0.633844, -0.021779, 0.312998, 0.466095, -0.458413]
[0.633844, -0.021843, 0.312957, 0.466094, -0.458413]
[0.633845, -0.021778, 0.313141, 0.466094, -0.458413]
[0.633847, -0.021814, 0.312951, 0.466095, -0.458414]
[0.63385, -0.021822, 0.313, 0.466093, -0.458413]
[0.633843, -0.021784, 0.313211, 0.466096, -0.458414]
[0.633854, -0.021813, 0.313049, 0.466094, -0.458413]
[0.633849, -0.021836, 0.313007, 0.466095, -0.458414]
[0.63385, -0.02183, 0.313155, 0.466095, -0.458414]
[0.633851, -0.021827, 0.313117, 0.466096, -0.458414]
[0.633852, -0.021822, 0.313214, 0.466097, -0.458413]
[0.633843, -0.021839, 0.313051, 0.466096, -0.458413]
[0.633849, -0.021826, 0.313264, 0.466094, -0.458414]
[0.633851, -0.021817, 0.313285, 0.466096, -0.458413]
[0.633848, -0.021795, 0.312903, 0.466094, -0.458413]
[0.633852, -0.021801, 0.313127, 0.466095, -0.458414]
[0.633846, -0.0218, 0.312969, 0.466095, -0.458414]
[0.633844, -0.021824, 0.312963, 0.466096, -0.458413]
[0.633844, -0.021805, 0.31329, 0.466093, -0.458413]
[0.633843, -0.021789, 0.312984, 0.466095, -0.458414]
[0.633845, -0.021797, 0.313043, 0.466095, -0.458414]
[0.633851, -0.021838, 0.312893, 0.466096, -0.458414]
[0.633853, -0.021807, 0.313112, 0.466095, -0.458413]
[0.633853, -0.021818, 0.313096, 0.466094, -0.458413]
[0.633843, -0.021785, 0.312992, 0.466095, -0.458413]
[0.633852, -0.021825, 0.313031, 0.466095, -0.458413]
[0.633853, -0.0218, 0.313096, 0.466096, -0.458413]
[0.633854, -0.021838, 0.313031, 0.466096, -0.458414]
[0.633847, -0.021785, 0.313163, 0.466097, -0.458414]
[0.633851, -0.021801, 0.313031, 0.466096, -0.458413]
[0.633845, -0.021809, 0.313233, 0.466095, -0.458414]
[0.633853, -0.02183, 0.313131, 0.466096, -0.458413]
[0.633854, -0.0218, 0.313083, 0.466094, -0.458414]
[0.633843, -0.021784, 0.313105, 0.466095, -0.458414]
[0.633848, -0.021844, 0.313207, 0.466096, -0.458413]
[0.633852, -0.021787, 0.312904, 0.466095, -0.458413]
[0.633846, -0.021789, 0.313207, 0.466096, -0.458414]
[0.633853, -0.021795, 0.313201, 0.466097, -0.458413]
[0.633853, -0.021788, 0.312899, 0.466094, -0.458413]
[0.633849, -0.021824, 0.312924, 0.466095, -0.458413]
[0.633846, -0.02179, 0.313258, 0.466097, -0.458413]
[0.633853, -0.021844, 0.312932, 0.466095, -0.458413]
[0.633846, -0.021806, 0.313156, 0.466095, -0.458414]
[0.633854, -0.021826, 0.312995, 0.466096, -0.458413]
[0.633847, -0.021846, 0.313013, 0.466095, -0.458414]
[0.633846, -0.021779, 0.313085, 0.466096, -0.458414]
[0.633854, -0.021812, 0.313073, 0.466097, -0.458413]
[0.633846, -0.02182, 0.313104, 0.466096, -0.458414]
[0.633845, -0.021821, 0.312911, 0.466093, -0.458413]
[0.633847, -0.02181, 0.313171, 0.466093, -0.458413]
[0.633851, -0.021792, 0.313218, 0.466097, -0.458413]
[0.633848, -0.021833, 0.312869, 0.466094, -0.458414]
[0.633844, -0.021846, 0.312875, 0.466094, -0.458414]
[0.633846, -0.021777, 0.312952, 0.466097, -0.458413]
[0.633849, -0.021801, 0.313037, 0.466096, -0.458414]
[0.633849, -0.021838, 0.313035, 0.466094, -0.458413]
[0.633851, -0.021846, 0.313022, 0.466094, -0.458414]
[0.633854, -0.02184, 0.313247, 0.466096, -0.458414]
[0.633848, -0.021809, 0.313186, 0.466097, -0.458413]
[0.633854, -0.021806, 0.313015, 0.466095, -0.458414]
[0.633853, -0.021804, 0.313087, 0.466097, -0.458413]
[0.633845, -0.021776, 0.313142, 0.466093, -0.458413]
[0.633854, -0.021789, 0.312937, 0.466096, -0.458414]
[0.633853, -0.021819, 0.313098, 0.466094, -0.458413]
[0.633853, -0.021836, 0.313076, 0.466096, -0.458413]
[0.633843, -0.021841, 0.313012, 0.466093, -0.458413]
[0.633843, -0.021846, 0.313116, 0.466096, -0.458413]
[0.633844, -0.021799, 0.313112, 0.466096, -0.458414]
[0.633854, -0.021811, 0.312967, 0.466097, -0.458413]
[0.633844, -0.021808, 0.312916, 0.466097, -0.458414]
[0.633853, -0.021817, 0.313139, 0.466096, -0.458414]
[0.63385, -0.021844, 0.313162, 0.466093, -0.458414]
[0.633848, -0.021795, 0.313122, 0.466095, -0.458414]
[0.633853, -0.021818, 0.313083, 0.466095, -0.458413]
[0.633849, -0.021834, 0.312913, 0.466097, -0.458413]
[0.633854, -0.02179, 0.31329, 0.466094, -0.458413]
[0.633854, -0.021838, 0.313246, 0.466097, -0.458413]
[0.633848, -0.021793, 0.313193, 0.466097, -0.458413]
[0.633852, -0.021794, 0.313222, 0.466097, -0.458413]
[0.633845, -0.021779, 0.313149, 0.466096, -0.458413]
[0.63385, -0.021801, 0.313255, 0.466095, -0.458413]
[0.633851, -0.021803, 0.313111, 0.466095, -0.458414]
[0.633847, -0.021802, 0.313124, 0.466096, -0.458414]
[0.633847, -0.021827, 0.313171, 0.466094, -0.458413]
[0.633845, -0.021812, 0.312984, 0.466094, -0.458414]
[0.633846, -0.021779, 0.313113, 0.466094, -0.458413]
[0.633853, -0.021837, 0.312935, 0.466093, -0.458413]
[0.633845, -0.021789, 0.313177, 0.466094, -0.458413]
[0.633846, -0.021789, 0.313129, 0.466095, -0.458413]
[0.633847, -0.021811, 0.313025, 0.466095, -0.458413]
[0.633852, -0.021794, 0.312897, 0.466093, -0.458413]
[0.633848, -0.021802, 0.313131, 0.466096, -0.458413]
[0.63385, -0.021817, 0.313187, 0.466096, -0.458413]
[0.633843, -0.021802, 0.312908, 0.466096, -0.458413]
[0.633847, -0.021846, 0.313004, 0.466094, -0.458414]
[0.633847, -0.021796, 0.313275, 0.466096, -0.458413]
[0.633853, -0.021811, 0.312895, 0.466093, -0.458413]
[0.633847, -0.021843, 0.31309, 0.466093, -0.458414]
[0.633844, -0.021842, 0.312923, 0.466096, -0.458414]
[0.633848, -0.021783, 0.312903, 0.466096, -0.458413]
[0.633846, -0.021784, 0.313011, 0.466095, -0.458413]
[0.633845, -0.021808, 0.313062, 0.466096, -0.458413]
[0.633846, -0.02184, 0.313097, 0.466094, -0.458413]
[0.633852, -0.021817, 0.313194, 0.466097, -0.458414]
[0.633849, -0.021808, 0.313006, 0.466095, -0.458414]
[0.633847, -0.021833, 0.313061, 0.466094, -0.458413]
[0.633854, -0.02184, 0.313289, 0.466094, -0.458413]
[0.633853, -0.021843, 0.313096, 0.466096, -0.458414]
[0.633852, -0.021812, 0.313237, 0.466097, -0.458413]
[0.633851, -0.021803, 0.313149, 0.466095, -0.458413]
[0.633844, -0.021808, 0.313102, 0.466096, -0.458414]
[0.633854, -0.021838, 0.312867, 0.466096, -0.458414]
[0.633855, -0.021795, 0.313057, 0.466097, -0.458414]
[0.633849, -0.021825, 0.313223, 0.466094, -0.458413]
[0.63385, -0.021803, 0.313044, 0.466094, -0.458414]
[0.633844, -0.021782, 0.313287, 0.466094, -0.458414]
[0.633848, -0.021808, 0.313204, 0.466096, -0.458414]
[0.633847, -0.021807, 0.312982, 0.466095, -0.458414]
[0.633845, -0.021784, 0.313054, 0.466097, -0.458414]
[0.633849, -0.021792, 0.313163, 0.466097, -0.458414]
[0.633845, -0.021821, 0.313137, 0.466093, -0.458414]
[0.633848, -0.021827, 0.313148, 0.466093, -0.458414]
[0.633853, -0.021796, 0.312959, 0.466096, -0.458414]
[0.633845, -0.021842, 0.313291, 0.466096, -0.458414]
[0.633855, -0.021817, 0.312962, 0.466094, -0.458413]
[0.633846, -0.021827, 0.313052, 0.466095, -0.458414]
[0.633846, -0.021822, 0.31316, 0.466096, -0.458414]
[0.633847, -0.021787, 0.312966, 0.466094, -0.458414]
[0.633843, -0.021847, 0.312873, 0.466094, -0.458414]
[0.633844, -0.021848, 0.312871, 0.466094, -0.458414]
[0.633843, -0.021847, 0.312871, 0.466094, -0.458414]
[0.633844, -0.021847, 0.312875, 0.466094, -0.458414]
[0.633843, -0.021848, 0.312874, 0.466094, -0.458414]
[0.633844, -0.021846, 0.312871, 0.466094, -0.458414]
[0.633843, -0.021848, 0.312875, 0.466094, -0.458414]
[0.633843, -0.021847, 0.312876, 0.466094, -0.458414]
[0.633843, -0.021846, 0.312873, 0.466094, -0.458414]
[0.633843, -0.021848, 0.312872, 0.466094, -0.458414]
[0.633844, -0.021848, 0.312872, 0.466094, -0.458414]
[0.633844, -0.021847, 0.312874, 0.466094, -0.458414]
[0.633843, -0.021846, 0.312872, 0.466094, -0.458414]
[0.633844, -0.021846, 0.312873, 0.466094, -0.458414]
[0.633844, -0.021847, 0.312871, 0.466094, -0.458414]
[0.633843, -0.021847, 0.312874, 0.466094, -0.458414]
[0.633843, -0.021846, 0.312876, 0.466094, -0.458414]
[0.633844, -0.021847, 0.312873, 0.466094, -0.458414]
[0.633844, -0.021847, 0.312876, 0.466094, -0.458414]
[0.633843, -0.021847, 0.312875, 0.466094, -0.458414]
[0.633844, -0.021846, 0.312872, 0.466094, -0.458414]
[0.633843, -0.021847, 0.312872, 0.466094, -0.458414]
[0.633843, -0.021846, 0.312875, 0.466094, -0.458414]
[0.633844, -0.021848, 0.312875, 0.466094, -0.458414]
[0.633843, -0.021848, 0.312871, 0.466094, -0.458414]
[0.633843, -0.021848, 0.312873, 0.466094, -0.458414]
[0.633844, -0.021848, 0.312873, 0.466094, -0.458414]
[0.633844, -0.021847, 0.312872, 0.466094, -0.458414]
[0.633844, -0.021848, 0.312874, 0.466094, -0.458414]
[0.633843, -0.021846, 0.312874, 0.466094, -0.458414]
[0.633843, -0.021848, 0.312876, 0.466094, -0.458414]
[0.633843, -0.021846, 0.312871, 0.466094, -0.458414]
[0.633844, -0.021846, 0.312874, 0.466094, -0.458414]
[0.633844, -0.021848, 0.312876, 0.466094, -0.458414]
[0.633844, -0.021846, 0.312876, 0.466094, -0.458414]
[0.626745, -0.055301, -0.28848, 0.465996, -0.497735]
[0.605605, 0.139091, 0.217411, 0.451049, -0.455168]
[0.61665, -0.167072, -0.254599, 0.495444, -0.499142]
[0.675715, 0.186692, 0.318441, 0.487878, -0.499999]
[0.662655, 0.018752, -0.454027, 0.495581, -0.495095]
[0.61114, 0.10271, -0.103855, 0.454289, -0.469211]
[0.665619, 0.236975, 0.312836, 0.463865, -0.485068]
[0.652097, -0.006851, 0.462474, 0.455764, -0.469519]
[0.653049, 0.186259, -0.446762, 0.491638, -0.45402]
[0.637905, 0.200897, -0.090444, 0.491653, -0.470034]
[0.643401, -0.491884, 0.393592, 0.495545, -0.469871]
[0.663682, -0.179994, -0.196842, 0.493383, -0.461313]
[0.674402, -0.008321, 0.015034, 0.463362, -0.45189]
[0.679025, -0.13299, 0.497514, 0.462579, -0.482734]
[0.660126, 0.089279, -0.375596, 0.483346, -0.452036]
[0.654748, -0.424703, 0.167373, 0.466076, -0.485539]
[0.604493, 0.090152, -0.406263, 0.499689, -0.459693]
[0.608355, 0.327313, -0.322472, 0.456973, -0.496813]
[0.673157, 0.004394, -0.01937, 0.459693, -0.459528]
[0.67694, -0.263613, 0.134695, 0.45344, -0.455525]
[0.626318, 0.098793, 0.156111, 0.457222, -0.470553]
[0.600104, -0.140968, -0.000615, 0.492299, -0.457046]
[0.650462, -0.056268, -0.324447, 0.458959, -0.482694]
[0.634665, 0.499858, -0.338825, 0.479559, -0.493455]
[0.649414, 0.381617, -0.484831, 0.454281, -0.493014]
[0.645456, -0.430772, -0.415348, 0.451948, -0.469099]
[0.666151, 0.101097, -0.304438, 0.456815, -0.462505]
[0.669839, -0.211077, -0.486959, 0.474836, -0.464918]
[0.642005, 0.226423, -0.495428, 0.470747, -0.459965]
[0.662069, 0.252812, -0.203016, 0.480511, -0.495762]
[0.633028, -0.027553, -0.488339, 0.467863, -0.484364]
[0.66284, 0.355749, -0.319575, 0.456676, -0.495725]
[0.611934, 0.447762, 0.005159, 0.450667, -0.455318]
[0.664483, -0.236815, -0.008317, 0.469713, -0.452413]
[0.612674, -0.035183, -0.485928, 0.474423, -0.466559]
[0.631043, 0.13207, 0.122605, 0.481556, -0.463294]
[0.678837, 0.135142, 0.206749, 0.465534, -0.451573]
[0.626604, 0.300826, 0.462115, 0.48198, -0.482991]
[0.640563, -0.464527, -0.146058, 0.486503, -0.472216]
[0.635558, 0.135571, -0.254968, 0.488845, -0.469225]
[0.66528, 0.417113, 0.420672, 0.497228, -0.499665]
[0.618908, -0.422188, -0.411585, 0.497996, -0.483131]
[0.607737, 0.365767, -0.244009, 0.472344, -0.493044]
[0.604956, 0.03118, -0.326345, 0.466679, -0.475889]
[0.625605, -0.296693, -0.157519, 0.453406, -0.488124]
[0.621027, 0.292436, -0.08142, 0.493988, -0.459936]
[0.625931, 0.097848, 0.352983, 0.475822, -0.469442]
[0.660995, 0.17918, 0.153124, 0.491106, -0.468596]
[0.642339, 0.19586, 0.372245, 0.468228, -0.467033]
[0.667755, -0.397472, 0.085228, 0.492438, -0.470665]
[0.679437, -0.496474, 0.112466, 0.484442, -0.459339]
[0.614811, -0.186874, 0.061697, 0.458249, -0.484241]
[0.657965, 0.322356, 0.331364, 0.461976, -0.487654]
[0.609311, -0.246673, 0.03004, 0.47614, -0.491161]
[0.609776, 0.305108, 0.469233, 0.48133, -0.468382]
[0.655899, 0.314478, 0.400935, 0.465495, -0.49143]
[0.622527, -0.428777, 0.401112, 0.474946, -0.468173]
[0.651401, -0.386462, -0.206848, 0.479916, -0.464298]
[0.63912, -0.25103, -0.086309, 0.455157, -0.462822]
[0.630945, 0.19973, 0.033275, 0.45703, -0.498077]
[0.604766, -0.275333, 0.369558, 0.455119, -0.498241]
[0.609159, -0.11963, 0.0113, 0.466012, -0.473456]
[0.659875, -0.374183, 0.344593, 0.455316, -0.488957]
[0.617597, 0.264832, 0.314489, 0.474924, -0.474453]
[0.630285, 0.018656, -0.101425, 0.490504, -0.481583]
[0.664093, 0.460914, -0.373647, 0.472445, -0.460801]
[0.657787, -0.259761, -0.132614, 0.475423, -0.492915]
[0.673982, 0.142952, 0.296905, 0.480225, -0.47861]
[0.621021, 0.46501, 0.220408, 0.453556, -0.469759]
[0.623951, 0.361755, -0.215448, 0.471207, -0.479588]
[0.600992, -0.336024, -0.279213, 0.455185, -0.480689]
[0.612177, -0.252416, -0.46408, 0.453262, -0.458693]
[0.609668, -0.373241, 0.03922, 0.473816, -0.479885]
[0.654754, 0.152646, 0.445658, 0.46263, -0.492335]
[0.638251, 0.066534, 0.474343, 0.498776, -0.471447]
[0.612735, -0.488206, -0.179878, 0.459094, -0.472159]
[0.604237, 0.426294, -0.318248, 0.476286, -0.482953]
[0.673577, 0.209486, -0.401447, 0.467048, -0.498932]
[0.630204, -0.195324, -0.083838, 0.463169, -0.488778]
[0.629081, 0.260455, -0.40521, 0.470552, -0.456036]
[0.67622, -0.068392, -0.189078, 0.4576, -0.495563]
[0.616027, 0.135819, -0.016668, 0.455955, -0.451376]
[0.617849, -0.410074, 0.247631, 0.478545, -0.46487]
[0.641814, 0.41687, -0.136486, 0.459374, -0.459358]
[0.671201, -0.199088, 0.123718, 0.47731, -0.489918]
[0.637649, 0.174758, -0.424766, 0.486165, -0.490555]
[0.618172, -0.28068, -0.176807, 0.468793, -0.470912]
[0.662518, -0.268163, -0.336058, 0.484153, -0.45937]
[0.65137, 0.127342, -0.457905, 0.499478, -0.460066]
[0.627545, -0.083992, -0.338989, 0.492143, -0.472297]
[0.628905, -0.351795, -0.180329, 0.46658, -0.480931]
[0.649727, -0.077447, 0.32081, 0.47037, -0.470357]
[0.612982, 0.215603, -0.232224, 0.485991, -0.464487]
[0.642998, 0.006717, 0.186999, 0.48571, -0.4976]
[0.626523, -0.094755, 0.225827, 0.482463, -0.488344]
[0.66008, -0.412663, -0.028124, 0.473707, -0.465761]
[0.676221, 0.421212, 0.058647, 0.464444, -0.453334]
[0.602204, -0.477773, 0.368626, 0.489774, -0.473741]
[0.622913, -0.045399, -0.015983, 0.46276, -0.488152]
[0.674848, 0.12655, -0.408251, 0.491329, -0.458839]
[0.67008, 0.227091, 0.198229, 0.48423, -0.472561]
[0.634139, -0.325291, 0.08055, 0.49328, -0.462378]
[0.664133, -0.390252, 0.14443, 0.476063, -0.490692]
[0.657607, -0.180783, 0.166566, 0.493071, -0.493018]
[0.62757, -0.23839, -0.121629, 0.464048, -0.499895]
[0.616228, 0.278231, 0.213806, 0.468124, -0.470514]
[0.632614, 0.104427, 0.032164, 0.464888, -0.49162]
[0.62048, -0.004677, -0.160041, 0.497127, -0.496849]
[0.604625, 0.167291, -0.082586, 0.461349, -0.458991]
[0.606962, 0.396501, 0.434551, 0.481868, -0.463568]
[0.676729, 0.095586, -0.386227, 0.492238, -0.478124]
[0.607882, -0.289359, 0.093752, 0.491901, -0.472193]
[0.603401, 0.468273, -0.299112, 0.450595, -0.46238]
[0.678963, 0.348577, -0.458192, 0.480183, -0.485294]
[0.661963, -0.131023, -0.309264, 0.474651, -0.455694]
[0.645386, 0.3771, -0.296001, 0.499899, -0.470371]
[0.678896, 0.424556, 0.188279, 0.452169, -0.476604]
[0.600386, -0.023205, 0.285321, 0.480314, -0.492804]
[0.667348, 0.032262, 0.399069, 0.487959, -0.450891]
[0.66573, 0.142406, 0.015959, 0.493982, -0.49633]
[0.639908, -0.229381, -0.257292, 0.491317, -0.480459]
[0.641388, 0.162328, 0.382453, 0.483028, -0.475612]
[0.626236, -0.036211, -0.366507, 0.45466, -0.497888]
[0.617959, -0.14389, 0.330648, 0.460798, -0.498713]
[0.645936, 0.467993, 0.215279, 0.468745, -0.46454]
[0.612876, -0.459395, 0.40633, 0.468699, -0.465242]
[0.617554, -0.301802, -0.093259, 0.483871, -0.462466]
[0.65036, 0.473648, -0.409114, 0.483842, -0.460157]
[0.62532, -0.275172, -0.363732, 0.466828, -0.475168]
[0.633519, 0.268251, -0.001472, 0.460263, -0.450258]
[0.643919, -0.352271, -0.25455, 0.478964, -0.493311]
[0.677792, 0.211895, -0.332781, 0.498988, -0.486735]
[0.626168, -0.420733, -0.370272, 0.495519, -0.481178]
[0.611195, -0.323294, 0.196246, 0.471302, -0.45876]
[0.632042, -0.479375, -0.164244, 0.481744, -0.49756]
[0.62856, 0.235026, -0.15374, 0.463856, -0.489239]
[0.669665, 0.045672, 0.322238, 0.493205, -0.470282]
[0.647375, 0.274167, 0.498058, 0.479371, -0.488701]
[0.676321, 0.310642, 0.471459, 0.491644, -0.461787]
[0.640026, -0.361601, -0.346198, 0.492667, -0.45038]
[0.618208, -0.100732, 0.063473, 0.479165, -0.477327]
[0.679672, 0.142808, 0.116933, 0.472146, -0.47219]
[0.671808, 0.034476, -0.096871, 0.483538, -0.498752]
[0.665553, 0.228309, -0.01563, 0.464927, -0.460142]
[0.603151, -0.244664, -0.277338, 0.495741, -0.48811]
[0.673656, -0.370393, 0.117529, 0.459762, -0.4554]
[0.651685, 0.331636, -0.044394, 0.486476, -0.482259]
[0.601697, 0.447576, 0.488595, 0.459643, -0.47746]
[0.640842, 0.151753, 0.284462, 0.475386, -0.499237]
[0.659913, 0.200191, -0.179467, 0.469721, -0.453239]
[0.651892, -0.002615, 0.476258, 0.455908, -0.469638]
[0.652075, -0.004899, 0.456945, 0.45557, -0.469511]
[0.651757, 0.002313, 0.473399, 0.455524, -0.469782]
[0.65213, -2.7e-05, 0.454773, 0.455656, -0.469791]
[0.652182, 0.003027, 0.463631, 0.455636, -0.469512]
[0.65195, 0.005947, 0.473092, 0.455759, -0.469588]
[0.651925, 0.003968, 0.472863, 0.455686, -0.46939]
[0.65205, 0.005068, 0.470948, 0.455592, -0.469521]
[0.65195, 0.002435, 0.45739, 0.455891, -0.46973]
[0.651859, 0.003177, 0.468407, 0.455821, -0.469398]
[0.651896, -0.003515, 0.468515, 0.455681, -0.469574]
[0.652049, 0.005379, 0.478716, 0.455693, -0.469786]
[0.6519, 0.003487, 0.465673, 0.455669, -0.469858]
[0.651757, 0.002035, 0.471277, 0.455747, -0.469809]
[0.652193, -0.00151, 0.459326, 0.455489, -0.469422]
[0.652116, -0.003377, 0.469116, 0.455513, -0.46964]
[0.65214, 0.00163, 0.480111, 0.455558, -0.469686]
[0.651987, -0.00122, 0.462708, 0.455581, -0.469794]
[0.652036, -0.004074, 0.472023, 0.455749, -0.469468]
[0.652133, 0.004069, 0.486414, 0.455781, -0.469541]
[0.652024, -0.005176, 0.478633, 0.455612, -0.469849]
[0.651916, 0.000699, 0.457749, 0.455461, -0.469872]
[0.651901, -0.004452, 0.473024, 0.455871, -0.469694]
[0.652192, 0.002247, 0.474044, 0.455593, -0.469838]
[0.651919, -0.002895, 0.47255, 0.455724, -0.469589]
[0.652183, 0.004486, 0.459193, 0.455479, -0.469808]
[0.651786, 0.00517, 0.457708, 0.455809, -0.469801]
[0.651779, -0.004161, 0.471282, 0.455661, -0.469369]
[0.651906, -0.004941, 0.452682, 0.455832, -0.469757]
[0.652032, 0.002141, 0.48241, 0.455602, -0.469474]
[0.651788, 0.002055, 0.454721, 0.455773, -0.469776]
[0.652021, 0.003849, 0.455146, 0.455542, -0.469686]
[0.652201, -0.005323, 0.461859, 0.455491, -0.469583]
[0.651846, -0.001456, 0.484636, 0.455688, -0.469788]
[0.65214, -0.002607, 0.458529, 0.45588, -0.4697]
[0.651947, -0.003643, 0.464043, 0.4559, -0.469798]
[0.651935, -0.002456, 0.47392, 0.455656, -0.469382]
[0.651854, -0.006714, 0.466071, 0.455737, -0.46948]
[0.652002, -0.003359, 0.459264, 0.45581, -0.469603]
[0.651951, 0.000386, 0.462336, 0.455842, -0.469816]
[0.651809, -0.000421, 0.466508, 0.455898, -0.469829]
[0.651824, -0.001576, 0.46295, 0.455851, -0.469657]
[0.65193, 0.00196, 0.482261, 0.455513, -0.469705]
[0.652068, 0.004369, 0.468063, 0.455771, -0.469652]
[0.651878, -0.000445, 0.466988, 0.455502, -0.469642]
[0.651771, -0.004102, 0.477446, 0.455826, -0.469507]
[0.652128, -0.00306, 0.45543, 0.455702, -0.469482]
[0.652139, 0.002863, 0.468293, 0.455846, -0.469619]
[0.651942, 0.005649, 0.47254, 0.455858, -0.46934]
[0.651876, -0.000487, 0.473492, 0.455659, -0.469642]
[0.652145, -0.001352, 0.482056, 0.455453, -0.469507]
[0.652128, 0.001697, 0.461508, 0.455748, -0.469503]
[0.652062, -0.004309, 0.457293, 0.45585, -0.469763]
[0.651993, -0.006755, 0.485952, 0.45579, -0.469418]
[0.65185, 0.004259, 0.480753, 0.45552, -0.46937]
[0.651777, -0.005365, 0.486103, 0.455455, -0.469733]
[0.651785, 0.004971, 0.479981, 0.455692, -0.469512]
[0.651903, -0.000325, 0.476021, 0.455843, -0.469347]
[0.651844, -0.005467, 0.454594, 0.455565, -0.469374]
[0.652088, -0.0016, 0.46109, 0.455818, -0.469434]
[0.652196, -0.006666, 0.46921, 0.455663, -0.469414]
[0.65196, 0.001982, 0.459741, 0.455728, -0.469512]
[0.652169, 0.00035, 0.458334, 0.455541, -0.469583]
[0.652131, 0.004175, 0.483667, 0.455849, -0.469718]
[0.651795, -0.005449, 0.457891, 0.455863, -0.469715]
[0.652088, -0.002489, 0.452599, 0.455615, -0.469789]
[0.652169, 0.000316, 0.461161, 0.455677, -0.469543]
[0.651928, -0.005848, 0.484747, 0.455626, -0.469742]
[0.652096, 0.003103, 0.481676, 0.455601, -0.46942]
[0.652006, -0.004286, 0.462455, 0.45557, -0.469558]
[0.65185, 0.003687, 0.455562, 0.455626, -0.469624]
[0.652095, -0.004677, 0.462298, 0.455824, -0.469409]
[0.652158, 0.001762, 0.474591, 0.455501, -0.469802]
[0.651771, -0.003501, 0.456983, 0.455803, -0.469347]
[0.651994, -0.000917, 0.474575, 0.455828, -0.469369]
[0.651914, -0.004834, 0.466693, 0.455522, -0.469572]
[0.652012, -0.003328, 0.460667, 0.455797, -0.469401]
[0.651938, -0.000459, 0.484545, 0.455643, -0.469555]
[0.652079, -0.005968, 0.452783, 0.455715, -0.469841]
[0.651846, -8.4e-05, 0.457828, 0.455568, -0.469602]
[0.652032, -0.000208, 0.477194, 0.455664, -0.469652]
[0.652142, -0.000328, 0.466473, 0.455661, -0.469773]
[0.651814, -0.000808, 0.456921, 0.455885, -0.469767]
[0.651995, 0.001024, 0.486383, 0.455623, -0.469789]
[0.651875, -0.001499, 0.455417, 0.455783, -0.469595]
[0.651904, 0.003556, 0.460955, 0.455779, -0.46977]
[0.651856, 0.001309, 0.463011, 0.455753, -0.469572]
[0.651922, 0.000814, 0.481701, 0.455737, -0.469785]
[0.651785, -0.004649, 0.484763, 0.455686, -0.469511]
[0.651865, 0.005933, 0.474346, 0.455482, -0.469797]
[0.651888, -0.000249, 0.467921, 0.455877, -0.469472]
[0.651808, 0.000377, 0.452683, 0.455519, -0.469597]
[0.652187, 0.002374, 0.460783, 0.455622, -0.469777]
[0.652153, -0.003863, 0.453984, 0.455691, -0.469867]
[0.652019, 0.004707, 0.455048, 0.455646, -0.469732]
[0.6518, 0.00544, 0.472674, 0.455747, -0.469434]
[0.652173, 0.002067, 0.467775, 0.455477, -0.469396]
[0.651808, -0.004843, 0.475294, 0.455785, -0.469592]
[0.651982, 0.005595, 0.455579, 0.455832, -0.469398]
[0.65178, 0.000739, 0.468088, 0.455643, -0.46958]
[0.651759, -0.00568, 0.469423, 0.455511, -0.469617]
[0.651803, 0.003856, 0.469061, 0.455515, -0.469833]
[0.652069, -0.005526, 0.459942, 0.455867, -0.469719]
[0.65214, -0.000123, 0.481316, 0.455834, -0.469352]
[0.652005, -0.006124, 0.483394, 0.455814, -0.469515]
[0.651898, -0.004096, 0.452844, 0.455451, -0.469436]
[0.651813, 0.00537, 0.472688, 0.455693, -0.469601]
[0.652153, -0.005187, 0.456365, 0.455889, -0.469637]
[0.651774, -0.00443, 0.474849, 0.455881, -0.469692]
[0.652116, 0.005486, 0.485217, 0.455453, -0.469794]
[0.65181, -0.003737, 0.452624, 0.455809, -0.469659]
[0.651874, -0.006977, 0.481361, 0.455607, -0.469773]
[0.652114, -0.002706, 0.47401, 0.455833, -0.469347]
[0.652054, -0.00522, 0.48542, 0.45585, -0.4696]
[0.651934, 0.004343, 0.470226, 0.455699, -0.46967]
[0.652049, -0.003293, 0.48433, 0.455693, -0.46938]
[0.652038, -0.000908, 0.483745, 0.455564, -0.469569]
[0.652023, 0.005024, 0.484785, 0.455859, -0.469444]
[0.652058, 0.005728, 0.473766, 0.455548, -0.469555]
[0.652173, 0.000961, 0.459177, 0.455464, -0.469689]
[0.652147, -0.004165, 0.475955, 0.455705, -0.469784]
[0.65196, 0.005842, 0.468109, 0.455453, -0.469768]
[0.651902, 0.005208, 0.479664, 0.455879, -0.469699]
[0.6519, -0.000531, 0.475731, 0.455607, -0.469473]
[0.651908, 0.003027, 0.482015, 0.455671, -0.469347]
[0.651829, -0.004656, 0.463406, 0.455764, -0.469515]
[0.652129, -0.002982, 0.456603, 0.455506, -0.469616]
[0.652145, 1.9e-05, 0.484362, 0.455857, -0.469511]
[0.652034, 0.005076, 0.457826, 0.455596, -0.469855]
[0.651874, -0.002199, 0.479066, 0.455581, -0.469433]
[0.652003, -0.004741, 0.457355, 0.455545, -0.469721]
[0.651791, 0.002161, 0.479906, 0.455802, -0.469588]
[0.651868, 0.005824, 0.480298, 0.455556, -0.469476]
[0.652188, 0.001352, 0.456011, 0.455668, -0.469854]
[0.651833, -0.001266, 0.467708, 0.455612, -0.469485]
[0.651998, -0.006865, 0.465032, 0.455557, -0.469794]
[0.651782, 0.005329, 0.45781, 0.45575, -0.469459]
[0.652092, -0.004238, 0.471986, 0.455744, -0.469436]
[0.652042, 0.004605, 0.453609, 0.455841, -0.469678]
[0.651972, -0.005897, 0.461341, 0.45579, -0.469581]
[0.651779, -0.002179, 0.478459, 0.455761, -0.469751]
[0.65194, -0.002941, 0.464431, 0.455456, -0.469473]
[0.652, 0.005468, 0.474784, 0.455515, -0.469712]
[0.651843, -0.005145, 0.460137, 0.455859, -0.469548]
[0.651758, -0.005186, 0.483547, 0.455668, -0.469604]
[0.652019, -0.001198, 0.478085, 0.455618, -0.469828]
[0.651783, 0.003903, 0.482953, 0.455568, -0.469866]
[0.651848, -0.002768, 0.456967, 0.455683, -0.469683]
[0.651778, -0.004632, 0.478211, 0.455764, -0.469777]
[0.651907, 0.005801, 0.482479, 0.455784, -0.469851]
[0.652, -0.006877, 0.486073, 0.45579, -0.469417]
[0.652004, -0.006783, 0.485913, 0.45579, -0.469419]
[0.652, -0.006732, 0.486072, 0.45579, -0.469418]
[0.652002, -0.006969, 0.486004, 0.45579, -0.469419]
[0.651984, -0.006546, 0.485901, 0.45579, -0.469416]
[0.651991, -0.006693, 0.485995, 0.45579, -0.469419]
[0.651984, -0.006624, 0.485996, 0.45579, -0.46942]
[0.65199, -0.006816, 0.485949, 0.45579, -0.469419]
[0.651984, -0.006666, 0.486048, 0.45579, -0.469418]
[0.651989, -0.006825, 0.485888, 0.45579, -0.469417]
[0.651988, -0.006659, 0.485957, 0.45579, -0.469418]
[0.65199, -0.006561, 0.486057, 0.45579, -0.469417]
[0.651984, -0.006887, 0.486064, 0.45579, -0.469418]
[0.651986, -0.006678, 0.486025, 0.45579, -0.469417]
[0.651999, -0.006864, 0.485999, 0.45579, -0.469416]
[0.65199, -0.006578, 0.485993, 0.45579, -0.469418]
[0.651987, -0.006611, 0.485971, 0.45579, -0.469419]
[0.651986, -0.006938, 0.485922, 0.45579, -0.469419]
[0.651991, -0.006966, 0.486026, 0.45579, -0.469417]
[0.651989, -0.006759, 0.486003, 0.45579, -0.469417]
[0.65199, -0.006647, 0.48604, 0.45579, -0.469418]
[0.651989, -0.006562, 0.485968, 0.45579, -0.469419]
[0.65199, -0.006696, 0.486039, 0.45579, -0.46942]
[0.65199, -0.006655, 0.485959, 0.45579, -0.469418]
[0.651994, -0.006725, 0.485898, 0.45579, -0.469416]
[0.651995, -0.00685, 0.486034, 0.45579, -0.469417]
[0.651998, -0.006922, 0.486054, 0.45579, -0.469417]
[0.65199, -0.006715, 0.485939, 0.45579, -0.469419]
[0.651996, -0.006796, 0.48602, 0.45579, -0.469419]
[0.651984, -0.006787, 0.48594, 0.45579, -0.469419]
[0.651994, -0.006897, 0.486096, 0.45579, -0.469419]
[0.651996, -0.006976, 0.486096, 0.45579, -0.469417]
[0.651997, -0.006664, 0.485944, 0.45579, -0.469416]
[0.652, -0.006707, 0.486044, 0.45579, -0.469417]
[0.651988, -0.006865, 0.486097, 0.45579, -0.469417]
[0.651992, -0.00656, 0.485995, 0.45579, -0.469419]
[0.651994, -0.006711, 0.485956, 0.45579, -0.469419]
[0.652, -0.006908, 0.486095, 0.45579, -0.469418]
[0.652001, -0.006858, 0.486097, 0.45579, -0.469418]
[0.651983, -0.00693, 0.486079, 0.45579, -0.469416]
[0.652002, -0.006706, 0.486075, 0.45579, -0.469419]
[0.651987, -0.006893, 0.485955, 0.45579, -0.469416]
[0.651991, -0.006674, 0.485947, 0.45579, -0.469417]
[0.651996, -0.006561, 0.48599, 0.45579, -0.469419]
[0.651993, -0.006902, 0.486013, 0.45579, -0.46942]
[0.651985, -0.006671, 0.485964, 0.45579, -0.469417]
[0.651991, -0.006738, 0.486008, 0.45579, -0.469417]
[0.652004, -0.006871, 0.486024, 0.45579, -0.469419]
[0.651995, -0.006681, 0.485978, 0.45579, -0.469417]
[0.651983, -0.006679, 0.485991, 0.45579, -0.469418]
[0.651989, -0.006784, 0.486081, 0.45579, -0.469419]
[0.651991, -0.006583, 0.485956, 0.45579, -0.469417]
[0.651994, -0.006844, 0.485977, 0.45579, -0.469418]
[0.652003, -0.00665, 0.486005, 0.45579, -0.469417]
[0.651999, -0.006689, 0.485919, 0.45579, -0.469419]
[0.652003, -0.006804, 0.485934, 0.45579, -0.469419]
[0.652, -0.006887, 0.486054, 0.45579, -0.46942]
[0.651991, -0.006641, 0.486108, 0.45579, -0.469416]
[0.651991, -0.006951, 0.486042, 0.45579, -0.469417]
[0.652, -0.00665, 0.485996, 0.45579, -0.469417]
[0.651985, -0.006685, 0.486035, 0.45579, -0.469416]
[0.652001, -0.006846, 0.486018, 0.45579, -0.469418]
[0.652, -0.006629, 0.485899, 0.45579, -0.469418]
[0.651997, -0.006882, 0.485966, 0.45579, -0.46942]
[0.651993, -0.006747, 0.486041, 0.45579, -0.469419]
[0.651989, -0.006677, 0.485974, 0.45579, -0.469419]
[0.651998, -0.006579, 0.486022, 0.45579, -0.469419]
[0.651996, -0.006857, 0.485969, 0.45579, -0.469418]
[0.651986, -0.006695, 0.485897, 0.45579, -0.469418]
[0.651984, -0.006714, 0.485959, 0.45579, -0.46942]
[0.651991, -0.006711, 0.486055, 0.45579, -0.469418]
[0.65199, -0.006838, 0.48605, 0.45579, -0.469418]
[0.651997, -0.006636, 0.485945, 0.45579, -0.469417]
[0.652004, -0.006709, 0.4861, 0.45579, -0.469419]
[0.651987, -0.006792, 0.486092, 0.45579, -0.469416]
[0.65199, -0.006707, 0.48592, 0.45579, -0.469419]
[0.652003, -0.006805, 0.485967, 0.45579, -0.469418]
[0.651985, -0.006716, 0.486023, 0.45579, -0.469418]
[0.651985, -0.006735, 0.485948, 0.45579, -0.469417]
[0.651986, -0.006746, 0.485935, 0.45579, -0.469418]
[0.652001, -0.006967, 0.486043, 0.45579, -0.469417]
[0.651992, -0.006728, 0.486075, 0.45579, -0.469419]
[0.651998, -0.00656, 0.485898, 0.45579, -0.469417]
[0.652003, -0.006586, 0.486066, 0.45579, -0.469418]
[0.651984, -0.006694, 0.485994, 0.45579, -0.469417]
[0.651995, -0.00681, 0.486041, 0.45579, -0.469418]
[0.651991, -0.006973, 0.486018, 0.45579, -0.469417]
[0.652003, -0.006844, 0.486015, 0.45579, -0.469419]
[0.651988, -0.006772, 0.485927, 0.45579, -0.469417]
[0.651985, -0.006663, 0.485895, 0.45579, -0.469417]
[0.651992, -0.006786, 0.485927, 0.45579, -0.46942]
[0.651987, -0.006939, 0.486072, 0.45579, -0.469419]
[0.651998, -0.006954, 0.485952, 0.45579, -0.46942]
[0.651995, -0.006617, 0.485947, 0.45579, -0.469416]
[0.651995, -0.006721, 0.486064, 0.45579, -0.469419]
[0.651995, -0.00696, 0.48602, 0.45579, -0.469417]
[0.651989, -0.006803, 0.485898, 0.45579, -0.469417]
[0.651996, -0.006922, 0.486037, 0.45579, -0.469418]
[0.651991, -0.006794, 0.486103, 0.45579, -0.46942]
[0.651997, -0.006757, 0.485983, 0.45579, -0.469418]
[0.652004, -0.006828, 0.485915, 0.45579, -0.469416]
[0.651985, -0.006604, 0.48608, 0.45579, -0.469418]
[0.651989, -0.006689, 0.486044, 0.45579, -0.469418]
[0.652001, -0.006692, 0.486081, 0.45579, -0.469417]
[0.651986, -0.006695, 0.48604, 0.45579, -0.469417]
[0.651994, -0.006912, 0.486029, 0.45579, -0.469416]
[0.651999, -0.006728, 0.485914, 0.45579, -0.469419]
[0.652004, -0.006617, 0.486053, 0.45579, -0.469417]
[0.651991, -0.006566, 0.486096, 0.45579, -0.469419]
[0.651997, -0.006578, 0.485917, 0.45579, -0.46942]
[0.651995, -0.006873, 0.485915, 0.45579, -0.469417]
[0.651988, -0.006595, 0.486008, 0.45579, -0.469419]
[0.651996, -0.006824, 0.486101, 0.45579, -0.469417]
[0.651993, -0.006885, 0.485924, 0.45579, -0.469417]
[0.651994, -0.006656, 0.48598, 0.45579, -0.469418]
[0.652002, -0.006898, 0.486106, 0.45579, -0.469418]
[0.652003, -0.006715, 0.485943, 0.45579, -0.469419]
[0.651994, -0.006644, 0.486103, 0.45579, -0.469417]
[0.651997, -0.006635, 0.486084, 0.45579, -0.469416]
[0.652001, -0.006868, 0.485943, 0.45579, -0.469417]
[0.651992, -0.006741, 0.486096, 0.45579, -0.469417]
[0.651995, -0.006623, 0.486054, 0.45579, -0.469418]
[0.651985, -0.006888, 0.486041, 0.45579, -0.469419]
[0.651986, -0.006719, 0.486027, 0.45579, -0.469418]
[0.651996, -0.006583, 0.486073, 0.45579, -0.469417]
[0.652001, -0.006667, 0.486092, 0.45579, -0.469419]
[0.651996, -0.006709, 0.485916, 0.45579, -0.469418]
[0.651986, -0.006973, 0.486089, 0.45579, -0.469418]
[0.651995, -0.006776, 0.486027, 0.45579, -0.469419]
[0.651996, -0.006694, 0.48607, 0.45579, -0.469418]
[0.651988, -0.006863, 0.486072, 0.45579, -0.469418]
[0.651997, -0.006732, 0.486083, 0.45579, -0.469419]
[0.651986, -0.006647, 0.486053, 0.45579, -0.469418]
[0.652001, -0.006697, 0.486026, 0.45579, -0.469419]
[0.651994, -0.006559, 0.486102, 0.45579, -0.469417]
[0.652003, -0.006918, 0.486046, 0.45579, -0.469416]
[0.651988, -0.00697, 0.486075, 0.45579, -0.469416]
[0.651988, -0.006964, 0.486012, 0.45579, -0.469417]
[0.651986, -0.006704, 0.486033, 0.45579, -0.469417]
[0.65199, -0.006625, 0.485986, 0.45579, -0.469416]
[0.651994, -0.006615, 0.485942, 0.45579, -0.469416]
[0.651989, -0.006865, 0.485926, 0.45579, -0.469417]
[0.651983, -0.006704, 0.485984, 0.45579, -0.469417]
[0.652001, -0.006646, 0.486103, 0.45579, -0.469418]
[0.651991, -0.006763, 0.486075, 0.45579, -0.46942]
[0.651987, -0.006847, 0.48606, 0.45579, -0.469419]
[0.651986, -0.006592, 0.485921, 0.45579, -0.469418]
[0.651993, -0.006816, 0.486102, 0.45579, -0.469419]
[0.652, -0.006568, 0.486017, 0.45579, -0.469417]
[0.651985, -0.006597, 0.485891, 0.45579, -0.46942]
[0.651996, -0.006975, 0.486096, 0.45579, -0.469417]
[0.651996, -0.006977, 0.486097, 0.45579, -0.469417]
[0.651996, -0.006975, 0.486095, 0.45579, -0.469417]
[0.651996, -0.006978, 0.486097, 0.45579, -0.469417]
[0.651996, -0.006976, 0.486095, 0.45579, -0.469417]
[0.651996, -0.006975, 0.486097, 0.45579, -0.469417]
[0.651996, -0.006974, 0.486097, 0.45579, -0.469417]
[0.651996, -0.006974, 0.486096, 0.45579, -0.469417]
[0.651996, -0.006977, 0.486095, 0.45579, -0.469417]
[0.651996, -0.006977, 0.486096, 0.45579, -0.469417]
[0.651996, -0.006974, 0.486095, 0.45579, -0.469417]
[0.651996, -0.006978, 0.486096, 0.45579, -0.469417]
[0.651996, -0.006976, 0.486097, 0.45579, -0.469417]
[0.651996, -0.006978, 0.486095, 0.45579, -0.469417]
