Status: non-adversarial inputs found
[0.603308, -0.49538, -0.214062, 0.474062, -0.450114]
[0.670176, 0.158161, 0.174784, 0.451463, -0.462011]
[0.678311, 0.094235, 0.384208, 0.469878, -0.459098]
[0.663679, 0.200179, -0.236808, 0.499567, -0.467322]
[0.651717, 0.232409, -0.370847, 0.453922, -0.460213]
[0.650173, 0.311867, -0.161099, 0.492001, -0.495363]
[0.639783, -0.293257, -0.452884, 0.453922, -0.469556]
[0.671161, 0.48255, -0.143756, 0.476674, -0.493075]
[0.626423, -0.48705, -0.335274, 0.485232, -0.479194]
[0.609774, -0.455422, -0.307673, 0.467878, -0.472324]
[0.668777, 0.263776, 0.141617, 0.498304, -0.457534]
[0.672413, 0.132323, -0.426282, 0.493734, -0.470282]
[0.679725, -0.238958, -0.320706, 0.482762, -0.471039]
[0.647624, -0.203902, 0.397137, 0.460796, -0.496864]
[0.663854, 0.187701, -0.071336, 0.451993, -0.46939]
[0.616271, -0.433454, -0.41978, 0.486425, -0.467252]
[0.616678, -0.221773, -0.241735, 0.465685, -0.499113]
[0.61033, -0.012366, -0.045003, 0.470496, -0.467734]
[0.664842, 0.237873, 0.254481, 0.495459, -0.483547]
[0.662099, -0.490539, 0.461424, 0.493417, -0.489702]
[0.651898, 0.3316, -0.039888, 0.482224, -0.475953]
[0.668637, 0.029455, 0.420783, 0.494968, -0.459531]
[0.616708, -0.040286, -0.490896, 0.477507, -0.469549]
[0.633554, -0.423016, -0.414811, 0.468804, -0.45931]
[0.643859, -0.006204, -0.30114, 0.456203, -0.475814]
[0.621953, -0.092645, 0.231997, 0.471162, -0.473224]
[0.629032, -0.496646, -0.137322, 0.465134, -0.4688]
[0.667212, -0.219439, -0.024278, 0.473503, -0.490189]
[0.642625, -0.018802, -0.299553, 0.463247, -0.493508]
[0.616209, -0.473692, 0.158884, 0.492803, -0.460017]
[0.655757, 0.494876, 0.360764, 0.488979, -0.486596]
[0.60527, 0.362714, -0.323277, 0.475116, -0.471035]
[0.622411, 0.0986, 0.430164, 0.498136, -0.4831]
[0.671245, 0.403462, -0.141012, 0.482053, -0.461701]
[0.648235, -0.225267, -0.283972, 0.474738, -0.466449]
[0.662846, 0.436564, -0.49048, 0.467305, -0.460446]
[0.663327, 0.315707, 0.395538, 0.477788, -0.492801]
[0.643019, -0.483295, -0.345767, 0.480571, -0.480417]
[0.61818, -0.217822, -0.417094, 0.492607, -0.451542]
[0.659588, 0.382817, -0.267427, 0.484829, -0.49856]
[0.66106, 0.010217, -0.405941, 0.472627, -0.489386]
[0.659897, 0.336034, 0.319002, 0.452438, -0.472522]
[0.669241, 0.306539, 0.374574, 0.457914, -0.477722]
[0.655314, 0.477344, 0.088825, 0.479936, -0.459862]
[0.678301, 0.178183, 0.469294, 0.476676, -0.469105]
[0.65703, -0.126514, -0.470921, 0.466337, -0.497689]
[0.633057, -0.096084, 0.301521, 0.463882, -0.469504]
[0.620927, 0.369654, -0.202243, 0.470934, -0.477652]
[0.638954, -0.380107, -0.358402, 0.457291, -0.488673]
[0.61264, -0.248367, 0.057305, 0.485103, -0.461162]
[0.618541, -0.381676, 0.342774, 0.48595, -0.451835]
[0.669674, 0.486271, -0.008191, 0.495228, -0.453603]
[0.653204, -0.046439, 0.116497, 0.473409, -0.473506]
[0.638893, 0.339196, 0.278779, 0.466972, -0.458377]
[0.603768, -0.162035, -0.319563, 0.476989, -0.478143]
[0.636301, -0.239686, -0.247388, 0.454382, -0.476488]
[0.643335, 0.460065, 0.00782, 0.458992, -0.481285]
[0.636571, -0.146842, -0.305483, 0.497177, -0.496403]
[0.639336, 0.062205, 0.105951, 0.455641, -0.462373]
[0.677433, -0.004298, 0.286856, 0.461761, -0.455667]
[0.630782, -0.052307, -0.409958, 0.491673, -0.490011]
[0.600154, 0.479409, 0.110915, 0.487601, -0.48969]
[0.652389, 0.150173, -0.095238, 0.463256, -0.464211]
[0.640058, -0.164733, 0.111675, 0.472155, -0.465708]
[0.671393, -0.464212, -0.318782, 0.499338, -0.498034]
[0.631003, -0.066198, -0.206421, 0.488415, -0.463359]
[0.618212, 0.300677, -0.474624, 0.450184, -0.468759]
[0.648673, 0.337396, 0.318648, 0.488825, -0.483032]
[0.639694, 0.232954, 0.385079, 0.468814, -0.480093]
[0.614839, 0.411874, 0.198248, 0.497634, -0.495218]
[0.641486, -0.18578, -0.164924, 0.491611, -0.450639]
[0.665702, -0.096431, 0.06405, 0.451829, -0.49745]
[0.664439, 0.279952, 0.360469, 0.491188, -0.496549]
[0.636827, -0.136064, 0.082549, 0.484777, -0.485672]
[0.658624, -0.487222, -0.00319, 0.492301, -0.453412]
[0.648472, 0.239063, -0.398216, 0.466375, -0.476985]
[0.655314, -0.453358, 0.276089, 0.451742, -0.470319]
[0.604974, -0.220686, 0.245998, 0.467539, -0.48633]
[0.60037, 0.218455, -0.382871, 0.472399, -0.477505]
[0.600515, 0.205918, -0.039638, 0.473199, -0.484734]
[0.645327, -0.05156, -0.397835, 0.46426, -0.474487]
[0.643418, -0.312091, -0.308763, 0.492763, -0.456775]
[0.654734, 0.004899, 0.452222, 0.476161, -0.499279]
[0.668501, -0.299577, -0.298269, 0.494537, -0.47412]
[0.678024, -0.117237, -0.15359, 0.470449, -0.495708]
[0.675567, -0.232533, 0.346261, 0.48253, -0.476526]
[0.646871, -0.41932, -0.021766, 0.487432, -0.457941]
[0.644045, 0.497144, 0.071677, 0.460031, -0.45282]
[0.611347, 0.122586, -0.37779, 0.480534, -0.487121]
[0.613102, 0.099451, -0.48821, 0.481073, -0.465916]
[0.667954, -0.153439, 0.327225, 0.451371, -0.48644]
[0.628972, 0.440609, -0.045634, 0.484049, -0.471328]
[0.624172, -0.041114, -0.022636, 0.490333, -0.496071]
[0.639747, -0.20489, 0.289194, 0.479324, -0.469966]
[0.602407, -0.09866, -0.35571, 0.469913, -0.486954]
[0.66515, -0.096033, -0.107694, 0.487044, -0.474247]
[0.649522, 0.45506, 0.454419, 0.482905, -0.452664]
[0.653014, 0.426568, -0.379287, 0.454253, -0.464215]
[0.66986, -0.265269, 0.195615, 0.491238, -0.469144]
[0.60601, -0.261534, 0.432684, 0.454875, -0.464369]
[0.652691, 0.300083, -0.304875, 0.45468, -0.456788]
[0.65125, -0.104575, -0.283386, 0.477636, -0.482213]
[0.657525, 0.048927, -0.07768, 0.465632, -0.469415]
[0.629687, 0.151509, -0.023119, 0.457799, -0.499087]
[0.644204, -0.036642, 0.022923, 0.475401, -0.498663]
[0.634478, -0.015946, 0.211971, 0.482945, -0.49704]
[0.618509, -0.110352, -0.290304, 0.454472, -0.493322]
[0.677251, 0.448246, -0.032211, 0.492551, -0.49269]
[0.636344, 0.48401, -0.050893, 0.470277, -0.460911]
[0.634099, -0.382508, 0.158521, 0.466782, -0.481858]
[0.606582, -0.127706, 0.32992, 0.454897, -0.453549]
[0.605626, 0.186159, 0.313991, 0.478418, -0.461152]
[0.6359, -0.432705, -0.346721, 0.494275, -0.486306]
[0.660982, -0.4944, 0.030368, 0.468137, -0.473368]
[0.609667, 0.437414, -0.13298, 0.481405, -0.487982]
[0.616639, -0.496407, 0.192505, 0.490088, -0.496563]
[0.614297, 0.24038, -0.275459, 0.476197, -0.455945]
[0.612442, 0.18063, 0.421747, 0.485474, -0.456486]
[0.628263, 0.301433, 0.248804, 0.494041, -0.476945]
[0.65817, -0.267359, 0.15175, 0.465424, -0.493038]
[0.638816, 0.007634, -0.464606, 0.453692, -0.497866]
[0.644812, 0.448246, -0.462389, 0.49032, -0.486122]
[0.610311, -0.286529, -0.069844, 0.457814, -0.451782]
[0.615068, 0.457881, -0.391237, 0.450109, -0.469779]
[0.601918, 0.337483, -0.02095, 0.498911, -0.498619]
[0.651243, -0.388184, -0.432727, 0.450013, -0.483882]
[0.667454, 0.015202, -0.301473, 0.492425, -0.480814]
[0.624847, 0.232534, -0.482365, 0.456696, -0.473335]
[0.605448, -0.251105, -0.061065, 0.470582, -0.461824]
[0.622378, -0.253654, -0.17018, 0.483729, -0.482368]
[0.632934, 0.443612, -0.028633, 0.451609, -0.486035]
[0.620127, 0.336833, 0.167418, 0.459398, -0.499877]
[0.617021, 0.409812, -0.339671, 0.4852, -0.459714]
[0.621727, 0.32269, -0.433628, 0.471175, -0.469694]
[0.610005, 0.324149, 0.013141, 0.474408, -0.451305]
[0.637982, -0.30354, -0.1392, 0.462038, -0.474196]
[0.616699, -0.312466, 0.033753, 0.452523, -0.453905]
[0.634366, 0.385598, 0.062446, 0.479266, -0.457129]
[0.620361, 0.377578, 0.233897, 0.452086, -0.482619]
[0.608512, 0.065202, -0.430879, 0.491441, -0.497652]
[0.635981, 0.315809, -0.036911, 0.476404, -0.467567]
[0.617782, -0.28526, 0.493824, 0.493675, -0.467887]
[0.639707, -0.234329, -0.08199, 0.485092, -0.483632]
[0.627476, 0.091042, 0.080258, 0.495004, -0.46979]
[0.647696, 0.448767, -0.171455, 0.457692, -0.459091]
[0.667026, -0.181761, -0.287354, 0.474315, -0.479001]
[0.636304, 0.179875, 0.306089, 0.491533, -0.453048]
[0.655292, 0.220591, 0.143048, 0.460403, -0.499112]
[0.601836, 0.277783, 0.489364, 0.491066, -0.496419]
[0.62655, -0.2141, 0.399328, 0.456757, -0.465551]
[0.660891, 0.010554, -0.404129, 0.472842, -0.489476]
[0.661214, 0.010962, -0.406363, 0.473066, -0.489718]
[0.66149, 0.01057, -0.40838, 0.472938, -0.489625]
[0.660825, 0.011017, -0.408224, 0.472319, -0.4897]
[0.661712, 0.010429, -0.405704, 0.471824, -0.489612]
[0.661759, 0.010659, -0.406744, 0.47239, -0.489723]
[0.661557, 0.009438, -0.408412, 0.472598, -0.489606]
[0.660844, 0.009894, -0.407957, 0.473367, -0.489595]
[0.660964, 0.008992, -0.408354, 0.472864, -0.489408]
[0.660984, 0.010565, -0.404627, 0.472128, -0.489616]
[0.661253, 0.00964, -0.410479, 0.472984, -0.489753]
[0.661043, 0.008367, -0.404059, 0.472382, -0.489535]
[0.661125, 0.008015, -0.403942, 0.471978, -0.489657]
[0.66089, 0.011173, -0.41024, 0.472424, -0.489382]
[0.661727, 0.009164, -0.40879, 0.472675, -0.489642]
[0.661538, 0.01031, -0.411383, 0.472333, -0.489575]
[0.661435, 0.009775, -0.409107, 0.472897, -0.489607]
[0.661025, 0.010678, -0.405535, 0.472886, -0.489527]
[0.661213, 0.009578, -0.406962, 0.471868, -0.48975]
[0.660999, 0.007781, -0.406902, 0.472051, -0.489473]
[0.661199, 0.011219, -0.4099, 0.473105, -0.489411]
[0.66125, 0.007859, -0.404875, 0.472005, -0.48967]
[0.661519, 0.011676, -0.41072, 0.47246, -0.489421]
[0.661807, 0.008267, -0.405089, 0.471819, -0.489642]
[0.661453, 0.011701, -0.404972, 0.473336, -0.489736]
[0.661185, 0.01043, -0.409086, 0.472005, -0.489523]
[0.661419, 0.008558, -0.410461, 0.471926, -0.489404]
[0.661045, 0.009377, -0.404224, 0.472812, -0.489409]
[0.661455, 0.008348, -0.410706, 0.473333, -0.489398]
[0.661129, 0.011192, -0.404008, 0.472571, -0.489742]
[0.661086, 0.010111, -0.406519, 0.471739, -0.489478]
[0.660924, 0.010622, -0.41046, 0.472535, -0.489491]
[0.661614, 0.010436, -0.405566, 0.472419, -0.489575]
[0.66099, 0.009464, -0.408427, 0.473024, -0.489681]
[0.662012, 0.009437, -0.408357, 0.472175, -0.489566]
[0.661508, 0.010807, -0.410057, 0.47297, -0.489383]
[0.660923, 0.008827, -0.410424, 0.471848, -0.489501]
[0.661311, 0.010858, -0.404975, 0.472896, -0.48961]
[0.660823, 0.011676, -0.405598, 0.472469, -0.489411]
[0.660864, 0.010512, -0.409803, 0.472736, -0.489598]
[0.661952, 0.008012, -0.407037, 0.473203, -0.489689]
[0.661963, 0.00861, -0.409233, 0.471742, -0.489643]
[0.661525, 0.007937, -0.406893, 0.472839, -0.489695]
[0.661744, 0.007969, -0.405219, 0.471715, -0.489637]
[0.661594, 0.011819, -0.411157, 0.472738, -0.48942]
[0.661412, 0.008153, -0.406461, 0.472265, -0.489589]
[0.661505, 0.010968, -0.403992, 0.472211, -0.489732]
[0.661537, 0.010899, -0.405305, 0.472881, -0.48953]
[0.661153, 0.010518, -0.407184, 0.472294, -0.489731]
[0.661934, 0.008762, -0.410763, 0.472026, -0.489776]
[0.662003, 0.008681, -0.409378, 0.472317, -0.489482]
[0.661935, 0.011527, -0.411016, 0.472403, -0.489567]
[0.661314, 0.01019, -0.407717, 0.472498, -0.489459]
[0.661436, 0.010568, -0.4077, 0.473051, -0.489389]
[0.661208, 0.010369, -0.404496, 0.473175, -0.48945]
[0.661182, 0.009126, -0.407193, 0.472831, -0.48953]
[0.661187, 0.008102, -0.410733, 0.473118, -0.489787]
[0.660821, 0.011359, -0.409202, 0.473108, -0.489726]
[0.661252, 0.01097, -0.404995, 0.473143, -0.489469]
[0.661099, 0.010287, -0.4045, 0.472282, -0.489602]
[0.66159, 0.011507, -0.405259, 0.472932, -0.489608]
[0.661798, 0.009279, -0.406125, 0.472809, -0.489776]
[0.661589, 0.010279, -0.408421, 0.472149, -0.489623]
[0.661274, 0.011829, -0.409272, 0.471947, -0.489632]
[0.661993, 0.009811, -0.410436, 0.472755, -0.489477]
[0.661366, 0.009759, -0.404104, 0.47254, -0.489779]
[0.661656, 0.008631, -0.405949, 0.47335, -0.48952]
[0.661467, 0.010314, -0.408968, 0.472865, -0.489538]
[0.6609, 0.007876, -0.410679, 0.472555, -0.489581]
[0.661753, 0.008334, -0.409319, 0.473035, -0.489422]
[0.661149, 0.011326, -0.407411, 0.472751, -0.489684]
[0.661543, 0.009422, -0.411116, 0.471808, -0.489757]
[0.66118, 0.009644, -0.406506, 0.471991, -0.489502]
[0.661092, 0.010955, -0.408388, 0.473029, -0.489651]
[0.661627, 0.007835, -0.41024, 0.472359, -0.489537]
[0.661653, 0.008008, -0.405554, 0.47218, -0.489713]
[0.661571, 0.011545, -0.407094, 0.471803, -0.489681]
[0.660848, 0.010264, -0.405169, 0.472784, -0.489607]
[0.66197, 0.010028, -0.405023, 0.472778, -0.489622]
[0.661367, 0.008959, -0.409075, 0.472079, -0.48964]
[0.66162, 0.011188, -0.408426, 0.472659, -0.489492]
[0.661806, 0.008572, -0.410082, 0.472658, -0.489652]
[0.660959, 0.010919, -0.40428, 0.472171, -0.489495]
[0.660857, 0.010469, -0.40551, 0.472945, -0.489566]
[0.660853, 0.008156, -0.405795, 0.472262, -0.489789]
[0.661835, 0.009839, -0.41041, 0.472934, -0.489655]
[0.661079, 0.009741, -0.407583, 0.47287, -0.489661]
[0.660965, 0.010531, -0.407117, 0.472445, -0.489617]
[0.661399, 0.007909, -0.403978, 0.472293, -0.489647]
[0.661193, 0.011012, -0.404469, 0.47172, -0.48953]
[0.660968, 0.009898, -0.409073, 0.472858, -0.489535]
[0.661241, 0.009769, -0.409713, 0.472185, -0.489522]
[0.661246, 0.008346, -0.409552, 0.471874, -0.48948]
[0.661809, 0.01131, -0.407672, 0.473028, -0.489587]
[0.661488, 0.008723, -0.410143, 0.472465, -0.489746]
[0.661964, 0.010906, -0.409131, 0.472031, -0.489655]
[0.661657, 0.010463, -0.405135, 0.472852, -0.489474]
[0.661327, 0.011884, -0.410712, 0.473242, -0.489694]
[0.661937, 0.010189, -0.404265, 0.472173, -0.489727]
[0.660845, 0.00989, -0.408003, 0.471701, -0.489487]
[0.661006, 0.008212, -0.404652, 0.471693, -0.489635]
[0.661489, 0.008675, -0.405922, 0.472426, -0.489644]
[0.661728, 0.011825, -0.410821, 0.471936, -0.489441]
[0.660901, 0.009725, -0.40627, 0.472657, -0.489553]
[0.661017, 0.008164, -0.411513, 0.471944, -0.489663]
[0.661803, 0.009945, -0.411152, 0.472382, -0.489441]
[0.661272, 0.008437, -0.404644, 0.472715, -0.48948]
[0.661623, 0.008983, -0.405516, 0.472864, -0.489635]
[0.661989, 0.010046, -0.411124, 0.472947, -0.489713]
[0.661947, 0.011836, -0.404522, 0.471732, -0.489745]
[0.661924, 0.010578, -0.410494, 0.471953, -0.489632]
[0.661436, 0.011477, -0.406604, 0.471949, -0.489419]
[0.661559, 0.009902, -0.408182, 0.472335, -0.48942]
[0.660904, 0.010996, -0.407553, 0.472674, -0.489767]
[0.661818, 0.011799, -0.406838, 0.472702, -0.489644]
[0.661931, 0.011137, -0.410757, 0.472719, -0.489545]
[0.66149, 0.010829, -0.404331, 0.472565, -0.489715]
[0.66168, 0.0115, -0.407682, 0.472797, -0.489744]
[0.661368, 0.011572, -0.404169, 0.472103, -0.489393]
[0.661259, 0.007865, -0.409311, 0.473361, -0.489751]
[0.661643, 0.007816, -0.410481, 0.472072, -0.489723]
[0.661837, 0.011238, -0.406792, 0.472364, -0.489764]
[0.661938, 0.010705, -0.410048, 0.472165, -0.489464]
[0.661358, 0.011194, -0.406516, 0.472147, -0.48977]
[0.660924, 0.010682, -0.410585, 0.472976, -0.489432]
[0.661582, 0.010216, -0.408872, 0.472634, -0.489619]
[0.661751, 0.010627, -0.40991, 0.472398, -0.489531]
[0.661389, 0.00848, -0.406505, 0.471789, -0.4895]
[0.660902, 0.008235, -0.405418, 0.472385, -0.489749]
[0.661846, 0.009652, -0.406124, 0.473342, -0.489657]
[0.661287, 0.011132, -0.408134, 0.472441, -0.489566]
[0.661526, 0.009565, -0.405486, 0.472663, -0.489477]
[0.661016, 0.010126, -0.40614, 0.471869, -0.489769]
[0.66154, 0.008781, -0.404016, 0.473331, -0.489538]
[0.661873, 0.009573, -0.404526, 0.4724, -0.489461]
[0.661459, 0.010342, -0.40959, 0.472727, -0.489558]
[0.661328, 0.011637, -0.406966, 0.472195, -0.489394]
[0.661299, 0.010475, -0.411257, 0.471896, -0.489649]
[0.662011, 0.008223, -0.407318, 0.472897, -0.489582]
[0.661356, 0.008146, -0.411186, 0.472898, -0.489612]
[0.661554, 0.009673, -0.408138, 0.471721, -0.489502]
[0.661892, 0.009132, -0.408897, 0.471946, -0.4897]
[0.661342, 0.008972, -0.409284, 0.4726, -0.489689]
[0.661472, 0.008824, -0.410778, 0.473289, -0.489679]
[0.661958, 0.011771, -0.40622, 0.473326, -0.489674]
[0.661521, 0.008177, -0.404351, 0.47187, -0.489444]
[0.661885, 0.010552, -0.405457, 0.471983, -0.489464]
[0.661434, 0.007778, -0.408351, 0.472706, -0.489644]
[0.661167, 0.011186, -0.409573, 0.473041, -0.489513]
[0.661309, 0.010151, -0.40565, 0.472215, -0.489537]
[0.660874, 0.010517, -0.410083, 0.472738, -0.4896]
[0.660866, 0.010516, -0.40997, 0.472742, -0.4896]
[0.660873, 0.010515, -0.40982, 0.472741, -0.489601]
[0.660862, 0.010513, -0.410047, 0.472737, -0.489598]
[0.660858, 0.010512, -0.409922, 0.472734, -0.4896]
[0.66087, 0.010513, -0.410072, 0.47274, -0.489599]
[0.660875, 0.010512, -0.409981, 0.472737, -0.489599]
[0.660872, 0.010518, -0.409828, 0.472734, -0.489598]
[0.660871, 0.010514, -0.410107, 0.472737, -0.489599]
[0.660873, 0.010517, -0.409995, 0.472742, -0.489598]
[0.66088, 0.010513, -0.410026, 0.472742, -0.489599]
[0.660878, 0.010511, -0.410099, 0.472736, -0.489598]
[0.660877, 0.010517, -0.409773, 0.472741, -0.489601]
[0.660876, 0.010517, -0.409912, 0.472738, -0.489599]
[0.660861, 0.010518, -0.409754, 0.47274, -0.489599]
[0.660869, 0.010515, -0.410054, 0.47274, -0.489598]
[0.660862, 0.010511, -0.409992, 0.472734, -0.4896]
[0.66086, 0.010514, -0.409981, 0.472737, -0.489598]
[0.660866, 0.010517, -0.410087, 0.472735, -0.4896]
[0.660874, 0.010516, -0.409897, 0.472734, -0.489599]
[0.660868, 0.010514, -0.41006, 0.472734, -0.4896]
[0.660875, 0.010513, -0.409958, 0.472742, -0.489598]
[0.660859, 0.010517, -0.409957, 0.47274, -0.489599]
[0.660873, 0.010517, -0.410013, 0.472742, -0.489599]
[0.66087, 0.010514, -0.409747, 0.472741, -0.4896]
[0.660879, 0.010511, -0.409748, 0.472737, -0.489599]
[0.660875, 0.010518, -0.409801, 0.472735, -0.489599]
[0.660877, 0.010515, -0.409823, 0.472733, -0.4896]
[0.660862, 0.01051, -0.409967, 0.472738, -0.4896]
[0.660859, 0.01051, -0.409963, 0.472737, -0.489599]
[0.660872, 0.010511, -0.409753, 0.47274, -0.4896]
[0.660867, 0.010517, -0.409889, 0.472734, -0.489598]
[0.660867, 0.010516, -0.409993, 0.472734, -0.489599]
[0.660863, 0.010514, -0.409764, 0.472742, -0.4896]
[0.660862, 0.010512, -0.409866, 0.472739, -0.489599]
[0.660864, 0.010512, -0.410016, 0.472735, -0.489599]
[0.660868, 0.010516, -0.409805, 0.472736, -0.489601]
[0.660877, 0.010513, -0.409905, 0.472735, -0.489599]
[0.660866, 0.010517, -0.41002, 0.472741, -0.4896]
[0.660874, 0.010513, -0.409877, 0.472736, -0.489599]
[0.660858, 0.010514, -0.409752, 0.472737, -0.4896]
[0.660879, 0.010513, -0.409987, 0.472735, -0.4896]
[0.660877, 0.010514, -0.410043, 0.472737, -0.489598]
[0.660869, 0.010518, -0.409984, 0.472739, -0.4896]
[0.660874, 0.010518, -0.409893, 0.472734, -0.489598]
[0.660878, 0.010512, -0.409784, 0.472738, -0.489599]
[0.660872, 0.010518, -0.410002, 0.472735, -0.489598]
[0.660869, 0.010512, -0.409925, 0.472737, -0.489598]
[0.660872, 0.010516, -0.409935, 0.472736, -0.489601]
[0.660858, 0.010516, -0.40985, 0.472739, -0.4896]
[0.660875, 0.010516, -0.409951, 0.472736, -0.489599]
[0.660868, 0.010517, -0.409795, 0.472741, -0.489599]
[0.660874, 0.010511, -0.409948, 0.472741, -0.489598]
[0.660863, 0.010511, -0.4099, 0.472738, -0.489599]
[0.660873, 0.01051, -0.410104, 0.472737, -0.489598]
[0.660865, 0.010516, -0.409787, 0.472736, -0.489601]
[0.660874, 0.010512, -0.409999, 0.472733, -0.4896]
[0.660866, 0.010516, -0.409933, 0.472737, -0.4896]
[0.660874, 0.010517, -0.410107, 0.47274, -0.489598]
[0.660877, 0.010511, -0.409838, 0.472734, -0.4896]
[0.660859, 0.010516, -0.410106, 0.472738, -0.489599]
[0.660868, 0.010511, -0.40975, 0.472741, -0.489599]
[0.660869, 0.010517, -0.409849, 0.472735, -0.489599]
[0.66088, 0.010518, -0.409856, 0.472733, -0.489599]
[0.66086, 0.010512, -0.409777, 0.472737, -0.489599]
[0.660871, 0.010513, -0.409934, 0.472742, -0.489601]
[0.660875, 0.010516, -0.409762, 0.472738, -0.489601]
[0.660874, 0.010514, -0.410058, 0.472741, -0.489599]
[0.660858, 0.010512, -0.410061, 0.47274, -0.489599]
[0.660869, 0.010512, -0.409924, 0.472734, -0.489599]
[0.660861, 0.010512, -0.410019, 0.47274, -0.489599]
[0.660873, 0.010516, -0.409971, 0.472741, -0.4896]
[0.660864, 0.010512, -0.410029, 0.472741, -0.489598]
[0.660876, 0.010513, -0.409823, 0.47274, -0.489601]
[0.660872, 0.010514, -0.410073, 0.472739, -0.489599]
[0.660875, 0.010517, -0.409937, 0.472734, -0.489599]
[0.660864, 0.010516, -0.409923, 0.472733, -0.489599]
[0.660866, 0.010516, -0.409967, 0.47274, -0.489601]
[0.660872, 0.010512, -0.409777, 0.472738, -0.4896]
[0.660867, 0.010512, -0.409832, 0.472739, -0.489599]
[0.660872, 0.010515, -0.409932, 0.472737, -0.4896]
[0.660857, 0.010516, -0.410096, 0.472738, -0.4896]
[0.660872, 0.01051, -0.410095, 0.472736, -0.4896]
[0.660858, 0.010516, -0.409827, 0.472742, -0.489598]
[0.66086, 0.010517, -0.4101, 0.472741, -0.4896]
[0.660869, 0.010513, -0.410009, 0.472738, -0.489598]
[0.660859, 0.010511, -0.40986, 0.472738, -0.489601]
[0.66087, 0.010518, -0.409931, 0.472739, -0.489601]
[0.660879, 0.010518, -0.409995, 0.472737, -0.489599]
[0.660859, 0.010515, -0.409847, 0.472735, -0.489601]
[0.660868, 0.010515, -0.409806, 0.472737, -0.489599]
[0.660873, 0.010517, -0.410026, 0.472738, -0.489599]
[0.660873, 0.010514, -0.410008, 0.472734, -0.489598]
[0.660873, 0.010512, -0.410003, 0.472735, -0.4896]
[0.66086, 0.010518, -0.410002, 0.472739, -0.4896]
[0.660859, 0.010512, -0.409938, 0.472738, -0.489598]
[0.660865, 0.010511, -0.409784, 0.472735, -0.489598]
[0.660879, 0.010517, -0.409979, 0.472736, -0.489599]
[0.660857, 0.010513, -0.409989, 0.472733, -0.489599]
[0.660858, 0.010513, -0.409833, 0.472734, -0.489599]
[0.660861, 0.010515, -0.409985, 0.472734, -0.4896]
[0.660873, 0.010514, -0.409811, 0.472738, -0.4896]
[0.660858, 0.010515, -0.41, 0.472734, -0.489599]
[0.660858, 0.010511, -0.410031, 0.472739, -0.4896]
[0.660862, 0.010518, -0.409819, 0.472739, -0.4896]
[0.660871, 0.010514, -0.409952, 0.472741, -0.489599]
[0.660857, 0.010516, -0.410035, 0.472739, -0.4896]
[0.660859, 0.010516, -0.409864, 0.472735, -0.489598]
[0.66087, 0.010511, -0.40983, 0.472742, -0.489599]
[0.660877, 0.010518, -0.40999, 0.472734, -0.489599]
[0.660869, 0.010517, -0.409774, 0.472741, -0.489599]
[0.660861, 0.010511, -0.410068, 0.472737, -0.489599]
[0.660859, 0.010517, -0.40995, 0.472736, -0.489599]
[0.660861, 0.010517, -0.410008, 0.472736, -0.489601]
[0.660878, 0.010517, -0.409961, 0.472741, -0.489599]
[0.660873, 0.010518, -0.410102, 0.472742, -0.489599]
[0.660872, 0.010516, -0.409819, 0.472734, -0.489599]
[0.660868, 0.010516, -0.409952, 0.472741, -0.489601]
[0.660877, 0.010517, -0.409834, 0.472741, -0.4896]
[0.660875, 0.010517, -0.410074, 0.472735, -0.4896]
[0.66086, 0.010512, -0.410062, 0.472735, -0.4896]
[0.660862, 0.010518, -0.40994, 0.472741, -0.4896]
[0.66087, 0.010517, -0.409784, 0.472739, -0.489598]
[0.660865, 0.010515, -0.410107, 0.472736, -0.4896]
[0.660863, 0.010518, -0.409989, 0.472736, -0.489598]
[0.660865, 0.010513, -0.409935, 0.472737, -0.489599]
[0.660862, 0.01051, -0.41001, 0.472739, -0.489601]
[0.66086, 0.010515, -0.410048, 0.472737, -0.489601]
[0.660866, 0.010517, -0.409802, 0.472734, -0.4896]
[0.660858, 0.010513, -0.41, 0.47274, -0.489598]
[0.660858, 0.010513, -0.409969, 0.472738, -0.489599]
[0.66087, 0.010511, -0.410085, 0.472741, -0.489599]
[0.660865, 0.010513, -0.409797, 0.47274, -0.489601]
[0.660868, 0.010518, -0.410017, 0.472742, -0.489599]
[0.660874, 0.010513, -0.410092, 0.472741, -0.4896]
[0.660867, 0.010517, -0.409803, 0.472736, -0.489598]
[0.660876, 0.010512, -0.410109, 0.472739, -0.489599]
[0.660867, 0.010515, -0.409847, 0.472738, -0.4896]
[0.660863, 0.010512, -0.409766, 0.472737, -0.489598]
[0.660868, 0.010516, -0.410053, 0.47274, -0.489601]
[0.66088, 0.010515, -0.410031, 0.472734, -0.489601]
[0.660862, 0.010512, -0.409756, 0.472734, -0.4896]
[0.660875, 0.010518, -0.409782, 0.472734, -0.4896]
[0.660872, 0.010517, -0.40976, 0.472735, -0.489599]
[0.660872, 0.010515, -0.409976, 0.472735, -0.4896]
[0.660874, 0.010514, -0.41004, 0.472735, -0.489599]
[0.660879, 0.010514, -0.410092, 0.472736, -0.4896]
[0.660867, 0.010516, -0.409988, 0.472739, -0.489599]
[0.660869, 0.01051, -0.409863, 0.472736, -0.489598]
[0.66087, 0.010516, -0.409938, 0.472738, -0.489599]
[0.660874, 0.010518, -0.410103, 0.472742, -0.489599]
[0.660874, 0.010518, -0.410102, 0.472742, -0.489599]
[0.660873, 0.010518, -0.410103, 0.472742, -0.489599]
[0.621383, -0.291197, 0.077142, 0.478086, -0.476356]
[0.601859, -0.149716, -0.067558, 0.489248, -0.475709]
[0.65455, 0.060073, 0.236944, 0.493868, -0.489043]
[0.669331, 0.030103, -0.389187, 0.469107, -0.499739]
[0.664206, 0.20495, 0.249526, 0.465267, -0.454629]
[0.620987, 0.044515, -0.266066, 0.479652, -0.497237]
[0.602198, 0.07665, 0.117359, 0.468243, -0.492314]
[0.670628, 0.372737, 0.09123, 0.456756, -0.499573]
[0.615659, 0.263157, -0.209138, 0.481921, -0.452947]
[0.667665, -0.081246, -0.273805, 0.461795, -0.488376]
[0.652181, 0.105803, -0.115815, 0.453559, -0.477989]
[0.671349, -0.466263, -0.080311, 0.454442, -0.470265]
[0.656143, 0.071661, 0.121937, 0.472353, -0.481032]
[0.603913, -0.420444, -0.217688, 0.465083, -0.495851]
[0.679745, -0.284527, 0.281519, 0.476418, -0.457124]
[0.647326, -0.065855, 0.157232, 0.494561, -0.482877]
[0.607103, -0.19377, -0.37947, 0.478467, -0.472752]
[0.610395, -0.425744, -0.158798, 0.451707, -0.489556]
[0.655684, -0.027902, 0.117704, 0.45373, -0.496042]
[0.655605, -0.20843, 0.414889, 0.4689, -0.452173]
[0.647104, -0.382081, -0.311085, 0.474718, -0.451026]
[0.67048, 0.105158, -0.256954, 0.480275, -0.458554]
[0.645193, 0.240625, -0.148821, 0.489497, -0.468015]
[0.616894, -0.150354, -0.346949, 0.482127, -0.47538]
[0.621923, 0.220081, 0.180595, 0.464342, -0.463613]
[0.649413, -0.339219, -0.436289, 0.467521, -0.470111]
[0.661489, -0.481826, -0.258731, 0.485074, -0.487702]
[0.601251, 0.330079, -0.114074, 0.461079, -0.458847]
[0.642873, 0.436169, -0.489947, 0.483027, -0.478966]
[0.621103, 0.194052, -0.333879, 0.492762, -0.487072]
[0.612485, 0.184164, 0.077584, 0.48607, -0.466428]
[0.670746, -0.20282, 0.408739, 0.475986, -0.492024]
[0.673899, -0.019577, -0.241216, 0.481615, -0.453491]
[0.605633, 0.110616, 0.238575, 0.460819, -0.487956]
[0.673037, 0.208717, -0.023781, 0.481686, -0.484253]
[0.662801, 0.466056, -0.486538, 0.492515, -0.463118]
[0.622203, -0.37959, 0.340391, 0.499042, -0.486195]
[0.670946, 0.114197, -0.302762, 0.493524, -0.49127]
[0.674285, 0.474882, -0.223342, 0.4756, -0.472812]
[0.626981, 0.332794, 0.066669, 0.460682, -0.450329]
[0.626376, 0.319086, 0.428159, 0.464073, -0.478064]
[0.667538, -0.005515, -0.131064, 0.475858, -0.450167]
[0.608893, -0.320362, -0.13961, 0.495949, -0.475128]
[0.675241, -0.100049, -0.359474, 0.490516, -0.499941]
[0.624337, -0.324204, -0.496898, 0.459123, -0.480726]
[0.658513, 0.093898, -0.051539, 0.488472, -0.462674]
[0.612891, 0.192206, -0.325029, 0.461569, -0.453696]
[0.612173, 0.115093, 0.136357, 0.483889, -0.464766]
[0.652163, -0.41246, 0.354276, 0.490018, -0.482752]
[0.658127, -0.435895, -0.43858, 0.47706, -0.46938]
[0.660756, -0.329461, 0.158594, 0.486981, -0.45111]
[0.637699, -0.275086, -0.360811, 0.455573, -0.458796]
[0.60406, -0.258814, 0.31967, 0.454729, -0.497969]
[0.605741, 0.328822, 0.234012, 0.47698, -0.465948]
[0.619061, 0.247422, -0.285462, 0.488097, -0.480462]
[0.62633, 0.260351, 0.165325, 0.493161, -0.468078]
[0.618057, -0.363225, -0.242562, 0.474685, -0.491876]
[0.670081, -0.401481, -0.334054, 0.463981, -0.468314]
[0.613955, 0.391246, 0.298826, 0.468376, -0.485767]
[0.644003, -0.444193, 0.409395, 0.466038, -0.454403]
[0.67133, 0.466914, 0.162428, 0.476337, -0.456757]
[0.610163, -0.42358, 0.3432, 0.489619, -0.452754]
[0.620267, -0.47979, 0.472279, 0.451938, -0.498655]
[0.6285, 0.123881, -0.401543, 0.460144, -0.46393]
[0.638985, 0.000231, 0.053315, 0.496451, -0.478352]
[0.651602, -0.433877, 0.287496, 0.463574, -0.481599]
[0.644577, 0.256092, -0.229064, 0.476731, -0.457162]
[0.661198, 0.449061, -0.250877, 0.489609, -0.492807]
[0.658344, -0.350008, -0.29879, 0.486936, -0.478758]
[0.600285, 0.009572, 0.024704, 0.484012, -0.486373]
[0.655991, 0.213146, -0.077184, 0.467279, -0.492914]
[0.643455, -0.465633, -0.177576, 0.485088, -0.463026]
[0.66281, 0.347495, -0.460512, 0.472116, -0.488911]
[0.602417, 0.2826, -0.269041, 0.465732, -0.496444]
[0.676311, -0.406283, 0.370017, 0.484968, -0.463815]
[0.624684, -0.119993, 0.438193, 0.45812, -0.473797]
[0.626987, 0.040293, -0.109166, 0.470947, -0.461012]
[0.667815, 0.229583, -0.294298, 0.482173, -0.470487]
[0.650722, 0.141284, -0.396189, 0.491296, -0.484181]
[0.64749, -0.344046, -0.025776, 0.493394, -0.487393]
[0.654577, 0.163155, -0.162447, 0.495034, -0.459746]
[0.611154, -0.187071, -0.273634, 0.46898, -0.47709]
[0.630804, 0.32401, -0.23386, 0.467329, -0.453442]
[0.672328, 0.486619, 0.094821, 0.483949, -0.484461]
[0.619395, 0.111827, -0.418057, 0.459733, -0.470808]
[0.605971, -0.407877, -0.395811, 0.456862, -0.487758]
[0.622332, -0.481787, -0.222519, 0.458937, -0.489277]
[0.617657, -0.187178, -0.050683, 0.468115, -0.475061]
[0.658605, -0.47651, -0.26976, 0.484795, -0.493938]
[0.638954, 0.316332, 0.043347, 0.451601, -0.498295]
[0.615801, 0.454802, 0.471635, 0.472468, -0.483666]
[0.642704, 0.39829, 0.061582, 0.484454, -0.475294]
[0.6568, -0.384943, 0.387594, 0.477327, -0.482316]
[0.632439, -0.093374, -0.219079, 0.471812, -0.475301]
[0.600649, 0.206747, -0.413741, 0.463921, -0.497522]
[0.673309, -0.221399, -0.115654, 0.454304, -0.458398]
[0.655959, 0.234936, -0.018763, 0.483472, -0.498359]
[0.626411, 0.199272, -0.240672, 0.472846, -0.488407]
[0.629583, 0.115179, -0.496269, 0.458082, -0.464617]
[0.60648, 0.086987, -0.108638, 0.491173, -0.478044]
[0.654178, 0.036466, 0.421138, 0.462803, -0.452594]
[0.62411, -0.183398, 0.419618, 0.455982, -0.458952]
[0.601199, -0.490532, -0.023092, 0.481302, -0.469834]
[0.665452, 0.474256, 0.486903, 0.458411, -0.460615]
[0.641791, -0.384261, 0.14608, 0.473377, -0.463056]
[0.628622, 0.256609, 0.060137, 0.45628, -0.48254]
[0.653667, 0.364827, 0.283483, 0.463378, -0.475206]
[0.60631, -0.453466, 0.331277, 0.459033, -0.463027]
[0.673082, 0.155471, 0.116441, 0.475002, -0.451163]
[0.675597, -0.121468, 0.435326, 0.455966, -0.45415]
[0.620494, -0.413244, 0.087827, 0.475681, -0.480725]
[0.613031, 0.069684, 0.431777, 0.494174, -0.475709]
[0.60568, -0.23843, 0.174089, 0.472171, -0.481406]
[0.613397, -0.318135, -0.286169, 0.475149, -0.46188]
[0.648582, 0.189497, 0.426408, 0.491923, -0.455905]
[0.605082, -0.433995, 0.090779, 0.467597, -0.460232]
[0.645095, 0.059403, 0.448434, 0.468882, -0.453966]
[0.607123, 0.352476, 0.163861, 0.493153, -0.499245]
[0.660722, 0.403175, 0.213844, 0.475125, -0.482294]
[0.626406, 0.098256, 0.385846, 0.458451, -0.4863]
[0.642503, -0.23434, 0.209266, 0.474549, -0.465431]
[0.654261, -0.087175, -0.325281, 0.49383, -0.477283]
[0.618757, 0.333768, -0.30909, 0.4659, -0.464418]
[0.633103, 0.094426, 0.012121, 0.464936, -0.47732]
[0.642351, -0.300492, -0.026558, 0.472783, -0.467205]
[0.677531, -0.385954, 0.287803, 0.473642, -0.469883]
[0.639061, -0.271694, 0.428387, 0.498624, -0.467427]
[0.666003, 0.135723, 0.452741, 0.466248, -0.481627]
[0.615993, 0.355227, -0.324483, 0.497588, -0.459483]
[0.633666, -0.087329, 0.321822, 0.464508, -0.489188]
[0.611704, -0.433831, 0.028465, 0.476168, -0.488787]
[0.62629, 0.021274, -0.171737, 0.489117, -0.493859]
[0.6139, -0.027603, -0.10152, 0.466901, -0.468254]
[0.621551, -0.243234, -0.392948, 0.470426, -0.489635]
[0.618072, 0.195511, 0.358058, 0.464182, -0.453672]
[0.637107, 0.017725, -0.085773, 0.465165, -0.476221]
[0.631219, 0.200733, 0.063909, 0.482481, -0.46436]
[0.661303, -0.254379, -0.075809, 0.450635, -0.453319]
[0.632127, -0.332299, -0.48262, 0.477616, -0.484908]
[0.619151, -0.435019, 0.407462, 0.48422, -0.464203]
[0.602812, 0.391682, 0.018319, 0.476504, -0.478767]
[0.601959, 0.484268, -0.387818, 0.479998, -0.475053]
[0.664457, 0.372788, 0.412194, 0.494284, -0.469286]
[0.629445, -0.396179, 0.318004, 0.468486, -0.469739]
[0.611233, -0.370665, 0.106939, 0.467377, -0.497083]
[0.629686, -0.055311, -0.346649, 0.486697, -0.49049]
[0.650756, 0.457818, 0.493175, 0.492379, -0.477775]
[0.646896, 0.028418, 0.190629, 0.47282, -0.450884]
[0.65389, 0.060146, 0.445016, 0.45213, -0.498057]
[0.605849, 0.108469, -0.203809, 0.485568, -0.46293]
[0.600661, 0.001563, 0.012236, 0.48447, -0.48609]
[0.600057, 0.014207, 0.026077, 0.484332, -0.486202]
[0.600116, 0.015442, 0.024396, 0.484502, -0.486305]
[0.600448, 0.013532, 0.017812, 0.484253, -0.486179]
[0.600436, 0.012907, 0.014186, 0.484465, -0.486367]
[0.600063, 0.015941, -0.000747, 0.484612, -0.486202]
[0.600582, 0.002838, 0.016554, 0.484391, -0.486351]
[0.600264, 0.016137, -0.002596, 0.484468, -0.486237]
[0.600224, 0.015545, 0.020723, 0.483808, -0.485951]
[0.600059, 0.005276, -0.008381, 0.4845, -0.486088]
[0.600557, 0.0054, 0.010338, 0.484576, -0.486089]
[0.600276, 0.007884, 0.004299, 0.483921, -0.486354]
[0.6002, 0.008648, 0.008373, 0.484268, -0.486225]
[0.600111, 0.007143, -0.009077, 0.484178, -0.486181]
[0.600375, 0.008126, 0.009682, 0.484022, -0.486279]
[0.600147, 0.004532, -0.003885, 0.483952, -0.486014]
[0.600602, 0.00895, -0.009999, 0.484508, -0.486127]
[0.600214, 0.004172, -0.006094, 0.483944, -0.486418]
[0.600706, 0.01633, 0.017243, 0.484039, -0.486294]
[0.600469, 0.002311, 0.017765, 0.484416, -0.486221]
[0.60042, 0.016246, 0.01226, 0.484435, -0.486414]
[0.600436, 0.008491, 0.001378, 0.484361, -0.486212]
[0.600246, 0.010557, 0.007969, 0.484376, -0.486202]
[0.600495, 0.012387, 0.009782, 0.484277, -0.486343]
[0.600123, 0.005668, -0.001189, 0.484609, -0.486071]
[0.600676, 0.014969, 0.025804, 0.48437, -0.486321]
[0.600541, 0.003001, -0.00498, 0.484046, -0.486439]
[0.600362, 0.011316, 0.020317, 0.48461, -0.486204]
[0.600259, 0.007026, -0.004667, 0.484226, -0.486282]
[0.600153, 0.01057, -0.003188, 0.484207, -0.486246]
[0.600464, 0.015085, -0.000546, 0.483865, -0.486192]
[0.60047, 0.010481, 0.009046, 0.483938, -0.486285]
[0.60023, 0.013952, -0.010564, 0.48451, -0.486215]
[0.600522, 0.011437, 0.012957, 0.483926, -0.486099]
[0.600461, 0.006352, 0.006305, 0.484075, -0.486377]
[0.600135, 0.005282, 0.005241, 0.484239, -0.486246]
[0.600611, 0.00927, -0.000215, 0.484595, -0.486236]
[0.600611, 0.015188, -0.005251, 0.483999, -0.486006]
[0.600108, 0.01118, -0.010169, 0.483946, -0.486393]
[0.600494, 0.016313, 0.004754, 0.483975, -0.485949]
[0.600478, 0.003832, 7.7e-05, 0.484453, -0.485985]
[0.600267, 0.010477, -0.006012, 0.484188, -0.48595]
[0.600024, 0.015283, 0.019187, 0.484342, -0.486232]
[0.600064, 0.000821, 0.002006, 0.484095, -0.486243]
[0.600519, 0.012219, 0.011286, 0.484293, -0.485982]
[0.60004, 0.012131, 0.012273, 0.484399, -0.486339]
[0.600195, 0.013762, 0.006013, 0.484252, -0.486165]
[0.600265, 0.002587, 0.004068, 0.484052, -0.485996]
[0.600505, 0.013492, 0.011816, 0.48458, -0.486088]
[0.600588, 0.01625, 0.025335, 0.484054, -0.48603]
[0.600026, 0.015732, 0.015097, 0.484343, -0.486403]
[0.600068, 0.00923, 0.024086, 0.483845, -0.48606]
[0.600207, 0.00739, -0.00088, 0.483919, -0.486398]
[0.600507, 0.006788, -0.00857, 0.484456, -0.486069]
[0.600178, 0.010317, -0.007811, 0.484444, -0.485957]
[0.600684, 0.014287, 0.01472, 0.484565, -0.48619]
[0.600427, 0.007705, -0.003424, 0.484083, -0.486438]
[0.60006, 0.01292, -0.007096, 0.484493, -0.48634]
[0.600198, 0.00536, 0.017246, 0.484315, -0.486144]
[0.600317, 0.012271, 0.014475, 0.484296, -0.485957]
[0.600756, 0.00129, 0.008834, 0.483819, -0.486357]
[0.600239, 0.014985, 0.020468, 0.483917, -0.486172]
[0.600237, 0.013133, 0.012659, 0.484607, -0.486161]
[0.600184, 0.009297, 0.006912, 0.484595, -0.486433]
[0.60065, 0.012417, -0.009459, 0.484447, -0.486011]
[0.600179, 0.01502, -0.009268, 0.484398, -0.486038]
[0.600367, 0.010142, 0.002968, 0.484032, -0.486182]
[0.600598, 0.004413, 0.016461, 0.484077, -0.48639]
[0.600623, 0.003113, 0.024229, 0.483884, -0.486103]
[0.600307, 0.006398, 0.016193, 0.484462, -0.486295]
[0.600764, 0.009543, 0.003769, 0.484509, -0.486226]
[0.600762, 0.015031, -0.001152, 0.483854, -0.486342]
[0.600248, 0.014488, 0.01275, 0.483998, -0.486317]
[0.600526, 0.015299, -0.000458, 0.484564, -0.485964]
[0.60041, 0.002549, 0.020784, 0.484334, -0.486225]
[0.600672, 0.008526, -0.000613, 0.484395, -0.486009]
[0.600711, 0.013196, 0.005979, 0.484502, -0.486327]
[0.600194, 0.004591, -0.008837, 0.484227, -0.486185]
[0.600676, 0.009784, 0.021876, 0.484202, -0.486363]
[0.600729, 0.004479, 0.013158, 0.484369, -0.486435]
[0.600021, 0.011391, -0.005516, 0.48456, -0.486172]
[0.600013, 0.005017, 0.000662, 0.48424, -0.486386]
[0.600463, 0.000783, 0.0144, 0.484583, -0.485999]
[0.600066, 0.008363, 0.001105, 0.484161, -0.486155]
[0.600518, 0.012359, 0.006638, 0.483935, -0.486281]
[0.600244, 0.010945, -0.007337, 0.48409, -0.486143]
[0.600472, 0.008218, 0.020741, 0.484397, -0.486385]
[0.600592, 0.010056, 0.012352, 0.484516, -0.486287]
[0.600236, 0.010196, 0.018923, 0.483998, -0.486293]
[0.600746, 0.005534, 0.011571, 0.483905, -0.486321]
[0.600167, 0.007513, 0.009401, 0.484004, -0.485992]
[0.600152, 0.00157, -0.009985, 0.484249, -0.486069]
[0.600504, 0.012127, 0.005455, 0.484316, -0.486109]
[0.600612, 0.011455, -0.00082, 0.484324, -0.486107]
[0.60007, 0.015988, -0.007379, 0.484366, -0.486325]
[0.600522, 0.006176, -0.003183, 0.483824, -0.486442]
[0.600331, 0.011422, 0.014976, 0.48422, -0.486263]
[0.600266, 0.001875, 0.007729, 0.483954, -0.486163]
[0.600756, 0.002057, 0.017114, 0.484489, -0.486361]
[0.600185, 0.006596, 0.020963, 0.48455, -0.485949]
[0.600418, 0.012434, 0.01217, 0.484564, -0.48604]
[0.600653, 0.009208, -0.000507, 0.483948, -0.485992]
[0.600737, 0.01502, 0.003092, 0.483991, -0.486086]
[0.600756, 0.009556, 0.014948, 0.484447, -0.486231]
[0.600403, 0.003391, -0.009547, 0.48412, -0.486271]
[0.600474, 0.012166, 0.020379, 0.484057, -0.486301]
[0.600486, 0.013632, 0.016147, 0.483986, -0.486251]
[0.600416, 0.013904, -0.002698, 0.484424, -0.486435]
[0.600134, 0.010227, 0.019332, 0.484017, -0.486213]
[0.600488, 0.012519, 0.003494, 0.483863, -0.486087]
[0.600377, 0.006568, 0.022934, 0.484054, -0.486324]
[0.60077, 0.0154, -0.001668, 0.483825, -0.486326]
[0.60061, 0.008769, 0.005267, 0.484582, -0.486097]
[0.600607, 0.010637, 0.003861, 0.484575, -0.486164]
[0.600561, 0.009756, 0.00433, 0.483913, -0.486312]
[0.600017, 0.004907, 0.00592, 0.484497, -0.48638]
[0.600331, 0.015634, 0.007222, 0.484589, -0.486325]
[0.600168, 0.015335, -0.005567, 0.48438, -0.486194]
[0.600036, 0.013791, -0.002085, 0.484333, -0.486298]
[0.600611, 0.002493, 0.023052, 0.484423, -0.486169]
[0.600426, 0.003589, 0.001396, 0.484459, -0.486209]
[0.600469, 0.007726, -0.009987, 0.484314, -0.486291]
[0.600433, 0.005189, 0.026786, 0.484188, -0.486301]
[0.600572, 0.00509, 0.001971, 0.484399, -0.486372]
[0.600281, 0.007554, -0.002353, 0.483982, -0.486062]
[0.600232, 0.000944, 0.026531, 0.484055, -0.486216]
[0.600093, 0.001401, 0.000301, 0.484417, -0.486441]
[0.600563, 0.00616, 0.0103, 0.483825, -0.486185]
[0.600732, 0.011545, -0.003366, 0.484432, -0.486232]
[0.600015, 0.01458, 0.003143, 0.484155, -0.48618]
[0.600173, 0.003443, 0.003554, 0.484229, -0.486102]
[0.600022, 0.013074, 0.006763, 0.484116, -0.486411]
[0.60064, 0.001484, -0.00745, 0.484424, -0.486117]
[0.600539, 0.003784, 0.000712, 0.484337, -0.485953]
[0.600169, 0.001247, 0.017837, 0.484317, -0.486016]
[0.600071, 0.012084, 0.015651, 0.484418, -0.486006]
[0.600435, 0.006314, -0.005989, 0.484108, -0.486343]
[0.60006, 0.001131, 0.008762, 0.48419, -0.485998]
[0.600115, 0.003257, 0.019778, 0.484601, -0.486019]
[0.600413, 0.004964, 0.007636, 0.484088, -0.486147]
[0.600296, 0.012051, -0.000636, 0.484119, -0.486316]
[0.60076, 0.00853, 0.001795, 0.484078, -0.48636]
[0.600368, 0.013098, 0.026645, 0.484435, -0.486252]
[0.600621, 0.008391, 0.015077, 0.484226, -0.486182]
[0.600118, 0.01234, -0.001888, 0.484601, -0.48619]
[0.600282, 0.007392, 0.006132, 0.484115, -0.486142]
[0.60074, 0.008676, 0.015804, 0.484309, -0.486305]
[0.600691, 0.013818, 0.011191, 0.484485, -0.486388]
[0.60062, 0.005652, 0.005282, 0.484258, -0.486163]
[0.60034, 0.015988, 0.003069, 0.483908, -0.486014]
[0.600259, 0.007, -0.004879, 0.484219, -0.486282]
[0.60026, 0.007052, -0.004336, 0.484216, -0.486282]
[0.60026, 0.007009, -0.004694, 0.4842, -0.486282]
[0.60026, 0.006986, -0.004639, 0.484207, -0.486282]
[0.60026, 0.007016, -0.004537, 0.484206, -0.486282]
[0.600261, 0.007007, -0.00466, 0.484219, -0.486282]
[0.600259, 0.007052, -0.004678, 0.484209, -0.486282]
[0.600259, 0.007015, -0.004765, 0.484203, -0.486282]
[0.600261, 0.007043, -0.004664, 0.484202, -0.486282]
[0.600259, 0.007036, -0.004648, 0.484211, -0.486282]
[0.60026, 0.007021, -0.004306, 0.484213, -0.486282]
[0.600259, 0.006986, -0.004902, 0.484227, -0.486282]
[0.60026, 0.006988, -0.004486, 0.484206, -0.486282]
[0.60026, 0.007034, -0.004813, 0.484226, -0.486282]
[0.600259, 0.007011, -0.004586, 0.484224, -0.486282]
[0.60026, 0.006981, -0.004367, 0.484206, -0.486282]
[0.600261, 0.007011, -0.004393, 0.484222, -0.486282]
[0.60026, 0.006995, -0.004694, 0.484222, -0.486282]
[0.60026, 0.007005, -0.004869, 0.484203, -0.486282]
[0.600259, 0.006984, -0.004639, 0.484227, -0.486282]
[0.60026, 0.006993, -0.004867, 0.48421, -0.486282]
[0.600261, 0.006982, -0.004587, 0.484221, -0.486282]
[0.60026, 0.00702, -0.004864, 0.484199, -0.486282]
[0.600261, 0.006984, -0.004817, 0.484222, -0.486282]
[0.600261, 0.00706, -0.004589, 0.484218, -0.486282]
[0.60026, 0.007027, -0.004668, 0.484217, -0.486282]
[0.60026, 0.007007, -0.004864, 0.484221, -0.486282]
[0.600259, 0.00699, -0.004676, 0.484224, -0.486282]
[0.600259, 0.007004, -0.004631, 0.484202, -0.486282]
[0.600259, 0.007013, -0.004602, 0.484217, -0.486282]
[0.600259, 0.006996, -0.004402, 0.484201, -0.486282]
[0.600261, 0.006992, -0.004828, 0.484225, -0.486282]
[0.600259, 0.00698, -0.004469, 0.484219, -0.486282]
[0.60026, 0.00703, -0.004536, 0.484212, -0.486282]
[0.60026, 0.007012, -0.004423, 0.484224, -0.486282]
[0.600261, 0.007041, -0.004792, 0.484227, -0.486282]
[0.600259, 0.007038, -0.004536, 0.484219, -0.486282]
[0.60026, 0.007028, -0.004467, 0.4842, -0.486282]
[0.600259, 0.007058, -0.004401, 0.484214, -0.486282]
[0.60026, 0.006992, -0.004854, 0.484198, -0.486282]
[0.60026, 0.00705, -0.004725, 0.484217, -0.486282]
[0.600259, 0.006986, -0.004486, 0.484209, -0.486282]
[0.60026, 0.007002, -0.004604, 0.484211, -0.486282]
[0.60026, 0.007031, -0.004376, 0.48421, -0.486282]
[0.600259, 0.007022, -0.004786, 0.484222, -0.486282]
[0.600259, 0.007, -0.004339, 0.484224, -0.486282]
[0.600261, 0.007039, -0.004893, 0.484207, -0.486282]
[0.60026, 0.00698, -0.004917, 0.484199, -0.486282]
[0.60026, 0.007032, -0.004811, 0.484225, -0.486282]
[0.60026, 0.007055, -0.004698, 0.484226, -0.486282]
[0.60026, 0.006999, -0.004905, 0.484208, -0.486282]
[0.60026, 0.006995, -0.0045, 0.484208, -0.486282]
[0.600259, 0.007015, -0.004717, 0.48422, -0.486282]
[0.60026, 0.007029, -0.004574, 0.484219, -0.486282]
[0.60026, 0.006994, -0.004796, 0.484214, -0.486282]
[0.60026, 0.007004, -0.004357, 0.484225, -0.486282]
[0.600259, 0.007025, -0.004602, 0.484207, -0.486282]
[0.600261, 0.007021, -0.004732, 0.484219, -0.486282]
[0.60026, 0.007006, -0.004455, 0.484216, -0.486282]
[0.60026, 0.006994, -0.004362, 0.484215, -0.486282]
[0.600261, 0.007046, -0.004814, 0.484216, -0.486282]
[0.600261, 0.007007, -0.004335, 0.484207, -0.486282]
[0.600261, 0.00704, -0.004822, 0.484211, -0.486282]
[0.60026, 0.007001, -0.004727, 0.484201, -0.486282]
[0.60026, 0.007021, -0.004379, 0.484203, -0.486282]
[0.60026, 0.00701, -0.004713, 0.484221, -0.486282]
[0.600261, 0.006984, -0.004732, 0.484225, -0.486282]
[0.60026, 0.007033, -0.004806, 0.484211, -0.486282]
[0.60026, 0.00701, -0.004317, 0.484212, -0.486282]
[0.60026, 0.007058, -0.004919, 0.484199, -0.486282]
[0.600259, 0.006985, -0.004526, 0.484217, -0.486282]
[0.600259, 0.007033, -0.004801, 0.484208, -0.486282]
[0.60026, 0.007054, -0.004572, 0.484218, -0.486282]
[0.600259, 0.007025, -0.004664, 0.484212, -0.486282]
[0.600259, 0.007021, -0.004511, 0.48422, -0.486282]
[0.600261, 0.007047, -0.004811, 0.484207, -0.486282]
[0.60026, 0.007034, -0.004569, 0.484215, -0.486282]
[0.60026, 0.007025, -0.004324, 0.484224, -0.486282]
[0.600261, 0.007022, -0.004565, 0.484206, -0.486282]
[0.60026, 0.007002, -0.004734, 0.484206, -0.486282]
[0.60026, 0.006982, -0.004624, 0.484224, -0.486282]
[0.600261, 0.007027, -0.00452, 0.484221, -0.486282]
[0.600261, 0.007038, -0.004744, 0.484222, -0.486282]
[0.600261, 0.007055, -0.004418, 0.48422, -0.486282]
[0.600259, 0.007053, -0.004664, 0.484221, -0.486282]
[0.600261, 0.007038, -0.004845, 0.484217, -0.486282]
[0.600259, 0.006986, -0.004295, 0.484209, -0.486282]
[0.600259, 0.007042, -0.004599, 0.484219, -0.486282]
[0.60026, 0.007011, -0.004823, 0.484201, -0.486282]
[0.60026, 0.007037, -0.004539, 0.484215, -0.486282]
[0.60026, 0.007026, -0.004526, 0.484222, -0.486282]
[0.60026, 0.006991, -0.004385, 0.484213, -0.486282]
[0.600259, 0.007054, -0.00457, 0.484202, -0.486282]
[0.60026, 0.006991, -0.004567, 0.484215, -0.486282]
[0.60026, 0.007011, -0.00472, 0.484214, -0.486282]
[0.600261, 0.007003, -0.00449, 0.48421, -0.486282]
[0.600259, 0.006991, -0.004893, 0.484222, -0.486282]
[0.600259, 0.007006, -0.004726, 0.484203, -0.486282]
[0.60026, 0.006996, -0.004411, 0.48422, -0.486282]
[0.60026, 0.006986, -0.004535, 0.484213, -0.486282]
[0.600259, 0.007051, -0.004428, 0.484225, -0.486282]
[0.60026, 0.007047, -0.004319, 0.484206, -0.486282]
[0.60026, 0.007046, -0.004587, 0.484219, -0.486282]
[0.60026, 0.007005, -0.004841, 0.484202, -0.486282]
[0.60026, 0.007061, -0.0044, 0.484218, -0.486282]
[0.600259, 0.006989, -0.004517, 0.484215, -0.486282]
[0.600259, 0.007029, -0.004627, 0.4842, -0.486282]
[0.60026, 0.006995, -0.004435, 0.484216, -0.486282]
[0.60026, 0.007019, -0.004782, 0.484223, -0.486282]
[0.600259, 0.006985, -0.004826, 0.484214, -0.486282]
[0.60026, 0.006998, -0.004346, 0.484212, -0.486282]
[0.600259, 0.006991, -0.004336, 0.484227, -0.486282]
[0.60026, 0.007002, -0.004389, 0.484214, -0.486282]
[0.60026, 0.007038, -0.004566, 0.484205, -0.486282]
[0.60026, 0.007044, -0.004508, 0.484211, -0.486282]
[0.600259, 0.006989, -0.004826, 0.484211, -0.486282]
[0.60026, 0.006988, -0.004399, 0.484225, -0.486282]
[0.60026, 0.007051, -0.004545, 0.4842, -0.486282]
[0.600261, 0.006984, -0.004751, 0.484219, -0.486282]
[0.60026, 0.00701, -0.00478, 0.484209, -0.486282]
[0.60026, 0.007027, -0.004435, 0.484216, -0.486282]
[0.60026, 0.007029, -0.00464, 0.484223, -0.486282]
[0.600259, 0.007054, -0.004563, 0.484218, -0.486282]
[0.60026, 0.006984, -0.00446, 0.484215, -0.486282]
[0.600259, 0.007, -0.004709, 0.484205, -0.486282]
[0.60026, 0.007014, -0.004723, 0.484201, -0.486282]
[0.60026, 0.007013, -0.004482, 0.48422, -0.486282]
[0.600259, 0.007001, -0.004641, 0.484218, -0.486282]
[0.600261, 0.007022, -0.004479, 0.484222, -0.486282]
[0.600261, 0.007018, -0.004652, 0.484225, -0.486282]
[0.600259, 0.007053, -0.004537, 0.484219, -0.486282]
[0.600259, 0.007034, -0.004739, 0.484207, -0.486282]
[0.600261, 0.007043, -0.00481, 0.484222, -0.486282]
[0.600259, 0.006985, -0.004826, 0.484202, -0.486282]
[0.600259, 0.007008, -0.004516, 0.4842, -0.486282]
[0.60026, 0.007018, -0.004835, 0.484226, -0.486282]
[0.60026, 0.007007, -0.004529, 0.484204, -0.486282]
[0.600259, 0.00703, -0.004826, 0.484216, -0.486282]
[0.60026, 0.006982, -0.004391, 0.484227, -0.486282]
[0.600261, 0.006998, -0.004827, 0.484214, -0.486282]
[0.600261, 0.007017, -0.004505, 0.484199, -0.486282]
[0.600259, 0.00698, -0.004299, 0.484218, -0.486282]
[0.600261, 0.007012, -0.004507, 0.484222, -0.486282]
[0.60026, 0.006989, -0.004776, 0.484218, -0.486282]
[0.600261, 0.007001, -0.004714, 0.484211, -0.486282]
[0.600259, 0.007036, -0.004328, 0.484225, -0.486282]
[0.600259, 0.007042, -0.004626, 0.484219, -0.486282]
[0.60026, 0.007001, -0.004355, 0.484208, -0.486282]
[0.600261, 0.007059, -0.004665, 0.484208, -0.486282]
[0.60026, 0.007059, -0.004594, 0.484216, -0.486282]
[0.600261, 0.006983, -0.004587, 0.484221, -0.486282]
[0.600261, 0.006983, -0.004588, 0.484221, -0.486282]
[0.600261, 0.006983, -0.004584, 0.484221, -0.486282]
[0.600261, 0.006982, -0.004588, 0.484221, -0.486282]
[0.600261, 0.006982, -0.004585, 0.484221, -0.486282]
[0.600261, 0.006983, -0.004586, 0.484221, -0.486282]
[0.600261, 0.006983, -0.004585, 0.484221, -0.486282]
[0.600261, 0.006982, -0.004584, 0.484221, -0.486282]
[0.600261, 0.006983, -0.004589, 0.484221, -0.486282]
[0.600261, 0.006982, -0.004589, 0.484221, -0.486282]
[0.600261, 0.006982, -0.004586, 0.484221, -0.486282]
[0.634031, -0.196979, 0.181593, 0.47504, -0.450922]
[0.650104, 0.00263, -0.480651, 0.474726, -0.472666]
[0.644595, 0.486133, -0.056669, 0.470576, -0.486229]
[0.636995, 0.458985, 0.458041, 0.452166, -0.493217]
[0.623442, -0.114311, 0.389492, 0.475475, -0.478682]
[0.649458, -0.4812, 0.28413, 0.484617, -0.457911]
[0.644568, -0.360211, -0.156703, 0.453585, -0.462389]
[0.67305, 0.176362, -0.373324, 0.483966, -0.468006]
[0.669254, 0.205412, -0.189362, 0.461189, -0.477317]
[0.621428, -0.291959, -0.400595, 0.451793, -0.470987]
[0.637722, -0.386005, 0.015303, 0.495477, -0.477444]
[0.600573, -0.425714, -0.184967, 0.491599, -0.477262]
[0.675152, 0.064143, 0.41551, 0.474533, -0.488866]
[0.60689, -0.345886, -0.098088, 0.481182, -0.47134]
[0.634342, 0.220629, 0.04832, 0.456394, -0.489813]
[0.659599, -0.479841, 0.002561, 0.479575, -0.469976]
[0.670269, -0.425705, -0.030237, 0.456628, -0.482183]
[0.669833, -0.450079, 0.398108, 0.467373, -0.499056]
[0.625956, -0.453783, -0.143609, 0.460385, -0.455241]
[0.615478, -0.1879, 0.012373, 0.496757, -0.451748]
[0.602767, 0.258173, 0.197952, 0.498712, -0.463059]
[0.620937, -0.462301, -0.314178, 0.486759, -0.495853]
[0.663898, -0.245976, 0.247245, 0.49111, -0.460179]
[0.643838, 0.120528, -0.04907, 0.459216, -0.4508]
[0.603408, 0.010145, -0.137639, 0.452362, -0.466694]
[0.607395, -0.46301, -0.333562, 0.487804, -0.471907]
[0.633279, 0.487167, 0.43778, 0.453923, -0.454115]
[0.622005, 0.266482, -0.124391, 0.493631, -0.49522]
[0.648057, -0.143535, 0.047163, 0.486672, -0.457506]
[0.625541, 0.418127, 0.11758, 0.455197, -0.484574]
[0.642363, -0.323564, -0.331567, 0.457633, -0.49816]
[0.659629, -0.49517, -0.003169, 0.479504, -0.467556]
[0.654419, 0.087505, -0.072019, 0.476475, -0.477709]
[0.654269, -0.399157, 0.228384, 0.496723, -0.483022]
[0.614843, 0.439422, 0.043847, 0.481258, -0.451281]
[0.610268, 0.06464, -0.456119, 0.484964, -0.491527]
[0.623323, -0.220035, -0.198331, 0.490564, -0.468782]
[0.619772, -0.095747, 0.496391, 0.497961, -0.473359]
[0.619901, 0.33374, -0.180715, 0.456148, -0.493027]
[0.672761, 0.299083, -0.232296, 0.480335, -0.488611]
[0.66746, 0.023187, -0.005254, 0.456618, -0.491882]
[0.614392, -0.24553, -0.360609, 0.467933, -0.457156]
[0.66092, 0.150756, 0.097492, 0.477553, -0.470591]
[0.646394, 0.257073, 0.136158, 0.475664, -0.497748]
[0.651939, -0.36127, -0.476257, 0.451858, -0.499362]
[0.617641, 0.109363, -0.006536, 0.454221, -0.476411]
[0.600581, 0.101255, -0.404802, 0.46008, -0.482581]
[0.645798, -0.260004, -0.130319, 0.489756, -0.464541]
[0.628824, -0.403906, -0.464346, 0.497444, -0.471774]
[0.608896, -0.387459, -0.261096, 0.494905, -0.485467]
[0.648438, 0.33567, 0.02104, 0.475993, -0.477511]
[0.624831, -0.479959, -0.395267, 0.470025, -0.499109]
[0.621021, -0.126054, -0.460436, 0.495167, -0.495234]
[0.627271, 0.067028, -0.063475, 0.474423, -0.454483]
[0.640315, -0.270723, -0.46115, 0.458695, -0.475037]
[0.653997, 0.333962, 0.496906, 0.470568, -0.464408]
[0.625721, -0.178475, -0.328423, 0.478853, -0.499483]
[0.671897, 0.371534, 0.292405, 0.450973, -0.496726]
[0.62119, -0.177235, -0.099777, 0.496383, -0.485418]
[0.651311, 0.363881, -0.096862, 0.451083, -0.493897]
[0.662282, -0.030158, 0.033728, 0.481385, -0.491493]
[0.671834, 0.481164, 0.29962, 0.49405, -0.465234]
[0.656348, 0.386655, -0.347884, 0.457576, -0.457337]
[0.672434, -0.245333, -0.169002, 0.493504, -0.493831]
[0.623703, -0.390183, 0.326556, 0.467086, -0.454315]
[0.635, 0.311684, -0.332531, 0.4836, -0.496943]
[0.652229, -0.230968, 0.078751, 0.489385, -0.453983]
[0.637588, 0.443062, 0.373944, 0.471131, -0.481486]
[0.609639, -0.228089, -0.150951, 0.474172, -0.461555]
[0.636617, -0.367684, -0.231809, 0.496166, -0.490787]
[0.663685, -0.271186, -0.323415, 0.488847, -0.490742]
[0.64734, 0.315088, -0.357573, 0.455928, -0.465648]
[0.657536, -0.135958, -0.34927, 0.456338, -0.460074]
[0.649587, -0.432893, 0.438593, 0.484516, -0.464127]
[0.652489, -0.003405, 0.451709, 0.474487, -0.483302]
[0.622109, 0.380508, -0.040992, 0.469284, -0.457309]
[0.663575, -0.123728, 0.320967, 0.457263, -0.455889]
[0.611188, -0.23131, 0.0342, 0.45882, -0.465673]
[0.675744, -0.30474, 0.272572, 0.461027, -0.469561]
[0.606006, 0.18105, -0.259375, 0.48046, -0.49997]
[0.65549, -0.258706, -0.121056, 0.497195, -0.458633]
[0.629755, -0.461802, 0.263475, 0.491213, -0.461717]
[0.621028, 0.226609, 0.356614, 0.476531, -0.499955]
[0.604176, -0.273783, -0.319395, 0.475827, -0.486515]
[0.628864, 0.186017, 0.295462, 0.49722, -0.498904]
[0.635724, -0.467283, -0.402088, 0.451437, -0.497618]
[0.619449, 0.403497, -0.226149, 0.480401, -0.483494]
[0.611857, 0.461191, 0.105205, 0.477207, -0.470137]
[0.658204, 0.323451, 0.307979, 0.496347, -0.483683]
[0.666409, -0.100461, 0.010734, 0.499231, -0.480578]
[0.669466, 0.271928, 0.388046, 0.464983, -0.466194]
[0.63414, 0.386346, 0.089653, 0.476917, -0.485511]
[0.635605, -0.081852, -0.380303, 0.47588, -0.483664]
[0.601456, -0.396122, 0.355734, 0.499795, -0.484853]
[0.61033, 0.454755, -0.02756, 0.471982, -0.497141]
[0.661897, -0.250272, -0.438334, 0.468248, -0.479709]
[0.670529, -0.424731, -0.335449, 0.451714, -0.490877]
[0.677231, -0.398378, -0.088197, 0.483183, -0.487597]
[0.629128, 0.155387, -0.087575, 0.498, -0.496766]
[0.661156, -0.38012, 0.478426, 0.486198, -0.450147]
[0.653296, -0.064641, -0.317933, 0.491332, -0.465568]
[0.618786, 0.301165, 0.056336, 0.466074, -0.473762]
[0.677716, 0.233099, 0.483174, 0.469239, -0.466979]
[0.662065, 0.242297, 0.117505, 0.461255, -0.470633]
[0.616131, 0.116471, -0.366863, 0.472954, -0.498605]
[0.603961, -0.248906, -0.133335, 0.456702, -0.49897]
[0.636518, 0.446191, 0.349389, 0.454423, -0.458458]
[0.601863, -0.079406, -0.173085, 0.477411, -0.495512]
[0.673917, -0.250934, 0.011561, 0.498687, -0.479075]
[0.6439, 0.245923, 0.222537, 0.49434, -0.46795]
[0.661975, 0.257033, 0.344462, 0.483238, -0.450348]
[0.605046, 0.251827, -0.264554, 0.487857, -0.477357]
[0.61268, 0.210477, -0.444802, 0.480797, -0.468569]
[0.647173, 0.324311, -0.320905, 0.461763, -0.452434]
[0.662248, -0.2501, 0.298898, 0.48721, -0.462185]
[0.63274, -0.432878, 0.304461, 0.461094, -0.461891]
[0.621265, 0.225644, 0.065976, 0.459436, -0.45454]
[0.678507, -0.025908, 0.451272, 0.486656, -0.491712]
[0.603481, 0.180341, -0.226855, 0.451611, -0.493292]
[0.665441, 0.156505, -0.052368, 0.472033, -0.487803]
[0.65643, -0.012245, -0.117256, 0.486439, -0.482829]
[0.656416, 0.39086, -0.022261, 0.473878, -0.452262]
[0.62289, -0.312123, -0.024929, 0.457226, -0.455096]
[0.609076, -0.196437, -0.213329, 0.459114, -0.488186]
[0.635836, 0.026504, -0.351981, 0.464536, -0.482458]
[0.672313, -0.10673, 0.2075, 0.485754, -0.454755]
[0.653178, -0.06526, -0.343616, 0.460901, -0.452896]
[0.636405, 0.255719, -0.356909, 0.462993, -0.457674]
[0.657339, -0.495769, 0.307896, 0.464849, -0.487985]
[0.621698, -0.288943, -0.351346, 0.485551, -0.474514]
[0.674697, 0.140219, -0.435934, 0.499221, -0.457434]
[0.616521, -0.489661, 0.236327, 0.451529, -0.456428]
[0.635524, -0.142049, -0.119269, 0.458625, -0.475738]
[0.600567, -0.04633, 0.004732, 0.486664, -0.465317]
[0.664193, 0.282567, 0.173759, 0.499905, -0.49699]
[0.602539, 0.169332, -0.000106, 0.460929, -0.468653]
[0.666913, 0.225375, -0.376952, 0.475875, -0.456014]
[0.662477, -0.018122, 0.267363, 0.49061, -0.458366]
[0.609611, -0.251191, 0.216438, 0.494768, -0.451712]
[0.646375, -0.038941, 0.083713, 0.499954, -0.462157]
[0.640751, 0.293603, 0.471989, 0.476774, -0.494989]
[0.604363, 0.486378, -0.375776, 0.466067, -0.468938]
[0.640751, -0.097567, -0.207995, 0.474348, -0.490458]
[0.66148, 0.280308, 0.199899, 0.456998, -0.499874]
[0.672149, -0.084833, -0.408247, 0.451355, -0.467724]
[0.624033, -0.162654, -0.238881, 0.477485, -0.476427]
[0.67957, 0.32955, -0.303152, 0.459728, -0.49996]
[0.654867, -0.074015, -0.339814, 0.463692, -0.459844]
[0.634395, -0.282875, -0.22742, 0.450778, -0.499803]
[0.668432, -0.384631, -0.409084, 0.499874, -0.49064]
[0.649729, 0.004077, -0.497628, 0.474809, -0.472738]
[0.648899, 0.005195, -0.48946, 0.474692, -0.472685]
[0.649294, 0.007383, -0.487605, 0.474631, -0.472816]
[0.649188, -0.000831, -0.489796, 0.474557, -0.472815]
[0.649581, 0.007164, -0.485053, 0.474635, -0.472656]
[0.649356, 0.007379, -0.487499, 0.47472, -0.472767]
[0.649296, 0.004157, -0.490729, 0.474856, -0.472823]
[0.650342, -0.00111, -0.480332, 0.474856, -0.472717]
[0.649863, 0.000369, -0.478425, 0.474812, -0.472671]
[0.650297, -0.000204, -0.480346, 0.47456, -0.472659]
[0.649677, 0.003553, -0.496914, 0.474522, -0.472766]
[0.649401, 0.000262, -0.48334, 0.474824, -0.472672]
[0.649247, 0.002186, -0.483761, 0.474849, -0.47272]
[0.649462, 0.0048, -0.482621, 0.474874, -0.472839]
[0.649186, 0.001328, -0.475646, 0.474867, -0.472693]
[0.649913, 0.006689, -0.493989, 0.474828, -0.472789]
[0.649593, 0.000405, -0.497386, 0.474699, -0.472734]
[0.649183, 0.005797, -0.48807, 0.474807, -0.472658]
[0.649978, 0.002038, -0.483646, 0.474894, -0.472805]
[0.649387, 0.004999, -0.490372, 0.474875, -0.47265]
[0.650006, -0.000595, -0.478227, 0.474764, -0.472752]
[0.650154, 0.005754, -0.498599, 0.474741, -0.472741]
[0.649778, -0.000341, -0.495227, 0.474951, -0.472807]
[0.649638, -0.001067, -0.498304, 0.474876, -0.472683]
[0.649824, 0.005989, -0.497221, 0.474621, -0.472729]
[0.649034, 0.001045, -0.479757, 0.474776, -0.472657]
[0.649911, 0.001282, -0.489054, 0.474861, -0.472753]
[0.649183, 0.003503, -0.485083, 0.474769, -0.472787]
[0.650233, 0.005161, -0.484691, 0.47496, -0.472669]
[0.649007, 0.006743, -0.491916, 0.474639, -0.47278]
[0.649151, 0.001321, -0.487926, 0.474551, -0.472655]
[0.649874, 0.001389, -0.492624, 0.474802, -0.472638]
[0.649449, 0.000343, -0.49084, 0.474757, -0.472724]
[0.649436, -0.000354, -0.476483, 0.474887, -0.472759]
[0.649512, 0.003247, -0.49659, 0.47487, -0.472824]
[0.649595, 0.001805, -0.498168, 0.474849, -0.472748]
[0.649095, 0.000756, -0.492239, 0.474604, -0.472674]
[0.650159, 0.002702, -0.498668, 0.474815, -0.472762]
[0.649889, 0.007411, -0.490376, 0.474854, -0.472821]
[0.64911, 6.3e-05, -0.478269, 0.474534, -0.472816]
[0.649584, 0.005999, -0.48965, 0.474802, -0.472844]
[0.649167, 0.006288, -0.486642, 0.474783, -0.472751]
[0.649982, 0.002847, -0.476307, 0.474828, -0.472812]
[0.649555, 0.000528, -0.478683, 0.4748, -0.472727]
[0.649904, 0.002277, -0.482662, 0.474561, -0.472776]
[0.648918, 0.003827, -0.477655, 0.474576, -0.47275]
[0.649972, 0.004103, -0.486161, 0.474839, -0.472771]
[0.650261, 0.001156, -0.477075, 0.474953, -0.472637]
[0.649411, 0.005525, -0.493416, 0.474729, -0.472858]
[0.649923, 0.007027, -0.495463, 0.474877, -0.47286]
[0.64943, -0.000577, -0.498627, 0.474966, -0.472842]
[0.650159, 0.004897, -0.498825, 0.474619, -0.472797]
[0.650031, 0.001674, -0.483721, 0.474741, -0.472682]
[0.64908, 0.002336, -0.481986, 0.474624, -0.472745]
[0.650316, 0.001518, -0.488468, 0.474562, -0.472859]
[0.649738, 0.005339, -0.483679, 0.474604, -0.472776]
[0.650089, 0.001533, -0.483923, 0.47464, -0.472826]
[0.649364, 0.002355, -0.498815, 0.474934, -0.47269]
[0.649613, 0.007383, -0.481357, 0.474796, -0.472662]
[0.649128, 0.006783, -0.495195, 0.474595, -0.472653]
[0.650295, 0.006773, -0.489765, 0.474669, -0.472629]
[0.650308, 0.007354, -0.494818, 0.474555, -0.472784]
[0.649607, 0.004116, -0.490907, 0.474561, -0.472732]
[0.649736, 0.003603, -0.492123, 0.474537, -0.472662]
[0.649419, -0.000899, -0.490421, 0.474806, -0.47272]
[0.648905, 0.001269, -0.4779, 0.474718, -0.472778]
[0.649489, -0.001293, -0.489671, 0.474673, -0.472847]
[0.649562, -0.000465, -0.480868, 0.474921, -0.472656]
[0.649203, 0.006728, -0.49233, 0.474626, -0.472777]
[0.64982, 0.005948, -0.487746, 0.474756, -0.472843]
[0.649939, 0.005745, -0.483192, 0.474712, -0.472782]
[0.649359, 0.005347, -0.493744, 0.474649, -0.472679]
[0.649411, 0.001901, -0.481857, 0.474769, -0.472631]
[0.649841, 0.001139, -0.499136, 0.474879, -0.472643]
[0.65027, 0.005867, -0.494055, 0.474669, -0.472661]
[0.649156, -0.00018, -0.48647, 0.474537, -0.472698]
[0.650221, 0.004723, -0.488245, 0.474922, -0.472654]
[0.649032, 0.006018, -0.490456, 0.474817, -0.472779]
[0.649889, 0.001583, -0.481579, 0.474821, -0.472806]
[0.650086, 0.003788, -0.486571, 0.474593, -0.472773]
[0.649577, 0.001997, -0.493135, 0.474531, -0.47263]
[0.649392, 0.00015, -0.498733, 0.474689, -0.472701]
[0.650406, 0.000627, -0.475928, 0.47469, -0.472788]
[0.650079, 0.002206, -0.48033, 0.474729, -0.472729]
[0.64952, 0.007384, -0.485633, 0.474553, -0.472767]
[0.649883, 0.007091, -0.484572, 0.474565, -0.472669]
[0.649851, 0.007184, -0.492194, 0.474795, -0.472774]
[0.649499, 0.004138, -0.492413, 0.474718, -0.472728]
[0.649046, 0.005752, -0.480464, 0.474701, -0.472652]
[0.650069, 0.005421, -0.488796, 0.474679, -0.472639]
[0.650101, 0.001646, -0.491642, 0.474729, -0.472707]
[0.648975, 0.004694, -0.488838, 0.474746, -0.47276]
[0.650077, 0.003069, -0.484476, 0.474817, -0.47273]
[0.649314, 0.00033, -0.496481, 0.474606, -0.472784]
[0.648882, -0.000751, -0.493309, 0.474776, -0.472645]
[0.649519, 0.003732, -0.493118, 0.474889, -0.472703]
[0.650206, 0.002851, -0.488651, 0.474777, -0.472711]
[0.649023, 0.00493, -0.498583, 0.474551, -0.472733]
[0.650351, 0.004311, -0.477118, 0.474682, -0.472675]
[0.649643, 0.002729, -0.494772, 0.474896, -0.472725]
[0.650265, 0.007319, -0.48959, 0.474854, -0.472634]
[0.649103, -0.001166, -0.494565, 0.474708, -0.472708]
[0.649457, 0.006051, -0.491354, 0.474603, -0.472674]
[0.64997, 0.004245, -0.495935, 0.47471, -0.472764]
[0.649565, 0.005276, -0.489345, 0.474774, -0.47286]
[0.650033, -4.4e-05, -0.484272, 0.474591, -0.472738]
[0.649539, -0.000614, -0.477563, 0.474669, -0.472796]
[0.64935, 0.004163, -0.493897, 0.474666, -0.472776]
[0.648994, 0.007506, -0.4758, 0.474745, -0.472637]
[0.649125, 0.005416, -0.48629, 0.474828, -0.472717]
[0.64943, 0.004183, -0.493481, 0.474628, -0.472827]
[0.64952, -0.000136, -0.484491, 0.474768, -0.472821]
[0.649429, -0.000882, -0.499111, 0.474697, -0.472829]
[0.649802, 0.000152, -0.493957, 0.474779, -0.472728]
[0.649736, 0.007295, -0.494096, 0.474573, -0.472724]
[0.650364, 0.005154, -0.493418, 0.474852, -0.472864]
[0.649056, 0.001099, -0.497329, 0.474648, -0.472628]
[0.650009, 0.003318, -0.487375, 0.474948, -0.472739]
[0.649363, 0.005717, -0.485821, 0.47456, -0.472817]
[0.649189, -0.000854, -0.48579, 0.47461, -0.472826]
[0.650055, 0.007166, -0.479233, 0.474959, -0.472644]
[0.649894, 0.00234, -0.49928, 0.474802, -0.472629]
[0.650097, -0.000501, -0.478111, 0.474929, -0.472659]
[0.650013, 0.006703, -0.483304, 0.474956, -0.472768]
[0.649254, 0.006017, -0.495184, 0.474527, -0.472731]
[0.649547, 0.006394, -0.496531, 0.47471, -0.472844]
[0.649878, 0.000736, -0.499186, 0.47461, -0.472752]
[0.649511, -0.000753, -0.478523, 0.474811, -0.472631]
[0.649263, -0.001715, -0.491535, 0.474864, -0.47275]
[0.648904, 0.004157, -0.499633, 0.474514, -0.472789]
[0.648846, 0.000355, -0.49361, 0.474825, -0.47285]
[0.649837, 0.003104, -0.497342, 0.47488, -0.472867]
[0.650063, 3.2e-05, -0.479867, 0.474915, -0.472714]
[0.648965, 0.000704, -0.488224, 0.474533, -0.472695]
[0.649741, 0.00263, -0.48966, 0.474566, -0.472732]
[0.649336, 0.00281, -0.484782, 0.474885, -0.472758]
[0.650262, 0.002581, -0.497855, 0.474941, -0.472838]
[0.64908, 0.000569, -0.498481, 0.4749, -0.472659]
[0.648994, 0.002165, -0.484326, 0.474716, -0.472788]
[0.650261, 0.003828, -0.495555, 0.47493, -0.472851]
[0.650097, 0.004743, -0.483039, 0.474595, -0.472627]
[0.649649, 0.002728, -0.475428, 0.474946, -0.472829]
[0.650126, 0.006165, -0.488429, 0.474948, -0.472702]
[0.650181, 0.006892, -0.494035, 0.474717, -0.472628]
[0.649706, 0.003111, -0.483803, 0.474784, -0.472687]
[0.649767, 0.005021, -0.499881, 0.474562, -0.472804]
[0.650115, 0.002096, -0.490087, 0.474881, -0.472649]
[0.649869, -0.001103, -0.482313, 0.474586, -0.472742]
[0.649644, -9.8e-05, -0.476841, 0.474821, -0.472714]
[0.650197, -0.000201, -0.49839, 0.474881, -0.472644]
[0.649978, 0.002006, -0.483612, 0.474884, -0.472805]
[0.649975, 0.001979, -0.483625, 0.474887, -0.472807]
[0.649975, 0.001982, -0.483643, 0.474893, -0.472808]
[0.649968, 0.002028, -0.483628, 0.474886, -0.472806]
[0.649975, 0.002001, -0.483659, 0.474882, -0.472807]
[0.649967, 0.001984, -0.483619, 0.474891, -0.472807]
[0.649976, 0.002027, -0.483642, 0.474881, -0.472804]
[0.64997, 0.002004, -0.483621, 0.474889, -0.472806]
[0.649968, 0.002025, -0.483629, 0.474891, -0.472806]
[0.649978, 0.001994, -0.483636, 0.474885, -0.472806]
[0.649969, 0.001993, -0.483655, 0.474882, -0.472804]
[0.649968, 0.001975, -0.483618, 0.474893, -0.472806]
[0.64997, 0.002005, -0.483659, 0.474886, -0.472806]
[0.649978, 0.002035, -0.48362, 0.474893, -0.472806]
[0.649972, 0.001972, -0.483661, 0.474893, -0.472805]
[0.649977, 0.002029, -0.483622, 0.47489, -0.472806]
[0.64997, 0.002026, -0.48365, 0.474887, -0.472808]
[0.649969, 0.00198, -0.483626, 0.474894, -0.472805]
[0.649975, 0.002019, -0.483635, 0.474884, -0.472806]
[0.649977, 0.002033, -0.483661, 0.474889, -0.472806]
[0.649974, 0.001986, -0.483632, 0.47489, -0.472808]
[0.649969, 0.002038, -0.483637, 0.474891, -0.472805]
[0.649977, 0.00201, -0.483646, 0.474895, -0.472807]
[0.649973, 0.002028, -0.483628, 0.474892, -0.472805]
[0.649969, 0.002016, -0.483631, 0.474886, -0.472807]
[0.649967, 0.001999, -0.483632, 0.474895, -0.472806]
[0.649974, 0.002039, -0.483621, 0.474885, -0.472806]
[0.649977, 0.002017, -0.483606, 0.474892, -0.472807]
[0.649978, 0.002014, -0.48361, 0.47489, -0.472806]
[0.649978, 0.002036, -0.483629, 0.474884, -0.472804]
[0.64997, 0.002008, -0.483645, 0.474885, -0.472805]
[0.649975, 0.002021, -0.483634, 0.474882, -0.472805]
[0.64997, 0.00204, -0.483639, 0.474895, -0.472806]
[0.649975, 0.001983, -0.483655, 0.474884, -0.472805]
[0.649971, 0.001971, -0.483618, 0.474892, -0.472808]
[0.649971, 0.001989, -0.483638, 0.474887, -0.472807]
[0.649977, 0.002016, -0.483607, 0.474886, -0.472804]
[0.649975, 0.001968, -0.483621, 0.474889, -0.472806]
[0.64997, 0.001978, -0.483636, 0.474881, -0.472806]
[0.64997, 0.001985, -0.483646, 0.474887, -0.472805]
[0.649978, 0.001967, -0.483647, 0.474891, -0.472808]
[0.649977, 0.001991, -0.483635, 0.474893, -0.472807]
[0.649971, 0.001983, -0.483634, 0.474886, -0.472806]
[0.649967, 0.001992, -0.483629, 0.474888, -0.472806]
[0.649971, 0.002003, -0.483627, 0.474892, -0.472804]
[0.649975, 0.002023, -0.483654, 0.47489, -0.472808]
[0.64997, 0.002026, -0.483633, 0.474893, -0.472807]
[0.649977, 0.001974, -0.483614, 0.474887, -0.472806]
[0.649977, 0.00202, -0.483638, 0.474894, -0.472807]
[0.649973, 0.001986, -0.483652, 0.474889, -0.472807]
[0.649971, 0.001981, -0.483625, 0.474891, -0.472807]
[0.649969, 0.001978, -0.483659, 0.474894, -0.472807]
[0.649978, 0.002026, -0.483648, 0.474882, -0.472804]
[0.649974, 0.002009, -0.483618, 0.474892, -0.472804]
[0.649973, 0.001973, -0.483607, 0.474895, -0.472805]
[0.649974, 0.001999, -0.48364, 0.474881, -0.472805]
[0.649978, 0.001972, -0.483644, 0.474891, -0.472804]
[0.649971, 0.002032, -0.483615, 0.474882, -0.472805]
[0.649967, 0.002024, -0.483652, 0.474886, -0.472805]
[0.649978, 0.002016, -0.483635, 0.474891, -0.472808]
[0.649978, 0.001971, -0.48362, 0.474887, -0.472805]
[0.649967, 0.001981, -0.483647, 0.474886, -0.472808]
[0.649975, 0.001988, -0.483637, 0.474882, -0.472806]
[0.649967, 0.001994, -0.483636, 0.474884, -0.472806]
[0.649976, 0.002023, -0.483627, 0.474894, -0.472804]
[0.649977, 0.002026, -0.483623, 0.474885, -0.472805]
[0.649977, 0.002003, -0.483641, 0.474892, -0.472806]
[0.649968, 0.002034, -0.483645, 0.474889, -0.472806]
[0.649978, 0.002005, -0.483624, 0.474892, -0.472806]
[0.649967, 0.001971, -0.483621, 0.474886, -0.472806]
[0.649978, 0.00197, -0.483613, 0.474889, -0.472806]
[0.649976, 0.002, -0.483629, 0.474891, -0.472808]
[0.649979, 0.001985, -0.483633, 0.474892, -0.472808]
[0.649977, 0.002002, -0.483636, 0.474886, -0.472805]
[0.649973, 0.002003, -0.483606, 0.474894, -0.472807]
[0.649978, 0.002015, -0.483612, 0.474886, -0.472805]
[0.649973, 0.001996, -0.483649, 0.474885, -0.472806]
[0.64997, 0.001974, -0.483616, 0.474887, -0.472806]
[0.649973, 0.001995, -0.483642, 0.474891, -0.472806]
[0.649972, 0.001968, -0.483643, 0.474895, -0.472806]
[0.649977, 0.001992, -0.483634, 0.474894, -0.472804]
[0.649969, 0.002039, -0.483645, 0.474883, -0.472806]
[0.649976, 0.001993, -0.48365, 0.474893, -0.472805]
[0.649977, 0.002001, -0.483632, 0.474888, -0.472805]
[0.649971, 0.002005, -0.483628, 0.474884, -0.472804]
[0.649974, 0.001998, -0.48363, 0.474888, -0.472807]
[0.649976, 0.002002, -0.48363, 0.474885, -0.472806]
[0.649968, 0.002009, -0.483615, 0.474893, -0.472807]
[0.649969, 0.00201, -0.483618, 0.474884, -0.472805]
[0.649968, 0.002034, -0.483661, 0.474884, -0.472805]
[0.649974, 0.001988, -0.483646, 0.474894, -0.472804]
[0.649973, 0.001991, -0.483653, 0.474888, -0.472805]
[0.649971, 0.002019, -0.483621, 0.474891, -0.472807]
[0.649973, 0.00198, -0.48361, 0.474891, -0.472806]
[0.649979, 0.002014, -0.483604, 0.474884, -0.472806]
[0.64997, 0.002035, -0.483633, 0.474894, -0.472804]
[0.649978, 0.002036, -0.483632, 0.474887, -0.472807]
[0.64997, 0.002008, -0.48365, 0.474889, -0.472805]
[0.649972, 0.002036, -0.483611, 0.474889, -0.472808]
[0.649978, 0.00197, -0.483632, 0.474886, -0.472807]
[0.649979, 0.001984, -0.483653, 0.474894, -0.472806]
[0.649977, 0.002003, -0.483629, 0.474892, -0.472808]
[0.649968, 0.002015, -0.483633, 0.474889, -0.472806]
[0.649978, 0.002002, -0.48361, 0.474887, -0.472805]
[0.649977, 0.00204, -0.483608, 0.474889, -0.472804]
[0.649978, 0.001993, -0.483608, 0.474882, -0.472808]
[0.649978, 0.001984, -0.483629, 0.47489, -0.472804]
[0.649969, 0.002005, -0.483619, 0.474882, -0.472807]
[0.649973, 0.002009, -0.483616, 0.474883, -0.472804]
[0.649978, 0.002001, -0.483624, 0.474885, -0.472806]
[0.649975, 0.002034, -0.48364, 0.474892, -0.472805]
[0.649979, 0.002016, -0.483626, 0.474887, -0.472808]
[0.649976, 0.00202, -0.483631, 0.474894, -0.472807]
[0.649971, 0.002024, -0.483645, 0.474887, -0.472807]
[0.649978, 0.00197, -0.483645, 0.474887, -0.472806]
[0.649971, 0.001969, -0.48362, 0.474883, -0.472807]
[0.649975, 0.001985, -0.483661, 0.474894, -0.472805]
[0.64997, 0.002037, -0.483626, 0.474892, -0.472806]
[0.64997, 0.001972, -0.483637, 0.474893, -0.472808]
[0.64997, 0.002022, -0.483639, 0.474889, -0.472805]
[0.649975, 0.002009, -0.483642, 0.474886, -0.472806]
[0.649977, 0.002, -0.483662, 0.474888, -0.472804]
[0.649972, 0.002029, -0.483654, 0.474884, -0.472806]
[0.649969, 0.002018, -0.48365, 0.474883, -0.472807]
[0.649976, 0.002026, -0.483642, 0.474889, -0.472808]
[0.649977, 0.002005, -0.48362, 0.47489, -0.472805]
[0.649975, 0.002015, -0.483645, 0.474885, -0.472804]
[0.649977, 0.001971, -0.483654, 0.474886, -0.472807]
[0.649971, 0.002035, -0.483628, 0.47489, -0.472807]
[0.649969, 0.001994, -0.483639, 0.474895, -0.472805]
[0.64997, 0.001993, -0.483656, 0.474888, -0.472806]
[0.649977, 0.002012, -0.483616, 0.474886, -0.472807]
[0.649978, 0.001987, -0.483628, 0.474884, -0.472805]
[0.649975, 0.002006, -0.48361, 0.474883, -0.472808]
[0.649968, 0.002035, -0.483633, 0.474892, -0.472804]
[0.649972, 0.002009, -0.483609, 0.47489, -0.472804]
[0.649975, 0.00198, -0.483613, 0.474887, -0.472808]
[0.649967, 0.001994, -0.483604, 0.474885, -0.472807]
[0.649975, 0.001991, -0.483637, 0.474884, -0.472806]
[0.649972, 0.001982, -0.483658, 0.474885, -0.472805]
[0.649973, 0.00201, -0.483616, 0.474892, -0.472805]
[0.649968, 0.002025, -0.483637, 0.474889, -0.472804]
[0.649972, 0.001971, -0.483618, 0.474889, -0.472808]
[0.649978, 0.001982, -0.483606, 0.474892, -0.472804]
[0.649973, 0.002023, -0.483612, 0.474894, -0.472806]
[0.649971, 0.002035, -0.48366, 0.474884, -0.472808]
[0.649968, 0.002024, -0.483616, 0.474883, -0.472804]
[0.649972, 0.001979, -0.483649, 0.474895, -0.472807]
[0.649968, 0.001974, -0.483651, 0.474888, -0.472807]
[0.649967, 0.002036, -0.483614, 0.474883, -0.472805]
[0.649979, 0.001967, -0.483648, 0.474891, -0.472808]
[0.649978, 0.001968, -0.483648, 0.474891, -0.472808]
[0.649978, 0.001968, -0.483647, 0.474891, -0.472808]
[0.649979, 0.001968, -0.483647, 0.474891, -0.472808]
[0.649979, 0.001967, -0.483647, 0.474891, -0.472808]
[0.649978, 0.001967, -0.483648, 0.474891, -0.472808]
[0.649979, 0.001968, -0.483648, 0.474891, -0.472808]
