Status: non-adversarial inputs found
[0.676676, -0.302213, 0.047232, 0.479706, -0.495654]
[0.673347, 0.441215, -0.039199, 0.484685, -0.49834]
[0.657264, 0.051271, 0.161959, 0.488607, -0.497415]
[0.614809, -0.342581, 0.117735, 0.485067, -0.456857]
[0.661327, 0.165349, -0.139006, 0.488955, -0.484125]
[0.627806, -0.407683, 0.204235, 0.459789, -0.457872]
[0.63815, -0.060552, 0.191043, 0.496188, -0.4796]
[0.67567, 0.418123, 0.382681, 0.452496, -0.487643]
[0.628549, 0.15165, -0.144152, 0.478697, -0.490133]
[0.609301, -0.043622, 0.40899, 0.469929, -0.484538]
[0.665488, -0.491645, 0.344892, 0.492285, -0.4536]
[0.660458, 0.046998, -0.45612, 0.470551, -0.477015]
[0.658145, -0.058379, 0.107683, 0.482705, -0.48014]
[0.625958, -0.410567, 0.412661, 0.480206, -0.456005]
[0.663241, -0.450765, 0.335566, 0.464853, -0.498727]
[0.655179, 0.310992, -0.3585, 0.477601, -0.496959]
[0.644752, 0.159809, -0.147931, 0.498459, -0.490224]
[0.639376, 0.163782, -0.02625, 0.486667, -0.468352]
[0.611813, 0.161191, 0.180963, 0.46937, -0.477167]
[0.618435, -0.141273, -0.225389, 0.473328, -0.494666]
[0.614301, 0.158511, -0.341804, 0.453896, -0.451867]
[0.622789, -0.38161, -0.386348, 0.467157, -0.453117]
[0.636749, -0.032475, -0.421435, 0.461031, -0.49677]
[0.636705, 0.260925, 0.217337, 0.49637, -0.452469]
[0.633625, 0.443269, -0.059461, 0.494264, -0.453483]
[0.641715, 0.270897, -0.156669, 0.492321, -0.477089]
[0.653289, 0.038606, -0.359828, 0.451461, -0.459952]
[0.646139, -0.008793, -0.33462, 0.495552, -0.464976]
[0.645013, -0.109582, 0.497329, 0.494692, -0.47125]
[0.6052, 0.280124, 0.465392, 0.465274, -0.461854]
[0.613739, -0.328927, 0.483736, 0.45755, -0.47904]
[0.622222, 0.182457, -0.337514, 0.484576, -0.473187]
[0.619208, 0.072572, 0.266298, 0.492477, -0.46547]
[0.643303, -0.375714, -0.184103, 0.486737, -0.459099]
[0.675943, -0.113951, 0.379591, 0.486424, -0.491744]
[0.624949, 0.125929, -0.032169, 0.499402, -0.468108]
[0.620277, 0.124374, -0.282501, 0.485379, -0.481133]
[0.659641, -0.336363, 0.377794, 0.46265, -0.452136]
[0.639417, 0.07002, 0.44134, 0.465595, -0.489183]
[0.632515, 0.1302, 0.386756, 0.480523, -0.472982]
[0.644011, -0.376067, -0.234217, 0.47332, -0.47344]
[0.637493, 0.330058, 0.140211, 0.496633, -0.474045]
[0.602561, -0.331719, 0.133273, 0.490259, -0.478761]
[0.656519, 0.226391, 0.494653, 0.47587, -0.466158]
[0.61695, 0.115389, -0.06692, 0.49788, -0.462487]
[0.645874, -0.247144, -0.287701, 0.451297, -0.493452]
[0.61788, -0.332071, -0.034889, 0.499891, -0.474377]
[0.634958, 0.358564, -0.333055, 0.461053, -0.491492]
[0.632302, 0.365491, 0.066046, 0.467917, -0.462261]
[0.619723, 0.436468, -0.487252, 0.49172, -0.459859]
[0.615737, 0.399552, -0.367995, 0.473174, -0.47465]
[0.609021, 0.017678, 0.181652, 0.482908, -0.472372]
[0.620621, 0.466917, 0.408236, 0.471152, -0.457081]
[0.658584, 0.297603, -0.009064, 0.486936, -0.499877]
[0.626387, -0.326451, -0.29, 0.497203, -0.456547]
[0.633973, -0.426642, 0.17336, 0.461699, -0.47473]
[0.607429, -0.468868, -0.014733, 0.458111, -0.47335]
[0.662577, 0.194808, -0.202258, 0.483998, -0.48513]
[0.678903, 0.424511, 0.017953, 0.481098, -0.472185]
[0.67103, -0.492692, -0.244252, 0.489413, -0.494234]
[0.616589, -0.337359, -0.438975, 0.481581, -0.458242]
[0.647031, -0.492034, 0.042341, 0.455572, -0.483165]
[0.645707, -0.424327, 0.353012, 0.454861, -0.498484]
[0.62657, 0.26387, 0.321951, 0.454671, -0.496737]
[0.640592, -0.148704, -0.297624, 0.494418, -0.451799]
[0.630235, 0.369955, -0.287415, 0.485858, -0.458199]
[0.620542, -0.257313, -0.230091, 0.478866, -0.452795]
[0.607179, -0.3079, -0.253197, 0.481511, -0.469445]
[0.613699, 0.13564, 0.148934, 0.484806, -0.47218]
[0.641403, 0.496684, 0.307078, 0.462335, -0.473071]
[0.620526, -0.254205, -0.33121, 0.483543, -0.474498]
[0.652626, 0.463757, 0.328357, 0.473675, -0.450699]
[0.625893, 0.436643, 0.131258, 0.465202, -0.456632]
[0.638202, 0.140721, -0.141718, 0.492401, -0.467618]
[0.653822, -0.021104, 0.251721, 0.495113, -0.459704]
[0.647548, -0.373275, -0.179003, 0.482597, -0.472422]
[0.656611, 0.229597, -0.3492, 0.484277, -0.481961]
[0.665814, 0.427932, 0.071621, 0.490786, -0.494542]
[0.643329, 0.319148, -0.102294, 0.458583, -0.484227]
[0.610462, -0.059124, 0.343178, 0.477403, -0.46728]
[0.673055, -0.032898, -0.036664, 0.470737, -0.452851]
[0.652501, -0.458075, 0.447083, 0.47082, -0.476178]
[0.640151, -0.245572, 0.466099, 0.454401, -0.46022]
[0.637177, -0.117353, 0.377867, 0.489213, -0.49229]
[0.663048, -0.141692, 0.420394, 0.473154, -0.462067]
[0.63508, 0.271705, 0.238862, 0.455204, -0.494928]
[0.67305, -0.154391, 0.485152, 0.464165, -0.485944]
[0.614695, 0.101252, 0.027867, 0.455395, -0.47371]
[0.673741, -0.431559, -0.298035, 0.470685, -0.493761]
[0.634888, -0.278065, 0.4621, 0.473919, -0.481953]
[0.60594, -0.002653, -0.356203, 0.470862, -0.48183]
[0.673127, 0.121982, -0.18161, 0.482291, -0.474943]
[0.66135, 0.250651, 0.451843, 0.473791, -0.457096]
[0.639119, -0.224599, -0.056067, 0.478486, -0.487939]
[0.658225, 0.404484, 0.165474, 0.465018, -0.496556]
[0.63607, -0.319643, 0.19723, 0.493466, -0.478205]
[0.652395, 0.28214, -0.190241, 0.470723, -0.48023]
[0.667372, 0.425561, 0.196704, 0.485699, -0.46818]
[0.629776, -0.032609, 0.425363, 0.473843, -0.466303]
[0.663582, -0.202757, -0.077095, 0.499324, -0.490618]
[0.633373, -0.027802, -0.169295, 0.451987, -0.468963]
[0.644342, 0.162301, 0.144017, 0.465458, -0.482473]
[0.604122, 0.431601, -0.02942, 0.469135, -0.476129]
[0.607902, -0.167054, -0.280712, 0.4714, -0.482502]
[0.647006, 0.177996, -0.097221, 0.468399, -0.497942]
[0.64391, -0.285566, -0.346253, 0.4794, -0.468894]
[0.643554, 0.425321, -0.178919, 0.484983, -0.499342]
[0.616949, -0.210683, -0.146094, 0.496465, -0.462087]
[0.662962, 0.020936, 0.089982, 0.473092, -0.499576]
[0.619292, -0.169167, 0.050703, 0.488602, -0.490522]
[0.652215, 0.23131, -0.277395, 0.488011, -0.495172]
[0.625019, 0.107481, 0.254384, 0.496772, -0.472959]
[0.615102, 0.006893, 0.329353, 0.49908, -0.492877]
[0.650942, 0.455537, -0.136809, 0.490511, -0.458639]
[0.655031, 0.363208, 0.225733, 0.459865, -0.480402]
[0.633292, 0.060903, -0.353738, 0.4991, -0.47391]
[0.634286, 0.161322, -0.204262, 0.49472, -0.479811]
[0.649935, 0.471013, 0.286573, 0.467453, -0.463216]
[0.661314, -0.180363, -0.237159, 0.475728, -0.455128]
[0.623717, 0.459732, -0.422129, 0.486616, -0.486595]
[0.623622, -0.266422, 0.49218, 0.457209, -0.483852]
[0.628562, 0.388245, 0.048825, 0.480837, -0.451106]
[0.645891, -0.096436, 0.080401, 0.474074, -0.453963]
[0.613137, 0.262641, -0.170355, 0.48149, -0.471619]
[0.667685, -0.096041, 0.332606, 0.482668, -0.479177]
[0.607492, -0.304646, -0.151415, 0.464637, -0.470887]
[0.672151, -0.462798, 0.220843, 0.488327, -0.46768]
[0.642221, 0.317973, 0.359017, 0.474156, -0.498993]
[0.624972, -0.385348, -0.438008, 0.482654, -0.459817]
[0.669496, -0.170907, -0.159013, 0.467594, -0.453741]
[0.615321, -0.435483, -0.167694, 0.451616, -0.496117]
[0.667919, -0.087732, -0.45466, 0.465016, -0.457558]
[0.653963, 0.22079, 0.374723, 0.483653, -0.474294]
[0.672273, 0.482547, -0.497489, 0.456701, -0.485848]
[0.671834, 0.088834, -0.126114, 0.498773, -0.477999]
[0.655737, 0.101639, 0.167617, 0.464402, -0.454731]
[0.649223, -0.056907, 0.347513, 0.480549, -0.483504]
[0.60278, 0.063777, 0.284197, 0.453201, -0.454132]
[0.613199, 0.022809, 0.483351, 0.49395, -0.492228]
[0.670874, 0.32419, 0.08045, 0.480551, -0.474309]
[0.652518, -0.382544, 0.019048, 0.480909, -0.484482]
[0.667254, -0.22626, 0.130922, 0.46003, -0.456258]
[0.656604, -0.166479, -0.16536, 0.475823, -0.461468]
[0.63323, -0.409889, -0.3378, 0.48426, -0.456591]
[0.647438, -0.253972, -0.44789, 0.466179, -0.488144]
[0.639649, -0.06838, -0.168678, 0.477347, -0.497031]
[0.67681, 0.171062, -0.198867, 0.476972, -0.472221]
[0.646393, 0.413814, 0.448482, 0.493965, -0.459228]
[0.638319, -0.23117, 0.13132, 0.497559, -0.451524]
[0.625259, 0.342533, -0.202085, 0.462969, -0.453971]
[0.60185, -0.007033, -0.354448, 0.471167, -0.480849]
[0.603653, 0.005784, -0.356126, 0.470746, -0.481191]
[0.605608, 8.2e-05, -0.357641, 0.470754, -0.481814]
[0.604664, -0.020629, -0.356205, 0.470987, -0.48108]
[0.604319, -0.009577, -0.357079, 0.471131, -0.481217]
[0.603139, 0.005488, -0.351846, 0.470861, -0.480973]
[0.606275, -0.006319, -0.351403, 0.470809, -0.481422]
[0.600502, -0.011465, -0.356711, 0.471094, -0.481595]
[0.601149, -0.017499, -0.352903, 0.470814, -0.481359]
[0.601956, -0.004796, -0.35622, 0.470788, -0.481097]
[0.606494, -0.00143, -0.352111, 0.471261, -0.481777]
[0.600615, -0.007226, -0.354835, 0.471071, -0.480851]
[0.604218, -0.003247, -0.355347, 0.470978, -0.481775]
[0.602034, -0.000778, -0.355588, 0.470826, -0.481355]
[0.600315, -0.018794, -0.353458, 0.471205, -0.481783]
[0.602621, -0.017447, -0.352087, 0.471226, -0.481255]
[0.601243, 0.000116, -0.353152, 0.471018, -0.481096]
[0.601331, -0.019169, -0.355905, 0.470833, -0.481412]
[0.602547, 0.002954, -0.352177, 0.471032, -0.481025]
[0.603195, 0.005085, -0.353115, 0.471117, -0.48161]
[0.600939, -0.002688, -0.356375, 0.470774, -0.481541]
[0.605289, -0.017054, -0.356541, 0.470741, -0.481755]
[0.603825, 0.005535, -0.352519, 0.471045, -0.481825]
[0.602251, -0.022993, -0.350419, 0.470947, -0.481834]
[0.603959, 0.004345, -0.351046, 0.47096, -0.481716]
[0.60244, -0.008639, -0.352621, 0.470976, -0.48152]
[0.601875, -0.002616, -0.354306, 0.471184, -0.481454]
[0.601599, -0.017837, -0.352388, 0.471189, -0.481381]
[0.602922, -0.014427, -0.35294, 0.471058, -0.481641]
[0.605053, -0.007413, -0.352083, 0.470716, -0.480816]
[0.603755, -0.004859, -0.351898, 0.471153, -0.480833]
[0.605792, -0.007163, -0.354588, 0.470716, -0.480902]
[0.605212, -0.009618, -0.357614, 0.471029, -0.481399]
[0.606341, -0.002059, -0.355433, 0.471206, -0.48086]
[0.600701, -0.014176, -0.353564, 0.470774, -0.481196]
[0.601408, -0.003691, -0.353585, 0.471045, -0.4814]
[0.600202, -0.018554, -0.350953, 0.471037, -0.480806]
[0.602975, -0.004294, -0.356624, 0.471112, -0.481208]
[0.606039, 0.001212, -0.353045, 0.471032, -0.481617]
[0.603339, -0.009531, -0.355348, 0.471062, -0.481559]
[0.600813, -0.01593, -0.352012, 0.47103, -0.48106]
[0.602902, 0.001771, -0.354109, 0.470928, -0.481601]
[0.604384, 0.002635, -0.35092, 0.470824, -0.481444]
[0.603238, -0.021728, -0.353423, 0.471091, -0.481459]
[0.602888, 0.005539, -0.354248, 0.471026, -0.481535]
[0.606247, 0.001515, -0.350705, 0.471075, -0.481181]
[0.602795, -0.00912, -0.353339, 0.470992, -0.481832]
[0.60522, 0.003079, -0.356129, 0.470762, -0.481416]
[0.601265, -0.00115, -0.354434, 0.471034, -0.481337]
[0.606445, -0.016239, -0.357548, 0.470823, -0.481434]
[0.600022, -0.017216, -0.355926, 0.471008, -0.481102]
[0.602847, 0.004477, -0.350485, 0.471243, -0.48096]
[0.600112, -0.008056, -0.35771, 0.471138, -0.481006]
[0.604858, -0.00191, -0.355904, 0.470703, -0.480809]
[0.603569, -0.007938, -0.355616, 0.471255, -0.481864]
[0.603595, -0.00724, -0.35189, 0.471091, -0.481456]
[0.605554, -0.009633, -0.353437, 0.470926, -0.481557]
[0.606096, 0.002073, -0.351262, 0.470833, -0.481396]
[0.604064, 0.000555, -0.355698, 0.470752, -0.481271]
[0.604249, -0.009317, -0.352789, 0.470728, -0.481462]
[0.603223, -0.01372, -0.35299, 0.470889, -0.48124]
[0.604458, -0.001999, -0.353884, 0.471161, -0.480994]
[0.604193, -0.007784, -0.351789, 0.471133, -0.481817]
[0.605081, -0.003217, -0.350955, 0.471196, -0.48125]
[0.606265, -0.006106, -0.352736, 0.470998, -0.480801]
[0.60106, -0.008828, -0.355483, 0.470824, -0.481062]
[0.605754, -0.00159, -0.354008, 0.470832, -0.481782]
[0.600686, -0.022225, -0.356248, 0.471174, -0.481559]
[0.601502, -0.016748, -0.352003, 0.471139, -0.481384]
[0.600302, -0.015023, -0.35689, 0.470697, -0.481749]
[0.604091, -0.008594, -0.35486, 0.471095, -0.481847]
[0.600261, 0.001143, -0.354983, 0.470779, -0.48103]
[0.602894, -0.002772, -0.356156, 0.470943, -0.481539]
[0.603019, -0.003565, -0.350259, 0.470731, -0.481869]
[0.605917, -0.001169, -0.350163, 0.471124, -0.481353]
[0.602439, -0.013644, -0.356612, 0.471121, -0.481415]
[0.604477, -0.013884, -0.350696, 0.471161, -0.481215]
[0.606315, 0.004562, -0.352443, 0.471176, -0.480984]
[0.60549, -0.005866, -0.356641, 0.47119, -0.481506]
[0.601385, -0.004753, -0.353095, 0.470677, -0.481018]
[0.60476, -0.006447, -0.355776, 0.471125, -0.481389]
[0.605328, -0.008889, -0.353309, 0.470753, -0.480862]
[0.603492, -0.002019, -0.357234, 0.471155, -0.481305]
[0.603101, -0.003307, -0.355265, 0.471205, -0.480892]
[0.600974, -0.013189, -0.354862, 0.470828, -0.480815]
[0.604608, -0.018276, -0.351057, 0.471078, -0.481277]
[0.603818, -0.011132, -0.351532, 0.471119, -0.480782]
[0.604524, -0.018502, -0.354972, 0.470945, -0.480991]
[0.601004, -0.00314, -0.352969, 0.470906, -0.481176]
[0.602847, -0.012997, -0.351201, 0.470913, -0.481602]
[0.606414, -0.00937, -0.355522, 0.470724, -0.481397]
[0.602395, -0.021039, -0.357812, 0.47107, -0.481035]
[0.603685, -0.005037, -0.353696, 0.471215, -0.481067]
[0.604397, 0.003006, -0.35711, 0.470737, -0.481623]
[0.601573, 0.002161, -0.354885, 0.470788, -0.481403]
[0.604746, -0.00874, -0.351817, 0.471259, -0.481197]
[0.602473, -0.022452, -0.351248, 0.471102, -0.481678]
[0.604098, -0.019926, -0.355922, 0.470997, -0.481821]
[0.602852, -0.010624, -0.351873, 0.4711, -0.481157]
[0.600803, -0.022756, -0.353529, 0.470725, -0.480895]
[0.603067, -0.017596, -0.357221, 0.470901, -0.481267]
[0.602454, -0.006048, -0.350289, 0.470909, -0.481143]
[0.606504, -0.007391, -0.354985, 0.471262, -0.48115]
[0.601389, -0.001017, -0.356819, 0.470726, -0.481296]
[0.60288, -0.01857, -0.355427, 0.470788, -0.481566]
[0.602573, -0.01629, -0.352945, 0.471094, -0.481454]
[0.604875, -0.022067, -0.355569, 0.470957, -0.481123]
[0.606268, -0.001804, -0.357513, 0.47112, -0.481006]
[0.604936, -0.00667, -0.356753, 0.471023, -0.480967]
[0.603729, -0.016314, -0.352257, 0.471083, -0.481869]
[0.601001, 0.00428, -0.355929, 0.471072, -0.480986]
[0.601116, -0.005124, -0.357173, 0.471058, -0.48091]
[0.603691, -0.017846, -0.352744, 0.471162, -0.48087]
[0.605022, 0.000221, -0.350478, 0.471091, -0.481194]
[0.602643, -0.018597, -0.354576, 0.47069, -0.481127]
[0.605279, -0.010582, -0.356313, 0.470775, -0.48154]
[0.605876, -0.021577, -0.351399, 0.4711, -0.481823]
[0.600297, -0.01917, -0.351992, 0.471023, -0.48118]
[0.603883, -0.008851, -0.351939, 0.471092, -0.481792]
[0.603287, -0.000752, -0.355358, 0.47091, -0.481667]
[0.601965, -0.015471, -0.350792, 0.471132, -0.481625]
[0.600225, -0.014815, -0.356194, 0.470745, -0.481208]
[0.604807, -0.013918, -0.350808, 0.470759, -0.481535]
[0.603926, -0.023137, -0.356829, 0.470953, -0.481412]
[0.604321, -0.00877, -0.354898, 0.470901, -0.480868]
[0.6025, -0.004587, -0.350233, 0.470665, -0.481851]
[0.601238, -0.010854, -0.356544, 0.471119, -0.481371]
[0.600191, 0.004191, -0.350274, 0.470775, -0.481586]
[0.600073, -0.010862, -0.355968, 0.470997, -0.481404]
[0.600114, -0.007136, -0.351482, 0.470973, -0.481115]
[0.604016, 0.004311, -0.35304, 0.47068, -0.4811]
[0.604892, -0.001705, -0.355705, 0.470678, -0.480803]
[0.600936, -0.002651, -0.354625, 0.471005, -0.481666]
[0.604684, -0.013848, -0.35172, 0.471229, -0.481276]
[0.601404, -0.006457, -0.353896, 0.470972, -0.48186]
[0.602028, -0.000306, -0.355539, 0.470956, -0.481334]
[0.602608, -0.006368, -0.350476, 0.47107, -0.481741]
[0.605012, -0.013026, -0.3551, 0.471142, -0.481753]
[0.604001, -0.018336, -0.35593, 0.47096, -0.4808]
[0.604244, -0.020874, -0.350625, 0.471087, -0.480967]
[0.605699, -0.008299, -0.352668, 0.471226, -0.480962]
[0.604306, -0.005495, -0.353238, 0.47073, -0.481107]
[0.602103, -0.003468, -0.354645, 0.471182, -0.481404]
[0.600505, -0.009692, -0.355947, 0.471135, -0.481357]
[0.603791, -0.010887, -0.356738, 0.47089, -0.480857]
[0.602658, -0.016201, -0.352035, 0.4709, -0.480799]
[0.60458, 0.004869, -0.356866, 0.470732, -0.481145]
[0.601774, -0.013512, -0.355483, 0.470983, -0.481273]
[0.600513, -0.019421, -0.351819, 0.470769, -0.48133]
[0.602208, -0.011137, -0.351065, 0.470986, -0.481342]
[0.600978, -0.002675, -0.35639, 0.470765, -0.481541]
[0.600948, -0.002673, -0.356392, 0.470783, -0.481541]
[0.600971, -0.002665, -0.356381, 0.470779, -0.481541]
[0.60097, -0.002667, -0.356379, 0.470769, -0.481541]
[0.60096, -0.002681, -0.356428, 0.470771, -0.481541]
[0.600961, -0.002684, -0.356406, 0.470766, -0.481541]
[0.600945, -0.002672, -0.356427, 0.47078, -0.481541]
[0.600943, -0.002693, -0.356373, 0.470768, -0.481541]
[0.600975, -0.002694, -0.356395, 0.47077, -0.48154]
[0.600956, -0.002681, -0.356379, 0.470774, -0.481541]
[0.600952, -0.002683, -0.356437, 0.470766, -0.481541]
[0.600966, -0.002671, -0.356359, 0.470784, -0.481541]
[0.600975, -0.002684, -0.356426, 0.470783, -0.481541]
[0.600953, -0.002677, -0.356359, 0.470778, -0.481541]
[0.600945, -0.002688, -0.356413, 0.47077, -0.481541]
[0.600975, -0.002681, -0.356423, 0.470783, -0.48154]
[0.600978, -0.002675, -0.356403, 0.470785, -0.481542]
[0.600939, -0.002678, -0.356391, 0.47078, -0.481541]
[0.600949, -0.002693, -0.356413, 0.470774, -0.481541]
[0.60095, -0.002685, -0.356381, 0.470776, -0.48154]
[0.600938, -0.002663, -0.356411, 0.47078, -0.48154]
[0.600979, -0.002682, -0.356361, 0.470779, -0.481542]
[0.600942, -0.002678, -0.3564, 0.470768, -0.481541]
[0.600963, -0.002695, -0.356411, 0.470765, -0.481541]
[0.600947, -0.002682, -0.356428, 0.470768, -0.481541]
[0.600942, -0.002667, -0.356419, 0.470776, -0.481542]
[0.600976, -0.002663, -0.356357, 0.470784, -0.481541]
[0.600959, -0.002671, -0.356448, 0.470775, -0.481541]
[0.600942, -0.002692, -0.356419, 0.470766, -0.481542]
[0.600973, -0.002666, -0.356385, 0.470784, -0.48154]
[0.600957, -0.002669, -0.356424, 0.47077, -0.481542]
[0.600964, -0.002689, -0.356399, 0.470772, -0.481541]
[0.600979, -0.002684, -0.356391, 0.470778, -0.481542]
[0.60095, -0.002666, -0.3564, 0.470779, -0.481542]
[0.600979, -0.002692, -0.356373, 0.470769, -0.481541]
[0.600952, -0.002681, -0.356432, 0.470782, -0.481541]
[0.600955, -0.002684, -0.356403, 0.47078, -0.481541]
[0.600979, -0.002687, -0.356364, 0.470774, -0.481541]
[0.600951, -0.00267, -0.356431, 0.470784, -0.481541]
[0.600952, -0.002676, -0.356392, 0.470772, -0.481542]
[0.600964, -0.002666, -0.35644, 0.470771, -0.481542]
[0.600976, -0.002683, -0.356443, 0.470782, -0.48154]
[0.600974, -0.002676, -0.356391, 0.470769, -0.481542]
[0.600958, -0.002683, -0.35641, 0.470782, -0.481541]
[0.600949, -0.002683, -0.356411, 0.470771, -0.48154]
[0.600972, -0.002695, -0.356429, 0.470781, -0.481541]
[0.600945, -0.002678, -0.356359, 0.470785, -0.481542]
[0.600943, -0.002694, -0.356415, 0.47078, -0.48154]
[0.600969, -0.002686, -0.356438, 0.470776, -0.48154]
[0.600945, -0.002681, -0.356402, 0.470779, -0.481541]
[0.60094, -0.002693, -0.356376, 0.470768, -0.481541]
[0.60094, -0.002696, -0.356392, 0.470766, -0.481542]
[0.600954, -0.002684, -0.356368, 0.470768, -0.481541]
[0.600951, -0.002686, -0.356441, 0.470768, -0.481541]
[0.600938, -0.002672, -0.356366, 0.470785, -0.481542]
[0.600949, -0.002696, -0.356401, 0.470775, -0.481542]
[0.60094, -0.002687, -0.35643, 0.470785, -0.48154]
[0.600957, -0.002689, -0.356383, 0.470778, -0.48154]
[0.600976, -0.002687, -0.356373, 0.47077, -0.481542]
[0.600945, -0.002677, -0.356361, 0.470771, -0.48154]
[0.600949, -0.002679, -0.356422, 0.470772, -0.48154]
[0.600962, -0.002681, -0.356398, 0.47078, -0.481541]
[0.600951, -0.002688, -0.356362, 0.470783, -0.481541]
[0.600965, -0.002667, -0.356433, 0.470768, -0.481542]
[0.600979, -0.002665, -0.356372, 0.470775, -0.481541]
[0.600965, -0.002689, -0.356378, 0.470781, -0.481542]
[0.600961, -0.002668, -0.356429, 0.470783, -0.481541]
[0.600938, -0.002685, -0.356375, 0.470766, -0.481541]
[0.600937, -0.002689, -0.356386, 0.470776, -0.48154]
[0.600973, -0.002679, -0.35637, 0.47078, -0.481541]
[0.600968, -0.002664, -0.356387, 0.470776, -0.481542]
[0.600958, -0.002678, -0.356377, 0.470784, -0.48154]
[0.600973, -0.002696, -0.356419, 0.470772, -0.48154]
[0.60097, -0.00267, -0.356429, 0.470769, -0.481541]
[0.600937, -0.002665, -0.356429, 0.470779, -0.48154]
[0.600945, -0.002681, -0.356377, 0.470769, -0.48154]
[0.600979, -0.002669, -0.35638, 0.470783, -0.481541]
[0.600955, -0.002669, -0.356375, 0.470768, -0.481541]
[0.600979, -0.002697, -0.356359, 0.470784, -0.481541]
[0.600967, -0.002696, -0.356358, 0.470772, -0.48154]
[0.600948, -0.002667, -0.356425, 0.470779, -0.481541]
[0.600959, -0.002697, -0.35639, 0.470771, -0.481542]
[0.600968, -0.002688, -0.356393, 0.470768, -0.481541]
[0.600969, -0.00268, -0.35639, 0.470778, -0.481542]
[0.600965, -0.002663, -0.356414, 0.470773, -0.48154]
[0.600977, -0.002663, -0.356439, 0.470777, -0.481541]
[0.600958, -0.002668, -0.356383, 0.47078, -0.48154]
[0.60098, -0.002678, -0.356361, 0.470776, -0.481542]
[0.600953, -0.00269, -0.356385, 0.470777, -0.481541]
[0.600938, -0.002695, -0.356378, 0.470778, -0.481541]
[0.600976, -0.002684, -0.35643, 0.470774, -0.48154]
[0.600972, -0.002685, -0.356422, 0.470775, -0.481541]
[0.600977, -0.002667, -0.356426, 0.470784, -0.481541]
[0.600938, -0.002666, -0.356419, 0.47077, -0.481541]
[0.600961, -0.00267, -0.356375, 0.470776, -0.481541]
[0.600961, -0.002694, -0.356377, 0.470767, -0.481542]
[0.600951, -0.002683, -0.356432, 0.47078, -0.48154]
[0.600966, -0.002678, -0.356383, 0.470777, -0.48154]
[0.600962, -0.002665, -0.356443, 0.470766, -0.481541]
[0.600939, -0.002668, -0.356364, 0.470777, -0.481541]
[0.600956, -0.002679, -0.356443, 0.470772, -0.481541]
[0.600947, -0.002687, -0.356377, 0.470782, -0.48154]
[0.600961, -0.002678, -0.356366, 0.470779, -0.48154]
[0.600954, -0.002692, -0.356438, 0.470775, -0.48154]
[0.600956, -0.002672, -0.356426, 0.47078, -0.48154]
[0.600948, -0.002691, -0.356443, 0.470772, -0.481541]
[0.600948, -0.002696, -0.356394, 0.47078, -0.481541]
[0.600963, -0.002681, -0.356379, 0.470783, -0.48154]
[0.600947, -0.002664, -0.356412, 0.470786, -0.481541]
[0.600957, -0.002683, -0.356386, 0.470768, -0.481542]
[0.600946, -0.002675, -0.35644, 0.470786, -0.48154]
[0.600968, -0.002679, -0.356417, 0.470772, -0.48154]
[0.600938, -0.002677, -0.356378, 0.470777, -0.48154]
[0.600966, -0.002684, -0.356442, 0.470776, -0.481542]
[0.600979, -0.002689, -0.35639, 0.470772, -0.481541]
[0.600958, -0.002672, -0.356384, 0.470786, -0.48154]
[0.600938, -0.00269, -0.356397, 0.470766, -0.481541]
[0.600968, -0.002689, -0.356388, 0.470767, -0.481541]
[0.600947, -0.00267, -0.356437, 0.470781, -0.481541]
[0.600974, -0.002666, -0.356447, 0.470772, -0.48154]
[0.600964, -0.002688, -0.356397, 0.470783, -0.481541]
[0.600979, -0.002683, -0.356358, 0.47077, -0.481542]
[0.600971, -0.002693, -0.356443, 0.470772, -0.481541]
[0.600955, -0.002672, -0.35641, 0.470777, -0.481541]
[0.600946, -0.00267, -0.35639, 0.470786, -0.481541]
[0.600938, -0.002665, -0.356363, 0.470765, -0.481542]
[0.600975, -0.002686, -0.356359, 0.470768, -0.48154]
[0.600953, -0.00269, -0.356418, 0.470778, -0.481541]
[0.600957, -0.002696, -0.356405, 0.470777, -0.48154]
[0.600962, -0.002679, -0.356416, 0.470771, -0.48154]
[0.600969, -0.002677, -0.356415, 0.470776, -0.481542]
[0.60096, -0.002693, -0.356448, 0.470774, -0.481541]
[0.60094, -0.002689, -0.356412, 0.470772, -0.481541]
[0.600955, -0.002686, -0.356427, 0.470773, -0.48154]
[0.600979, -0.002678, -0.356423, 0.470786, -0.481542]
[0.600966, -0.002668, -0.356387, 0.470769, -0.481541]
[0.600949, -0.002695, -0.356403, 0.470785, -0.481541]
[0.600948, -0.002685, -0.356403, 0.470766, -0.481541]
[0.600964, -0.002689, -0.356393, 0.470768, -0.48154]
[0.600979, -0.002673, -0.356419, 0.470771, -0.48154]
[0.600952, -0.002673, -0.356402, 0.470769, -0.48154]
[0.600937, -0.002695, -0.356365, 0.470775, -0.481541]
[0.600947, -0.00268, -0.356447, 0.470778, -0.481541]
[0.60096, -0.002674, -0.356421, 0.470774, -0.48154]
[0.600942, -0.002685, -0.356431, 0.470775, -0.481541]
[0.600956, -0.002672, -0.356409, 0.470778, -0.481541]
[0.600938, -0.002696, -0.356402, 0.470783, -0.481542]
[0.600977, -0.002684, -0.356392, 0.470771, -0.48154]
[0.600938, -0.002665, -0.356437, 0.470765, -0.481541]
[0.60094, -0.002681, -0.35638, 0.470779, -0.481541]
[0.600941, -0.002685, -0.356431, 0.470776, -0.481541]
[0.600942, -0.002685, -0.356431, 0.470776, -0.481541]
[0.600941, -0.002685, -0.356431, 0.470775, -0.481541]
[0.663378, -0.423638, -0.00792, 0.474025, -0.470612]
[0.628346, -0.039359, -0.223614, 0.490866, -0.459965]
[0.626145, -0.32863, -0.487029, 0.453382, -0.458357]
[0.650835, -0.223169, -0.408596, 0.473293, -0.466827]
[0.669521, -0.126242, -0.163683, 0.499438, -0.471811]
[0.663896, -0.139007, 0.273505, 0.469729, -0.473756]
[0.630265, -0.120707, -0.174977, 0.471352, -0.468516]
[0.625484, -0.047305, -0.128663, 0.471652, -0.451701]
[0.673662, 0.076655, 0.034561, 0.471827, -0.474457]
[0.646155, 0.365468, 0.023425, 0.473333, -0.495637]
[0.622849, 0.374777, -0.331469, 0.477386, -0.484757]
[0.639094, 0.092555, 0.105684, 0.478974, -0.468821]
[0.643439, 0.499422, 0.257136, 0.480075, -0.451121]
[0.641435, 0.2414, 0.335548, 0.485712, -0.496635]
[0.664769, -0.200848, -0.231918, 0.455774, -0.489377]
[0.635073, 0.344742, -0.322813, 0.461427, -0.461457]
[0.671918, -0.441182, -0.409758, 0.473637, -0.458892]
[0.678068, -0.02617, 0.367674, 0.481743, -0.49859]
[0.669656, 0.019533, 0.194268, 0.482136, -0.458968]
[0.625349, 0.121705, 0.424197, 0.465166, -0.485396]
[0.630411, -0.295049, 0.194737, 0.480682, -0.47184]
[0.671489, -0.382, -0.131562, 0.483357, -0.459941]
[0.609131, -0.100718, 0.028819, 0.491037, -0.476208]
[0.662192, -0.314529, 0.316135, 0.45105, -0.451865]
[0.643116, 0.402138, -0.316429, 0.464257, -0.49415]
[0.665405, 0.450599, 0.13758, 0.4613, -0.485871]
[0.620858, -0.202709, -0.368545, 0.490726, -0.45153]
[0.665319, 0.237721, -0.450982, 0.453859, -0.479108]
[0.642071, 0.334133, 0.336303, 0.451901, -0.474005]
[0.622246, 0.467555, -0.486374, 0.47554, -0.450881]
[0.656973, -0.306884, -0.317285, 0.466215, -0.472747]
[0.612335, -0.400366, -0.031118, 0.494482, -0.488277]
[0.646583, 0.315958, -0.141301, 0.485317, -0.49239]
[0.642359, 0.095631, -0.295602, 0.492979, -0.473481]
[0.63443, 0.492633, -0.107541, 0.458314, -0.493692]
[0.67812, 0.484707, -0.428681, 0.476663, -0.455675]
[0.630864, 0.457121, 0.090157, 0.48473, -0.470301]
[0.644493, 0.475661, -0.15125, 0.470198, -0.461031]
[0.676072, 0.230225, -0.390056, 0.45125, -0.46609]
[0.614208, 0.496841, -0.099695, 0.470657, -0.466147]
[0.660497, -0.369875, 0.253292, 0.467196, -0.490741]
[0.651057, 0.480601, -0.003252, 0.490515, -0.473866]
[0.651846, -0.384162, 0.442479, 0.459892, -0.453524]
[0.65429, -0.159436, 0.013468, 0.462824, -0.484669]
[0.645906, -0.216823, -0.260554, 0.465506, -0.480254]
[0.648812, 0.440407, 0.233146, 0.490071, -0.471946]
[0.646039, 0.372149, 0.349019, 0.482696, -0.476337]
[0.631481, 0.378931, -0.000559, 0.491851, -0.48945]
[0.638197, -0.278573, 0.495124, 0.494473, -0.495814]
[0.674438, 0.354032, 0.26071, 0.480103, -0.496516]
[0.617412, -0.4775, 0.081771, 0.489059, -0.470806]
[0.676476, 0.367824, 0.008392, 0.467182, -0.470372]
[0.627027, -0.066121, -0.480424, 0.495945, -0.489696]
[0.607465, -0.346414, -0.222382, 0.487458, -0.481013]
[0.655274, -0.047379, 0.121023, 0.458872, -0.477058]
[0.658429, -0.255168, 0.132747, 0.477375, -0.485595]
[0.635701, 0.47582, -0.043992, 0.47837, -0.491565]
[0.673066, -0.415831, 0.387464, 0.46906, -0.451166]
[0.655665, 0.217856, -0.238748, 0.481492, -0.456686]
[0.6678, -0.323151, -0.402615, 0.47915, -0.46612]
[0.638099, -0.42577, -0.059322, 0.453742, -0.494198]
[0.604708, 0.182196, -0.294375, 0.466048, -0.47149]
[0.625429, 0.103313, -0.267584, 0.480613, -0.497464]
[0.626403, 0.129754, 0.251623, 0.498482, -0.483288]
[0.66633, -0.442576, 0.40607, 0.46918, -0.480339]
[0.634881, 0.103539, -0.237849, 0.497392, -0.452081]
[0.671436, -0.463119, -0.261726, 0.483442, -0.472652]
[0.633461, 0.461277, -0.082535, 0.458769, -0.470724]
[0.629836, -0.094032, -0.124179, 0.498452, -0.457206]
[0.628549, 0.483497, -0.089816, 0.470558, -0.493763]
[0.655778, -0.306802, -0.084533, 0.451141, -0.487486]
[0.642425, 0.447601, -0.046774, 0.495105, -0.484627]
[0.678018, -0.112965, 0.286122, 0.473335, -0.498405]
[0.655429, 0.145636, -0.040405, 0.493404, -0.478498]
[0.673778, 0.375625, 0.401629, 0.492072, -0.496762]
[0.614755, -0.031547, 0.406838, 0.483993, -0.476811]
[0.616523, 0.340955, -0.325392, 0.461761, -0.475987]
[0.622566, 0.365044, 0.326969, 0.496838, -0.469004]
[0.627297, 0.20002, -0.286234, 0.475211, -0.486887]
[0.630245, -0.109808, 0.327503, 0.457653, -0.478392]
[0.641969, 0.059745, 0.430194, 0.478331, -0.489509]
[0.63005, 0.157436, 0.498885, 0.457739, -0.495176]
[0.665368, -0.110557, -0.047402, 0.483006, -0.481493]
[0.646105, 0.20759, -0.36767, 0.453939, -0.454122]
[0.632052, -0.294417, 0.342791, 0.469488, -0.474003]
[0.62288, 0.348498, 0.215878, 0.489358, -0.471243]
[0.646943, 0.105482, 0.366191, 0.45732, -0.469912]
[0.609605, -0.040659, -0.060901, 0.479317, -0.483347]
[0.677906, 0.093999, 0.386501, 0.475581, -0.46552]
[0.679238, 0.116598, 0.430952, 0.455584, -0.49243]
[0.668765, 0.150569, 0.388826, 0.496213, -0.455705]
[0.644227, 0.481101, -0.437246, 0.491517, -0.472376]
[0.607081, 0.157899, -0.194617, 0.478685, -0.472108]
[0.627876, -0.460166, -0.405097, 0.47729, -0.479137]
[0.609244, 0.389458, 0.299442, 0.451611, -0.493334]
[0.613462, 0.020952, -0.467349, 0.484144, -0.494918]
[0.627379, -0.428145, -0.287493, 0.49172, -0.453722]
[0.640579, -0.242851, 0.024895, 0.475092, -0.459335]
[0.663154, 0.016422, 0.078553, 0.451726, -0.462897]
[0.614349, -0.123771, -0.245766, 0.454594, -0.451931]
[0.674133, -0.405424, 0.2566, 0.496198, -0.455884]
[0.61422, 0.442863, -0.379333, 0.497133, -0.451759]
[0.608369, -0.052655, -0.115032, 0.469828, -0.465423]
[0.612293, -0.202549, -0.131125, 0.480591, -0.493875]
[0.608976, 0.136489, -0.173512, 0.463049, -0.465068]
[0.662351, 0.148901, 0.453474, 0.486134, -0.490422]
[0.601468, 0.013835, 0.071708, 0.457936, -0.476576]
[0.65407, 0.461315, 0.395434, 0.463054, -0.498956]
[0.632437, 0.340218, 0.201223, 0.470859, -0.469446]
[0.634682, -0.115949, -0.422875, 0.457333, -0.477968]
[0.660423, -0.320786, 0.096471, 0.498106, -0.461477]
[0.650816, -0.298489, 0.398598, 0.473486, -0.469668]
[0.643355, 0.351416, -0.144523, 0.461338, -0.478776]
[0.644807, 0.161217, 0.125717, 0.496066, -0.470443]
[0.670994, -0.460094, -0.451283, 0.487233, -0.471749]
[0.67717, 0.395515, -0.497884, 0.495533, -0.454347]
[0.661277, 0.417625, 0.405758, 0.492038, -0.479674]
[0.669146, -0.408877, 0.193498, 0.486437, -0.495441]
[0.620779, 0.327793, 0.302595, 0.457601, -0.477975]
[0.630916, 0.487147, -0.494275, 0.482354, -0.497253]
[0.623453, -0.358291, -0.267636, 0.477133, -0.473427]
[0.608665, 0.462177, -0.384818, 0.457076, -0.498033]
[0.641841, 0.479742, 0.377452, 0.455781, -0.498325]
[0.639075, 0.426639, 0.449166, 0.48937, -0.461058]
[0.632629, 0.149527, -0.042979, 0.49823, -0.46061]
[0.664308, 0.327313, -0.313214, 0.474416, -0.46865]
[0.664402, 0.477234, -0.295646, 0.471642, -0.459307]
[0.625094, 0.194478, -0.137925, 0.467374, -0.497987]
[0.653991, 0.371827, 0.429772, 0.49524, -0.490471]
[0.640639, -0.348627, -0.352072, 0.464761, -0.46971]
[0.631, -0.06099, 0.301217, 0.474426, -0.490985]
[0.663262, 0.358374, -0.09454, 0.451742, -0.478798]
[0.623281, 0.391278, 0.097069, 0.482039, -0.466783]
[0.672127, 0.419947, -0.060377, 0.45935, -0.492825]
[0.634058, -0.362366, -0.003214, 0.479798, -0.470503]
[0.663287, -0.147488, -0.106294, 0.461947, -0.4737]
[0.676193, -0.120583, 0.408394, 0.47616, -0.466048]
[0.629297, -0.186638, 0.256055, 0.496291, -0.495352]
[0.625452, 0.252149, -0.467938, 0.487605, -0.480061]
[0.668845, -0.263892, -0.499875, 0.450887, -0.478442]
[0.624794, -0.112981, 0.467214, 0.458291, -0.465349]
[0.621534, 0.392223, -0.259364, 0.480941, -0.45011]
[0.631845, 0.437221, -0.010651, 0.492557, -0.470288]
[0.659886, 0.064624, 0.012396, 0.491573, -0.458888]
[0.660389, -0.36025, 0.060526, 0.492601, -0.465177]
[0.626269, 0.182256, 0.198525, 0.455554, -0.452909]
[0.661682, 0.081047, -0.185828, 0.492726, -0.462799]
[0.614085, 0.060663, -0.196106, 0.468152, -0.458385]
[0.63061, -0.261248, 0.144911, 0.484955, -0.475372]
[0.614653, 0.386833, -0.318665, 0.458012, -0.459172]
[0.613255, 0.029, -0.464132, 0.484067, -0.49487]
[0.613312, 0.030061, -0.468788, 0.484078, -0.4949]
[0.613303, 0.019873, -0.467407, 0.484152, -0.494882]
[0.613321, 0.031008, -0.465282, 0.484349, -0.494771]
[0.61327, 0.022209, -0.46828, 0.484312, -0.4948]
[0.613313, 0.032924, -0.468155, 0.484451, -0.494807]
[0.613346, 0.019651, -0.463673, 0.484177, -0.494856]
[0.613488, 0.031567, -0.465732, 0.484448, -0.494754]
[0.613441, 0.024121, -0.464305, 0.484251, -0.494759]
[0.613426, 0.021195, -0.463668, 0.48426, -0.494806]
[0.613535, 0.024327, -0.468846, 0.484354, -0.494825]
[0.613281, 0.021256, -0.465688, 0.484231, -0.494749]
[0.613295, 0.022604, -0.467594, 0.484166, -0.494937]
[0.613388, 0.021583, -0.466908, 0.484252, -0.494921]
[0.613568, 0.018709, -0.46653, 0.484332, -0.494755]
[0.613549, 0.0308, -0.469309, 0.484248, -0.494886]
[0.61351, 0.026736, -0.465584, 0.484084, -0.494749]
[0.613366, 0.020894, -0.466004, 0.484201, -0.494785]
[0.61344, 0.025557, -0.465716, 0.484237, -0.49483]
[0.613287, 0.030432, -0.468409, 0.48429, -0.49475]
[0.613346, 0.027086, -0.46584, 0.484211, -0.494855]
[0.613302, 0.025982, -0.464399, 0.484225, -0.494758]
[0.613466, 0.031666, -0.464433, 0.484063, -0.494788]
[0.613374, 0.024246, -0.465381, 0.484224, -0.494798]
[0.613273, 0.027248, -0.463548, 0.484108, -0.494824]
[0.613497, 0.022862, -0.467354, 0.48437, -0.494887]
[0.613322, 0.021982, -0.468028, 0.484368, -0.494808]
[0.613492, 0.019842, -0.469148, 0.484261, -0.494901]
[0.613359, 0.02914, -0.466564, 0.484427, -0.49484]
[0.613418, 0.018845, -0.467869, 0.484102, -0.494749]
[0.613459, 0.023857, -0.469383, 0.484321, -0.494868]
[0.613585, 0.031558, -0.46851, 0.484178, -0.494926]
[0.613429, 0.032271, -0.465362, 0.484173, -0.494769]
[0.613368, 0.019556, -0.468381, 0.484086, -0.494918]
[0.613428, 0.02422, -0.467683, 0.484456, -0.494848]
[0.613293, 0.026006, -0.463865, 0.484442, -0.494833]
[0.613388, 0.019804, -0.465854, 0.484282, -0.494935]
[0.613455, 0.017501, -0.465144, 0.484146, -0.494908]
[0.613528, 0.022306, -0.468333, 0.484069, -0.494797]
[0.613271, 0.027611, -0.467022, 0.484109, -0.494815]
[0.613542, 0.022433, -0.465102, 0.48417, -0.494873]
[0.613313, 0.028104, -0.464047, 0.48421, -0.494922]
[0.61335, 0.030874, -0.467685, 0.484423, -0.494813]
[0.613387, 0.026377, -0.464611, 0.484223, -0.494825]
[0.613529, 0.033077, -0.465488, 0.484257, -0.494867]
[0.613534, 0.021388, -0.467542, 0.484063, -0.494873]
[0.613537, 0.028372, -0.464847, 0.484441, -0.494891]
[0.613564, 0.022251, -0.463816, 0.484427, -0.494782]
[0.613371, 0.024859, -0.464213, 0.484299, -0.494917]
[0.613331, 0.029666, -0.463835, 0.48428, -0.49485]
[0.613381, 0.032998, -0.46485, 0.484335, -0.494815]
[0.613292, 0.033282, -0.464067, 0.484409, -0.49476]
[0.613568, 0.024724, -0.468711, 0.484166, -0.494883]
[0.613508, 0.033141, -0.466812, 0.484376, -0.494829]
[0.61339, 0.026838, -0.463541, 0.484461, -0.494771]
[0.613411, 0.021386, -0.466743, 0.484251, -0.494892]
[0.61332, 0.02836, -0.466759, 0.484199, -0.494822]
[0.613553, 0.030253, -0.463725, 0.484089, -0.494908]
[0.613398, 0.021521, -0.467823, 0.484158, -0.494813]
[0.613517, 0.017918, -0.465006, 0.484267, -0.494893]
[0.613547, 0.018555, -0.467151, 0.484365, -0.494791]
[0.613274, 0.031164, -0.46875, 0.484262, -0.494892]
[0.613464, 0.018976, -0.466187, 0.484209, -0.494901]
[0.613384, 0.024414, -0.466461, 0.484365, -0.494793]
[0.613519, 0.020633, -0.46509, 0.484344, -0.494796]
[0.61358, 0.017965, -0.464089, 0.484449, -0.494857]
[0.613517, 0.031744, -0.463481, 0.48422, -0.494796]
[0.613254, 0.025452, -0.464518, 0.484313, -0.494913]
[0.613566, 0.026383, -0.466075, 0.484305, -0.494884]
[0.613339, 0.028144, -0.46835, 0.484329, -0.494885]
[0.613263, 0.023355, -0.464482, 0.484331, -0.494857]
[0.613326, 0.022128, -0.463763, 0.484088, -0.494852]
[0.613507, 0.022122, -0.463943, 0.484387, -0.494928]
[0.613556, 0.017784, -0.468725, 0.48421, -0.494752]
[0.613352, 0.019897, -0.464786, 0.484174, -0.494891]
[0.613495, 0.023717, -0.464981, 0.484106, -0.494823]
[0.613462, 0.026026, -0.466823, 0.484137, -0.494898]
[0.613534, 0.022104, -0.463603, 0.484363, -0.494919]
[0.613385, 0.03041, -0.46926, 0.484194, -0.494857]
[0.61353, 0.026209, -0.467338, 0.484438, -0.494909]
[0.61337, 0.020823, -0.465366, 0.484184, -0.49476]
[0.613559, 0.031868, -0.467654, 0.484274, -0.494881]
[0.613292, 0.027814, -0.46372, 0.48431, -0.49484]
[0.613508, 0.028152, -0.468847, 0.484258, -0.494785]
[0.613481, 0.032954, -0.466866, 0.484299, -0.494905]
[0.613581, 0.031594, -0.467602, 0.484365, -0.494834]
[0.613454, 0.019208, -0.468652, 0.484218, -0.494857]
[0.613474, 0.018344, -0.469, 0.484364, -0.494767]
[0.613265, 0.020976, -0.464141, 0.484403, -0.494806]
[0.613428, 0.028755, -0.468716, 0.484292, -0.494931]
[0.613267, 0.026563, -0.467515, 0.484079, -0.494808]
[0.613584, 0.027794, -0.467264, 0.484068, -0.49479]
[0.613334, 0.017832, -0.467425, 0.484144, -0.494837]
[0.613417, 0.018348, -0.46753, 0.484296, -0.494934]
[0.6133, 0.022258, -0.465509, 0.484185, -0.494845]
[0.613546, 0.020123, -0.464487, 0.484079, -0.494873]
[0.613461, 0.026503, -0.466519, 0.484067, -0.494823]
[0.613457, 0.017985, -0.467844, 0.484181, -0.494902]
[0.613248, 0.03008, -0.466408, 0.484072, -0.494847]
[0.613516, 0.024547, -0.468798, 0.484296, -0.494841]
[0.61333, 0.027829, -0.465935, 0.484435, -0.49477]
[0.613273, 0.02348, -0.466165, 0.484394, -0.494785]
[0.613322, 0.020504, -0.464799, 0.484064, -0.494894]
[0.613423, 0.032182, -0.466179, 0.484131, -0.494856]
[0.613571, 0.025784, -0.468076, 0.484356, -0.494914]
[0.613496, 0.024387, -0.468047, 0.484201, -0.494855]
[0.61338, 0.02825, -0.464547, 0.484282, -0.494874]
[0.613514, 0.021628, -0.465945, 0.48441, -0.494931]
[0.613501, 0.025034, -0.468147, 0.484392, -0.494756]
[0.613355, 0.021504, -0.463503, 0.484384, -0.494872]
[0.613321, 0.031166, -0.464746, 0.48428, -0.494771]
[0.613315, 0.020687, -0.464211, 0.484087, -0.494911]
[0.613411, 0.025048, -0.467768, 0.484137, -0.494831]
[0.613584, 0.019911, -0.466844, 0.484098, -0.494826]
[0.613574, 0.017607, -0.46923, 0.484173, -0.494878]
[0.613319, 0.017494, -0.468057, 0.484299, -0.494891]
[0.613514, 0.025956, -0.46906, 0.484318, -0.494771]
[0.613403, 0.031761, -0.46757, 0.484091, -0.494915]
[0.61325, 0.029004, -0.466935, 0.48433, -0.494858]
[0.613417, 0.02103, -0.468299, 0.484292, -0.494751]
[0.6135, 0.019412, -0.46799, 0.484393, -0.494932]
[0.613583, 0.028361, -0.466263, 0.484399, -0.494898]
[0.61355, 0.02804, -0.468239, 0.484229, -0.494865]
[0.613321, 0.026086, -0.465432, 0.484399, -0.494802]
[0.613533, 0.029622, -0.466317, 0.484166, -0.494749]
[0.613344, 0.031845, -0.464967, 0.484306, -0.494764]
[0.613531, 0.025373, -0.464866, 0.484185, -0.494932]
[0.613335, 0.019742, -0.465166, 0.484079, -0.494758]
[0.613558, 0.029238, -0.466554, 0.484065, -0.494811]
[0.613565, 0.018288, -0.466723, 0.484427, -0.494884]
[0.613524, 0.020919, -0.46772, 0.484255, -0.494802]
[0.613565, 0.021409, -0.468021, 0.484458, -0.49478]
[0.613249, 0.026948, -0.467927, 0.484077, -0.494879]
[0.613394, 0.027749, -0.467515, 0.484218, -0.494848]
[0.613491, 0.017582, -0.468022, 0.484129, -0.494877]
[0.613447, 0.024177, -0.467677, 0.484068, -0.494905]
[0.61353, 0.02747, -0.466276, 0.484314, -0.494801]
[0.61358, 0.028078, -0.467588, 0.484408, -0.494827]
[0.613269, 0.028598, -0.466494, 0.484358, -0.494899]
[0.613329, 0.028713, -0.46805, 0.484322, -0.494804]
[0.61345, 0.017708, -0.465207, 0.484309, -0.49488]
[0.613438, 0.030994, -0.467193, 0.484137, -0.494753]
[0.613351, 0.032454, -0.4656, 0.484423, -0.494787]
[0.613497, 0.021488, -0.465902, 0.484175, -0.494837]
[0.613499, 0.018151, -0.465753, 0.484384, -0.494891]
[0.613265, 0.027833, -0.46432, 0.48408, -0.494851]
[0.613489, 0.020508, -0.464188, 0.484457, -0.494805]
[0.613335, 0.02758, -0.469173, 0.484398, -0.494906]
[0.613471, 0.032131, -0.464845, 0.484202, -0.494797]
[0.61358, 0.01928, -0.463712, 0.484177, -0.494824]
[0.613594, 0.018146, -0.464112, 0.484449, -0.494856]
[0.613593, 0.018186, -0.464103, 0.48445, -0.494857]
[0.613579, 0.018004, -0.464102, 0.484449, -0.494857]
[0.613586, 0.018152, -0.464112, 0.484449, -0.494856]
[0.613591, 0.017989, -0.464118, 0.484449, -0.494857]
[0.613588, 0.018097, -0.464085, 0.48445, -0.494856]
[0.613587, 0.018186, -0.464089, 0.484449, -0.494856]
[0.613589, 0.018138, -0.464122, 0.484449, -0.494857]
[0.613594, 0.017969, -0.464095, 0.48445, -0.494856]
[0.61359, 0.018127, -0.464121, 0.484449, -0.494856]
[0.613588, 0.018005, -0.464084, 0.484449, -0.494857]
[0.61359, 0.018069, -0.464096, 0.48445, -0.494857]
[0.61358, 0.017955, -0.464096, 0.484449, -0.494856]
[0.613594, 0.018182, -0.464125, 0.48445, -0.494856]
[0.61358, 0.018124, -0.464094, 0.484449, -0.494857]
[0.613589, 0.018155, -0.464088, 0.484449, -0.494857]
[0.613585, 0.018178, -0.464111, 0.48445, -0.494856]
[0.613595, 0.018018, -0.464115, 0.484449, -0.494856]
[0.613589, 0.018158, -0.46409, 0.48445, -0.494857]
[0.613588, 0.01811, -0.464085, 0.48445, -0.494857]
[0.613592, 0.018047, -0.464118, 0.48445, -0.494857]
[0.613584, 0.017963, -0.464106, 0.48445, -0.494857]
[0.613583, 0.018039, -0.464103, 0.484449, -0.494856]
[0.613587, 0.017965, -0.4641, 0.484449, -0.494856]
[0.613595, 0.018069, -0.464097, 0.48445, -0.494856]
[0.613591, 0.017997, -0.46409, 0.48445, -0.494857]
[0.613586, 0.018117, -0.46412, 0.48445, -0.494856]
[0.613592, 0.018186, -0.464083, 0.484449, -0.494856]
[0.613582, 0.018105, -0.464112, 0.484449, -0.494857]
[0.613591, 0.018174, -0.464099, 0.484449, -0.494856]
[0.613596, 0.018047, -0.464113, 0.484449, -0.494857]
[0.61358, 0.018039, -0.464115, 0.484449, -0.494857]
[0.61359, 0.018068, -0.464085, 0.484449, -0.494856]
[0.613582, 0.018143, -0.464101, 0.48445, -0.494856]
[0.613581, 0.018072, -0.464121, 0.48445, -0.494856]
[0.613595, 0.018074, -0.464104, 0.48445, -0.494857]
[0.613583, 0.018179, -0.46411, 0.48445, -0.494856]
[0.613587, 0.018183, -0.46409, 0.484449, -0.494857]
[0.613591, 0.018151, -0.464095, 0.484449, -0.494857]
[0.613596, 0.018025, -0.464088, 0.484449, -0.494857]
[0.613595, 0.018006, -0.464105, 0.484449, -0.494856]
[0.613591, 0.017964, -0.464113, 0.48445, -0.494857]
[0.61358, 0.018073, -0.464125, 0.48445, -0.494856]
[0.613583, 0.018065, -0.464091, 0.48445, -0.494857]
[0.613591, 0.018063, -0.464092, 0.48445, -0.494856]
[0.613588, 0.017993, -0.464097, 0.48445, -0.494857]
[0.613592, 0.01819, -0.464096, 0.48445, -0.494857]
[0.613585, 0.018023, -0.46412, 0.484449, -0.494856]
[0.613582, 0.018062, -0.464115, 0.484449, -0.494857]
[0.613582, 0.018145, -0.464095, 0.48445, -0.494857]
[0.613584, 0.017979, -0.464117, 0.48445, -0.494856]
[0.613593, 0.018022, -0.4641, 0.484449, -0.494857]
[0.613593, 0.017986, -0.464089, 0.484449, -0.494857]
[0.613588, 0.018042, -0.464095, 0.48445, -0.494857]
[0.613593, 0.017986, -0.464109, 0.48445, -0.494857]
[0.613589, 0.018104, -0.464103, 0.484449, -0.494856]
[0.613591, 0.018135, -0.464108, 0.484449, -0.494857]
[0.613592, 0.018108, -0.46412, 0.484449, -0.494857]
[0.613582, 0.018182, -0.464106, 0.48445, -0.494856]
[0.613581, 0.018034, -0.464117, 0.484449, -0.494857]
[0.61359, 0.018032, -0.464118, 0.484449, -0.494857]
[0.613591, 0.017995, -0.464097, 0.48445, -0.494857]
[0.613594, 0.018102, -0.464111, 0.484449, -0.494856]
[0.61359, 0.018029, -0.464088, 0.48445, -0.494857]
[0.613589, 0.018014, -0.464095, 0.484449, -0.494857]
[0.61359, 0.018048, -0.464082, 0.48445, -0.494856]
[0.613592, 0.017994, -0.464122, 0.48445, -0.494857]
[0.613586, 0.018119, -0.464106, 0.484449, -0.494857]
[0.613587, 0.018176, -0.464123, 0.48445, -0.494857]
[0.613584, 0.018017, -0.464084, 0.484449, -0.494857]
[0.613582, 0.018092, -0.4641, 0.48445, -0.494856]
[0.613581, 0.017992, -0.464083, 0.48445, -0.494856]
[0.613592, 0.018155, -0.464085, 0.484449, -0.494856]
[0.613589, 0.018129, -0.464087, 0.48445, -0.494856]
[0.613582, 0.01808, -0.464102, 0.48445, -0.494857]
[0.613594, 0.017957, -0.464122, 0.484449, -0.494857]
[0.613583, 0.018167, -0.464123, 0.484449, -0.494856]
[0.613593, 0.018135, -0.464095, 0.48445, -0.494857]
[0.61359, 0.018056, -0.464082, 0.48445, -0.494857]
[0.613586, 0.018089, -0.46408, 0.48445, -0.494856]
[0.613579, 0.018067, -0.464087, 0.48445, -0.494856]
[0.613592, 0.018052, -0.464118, 0.48445, -0.494856]
[0.61359, 0.018123, -0.464103, 0.48445, -0.494857]
[0.613592, 0.018088, -0.464101, 0.484449, -0.494857]
[0.613591, 0.01813, -0.464113, 0.484449, -0.494856]
[0.613585, 0.018096, -0.464125, 0.48445, -0.494856]
[0.613593, 0.017987, -0.464109, 0.48445, -0.494856]
[0.613589, 0.018007, -0.464103, 0.484449, -0.494857]
[0.613583, 0.017979, -0.464087, 0.484449, -0.494857]
[0.613583, 0.018078, -0.464112, 0.48445, -0.494856]
[0.613589, 0.017965, -0.464087, 0.48445, -0.494856]
[0.61358, 0.018073, -0.464123, 0.48445, -0.494856]
[0.61359, 0.018165, -0.464098, 0.484449, -0.494856]
[0.613581, 0.018176, -0.464125, 0.48445, -0.494857]
[0.613588, 0.018097, -0.464092, 0.48445, -0.494857]
[0.613587, 0.018118, -0.464112, 0.484449, -0.494856]
[0.613585, 0.018013, -0.464099, 0.484449, -0.494857]
[0.613585, 0.018018, -0.464087, 0.484449, -0.494857]
[0.613593, 0.018166, -0.464111, 0.484449, -0.494857]
[0.613594, 0.018013, -0.464088, 0.48445, -0.494857]
[0.613581, 0.018061, -0.464086, 0.48445, -0.494857]
[0.613593, 0.017966, -0.464081, 0.48445, -0.494857]
[0.613581, 0.018154, -0.464104, 0.48445, -0.494856]
[0.613588, 0.017975, -0.464085, 0.484449, -0.494856]
[0.613584, 0.018155, -0.464111, 0.484449, -0.494857]
[0.613588, 0.018076, -0.464088, 0.48445, -0.494856]
[0.613594, 0.018093, -0.464087, 0.484449, -0.494856]
[0.613595, 0.018182, -0.46412, 0.484449, -0.494856]
[0.613591, 0.018189, -0.4641, 0.48445, -0.494856]
[0.613585, 0.018001, -0.464114, 0.484449, -0.494857]
[0.613586, 0.01806, -0.464089, 0.484449, -0.494856]
[0.613588, 0.01804, -0.4641, 0.48445, -0.494856]
[0.613589, 0.018101, -0.464124, 0.484449, -0.494856]
[0.613595, 0.018129, -0.464083, 0.484449, -0.494856]
[0.613592, 0.017969, -0.464092, 0.48445, -0.494857]
[0.613589, 0.018099, -0.464102, 0.484449, -0.494856]
[0.613588, 0.017956, -0.464112, 0.48445, -0.494856]
[0.613581, 0.018122, -0.464099, 0.484449, -0.494856]
[0.613588, 0.018186, -0.4641, 0.48445, -0.494857]
[0.613579, 0.018072, -0.464124, 0.48445, -0.494857]
[0.613583, 0.01797, -0.464079, 0.484449, -0.494857]
[0.613589, 0.018114, -0.464109, 0.48445, -0.494856]
[0.613581, 0.018064, -0.464119, 0.484449, -0.494857]
[0.613585, 0.017976, -0.464118, 0.48445, -0.494856]
[0.613592, 0.018117, -0.464104, 0.484449, -0.494856]
[0.613585, 0.018109, -0.464083, 0.48445, -0.494857]
[0.613592, 0.017976, -0.464114, 0.48445, -0.494857]
[0.613586, 0.018167, -0.464124, 0.48445, -0.494857]
[0.61358, 0.018178, -0.464112, 0.48445, -0.494857]
[0.61358, 0.018162, -0.464105, 0.484449, -0.494857]
[0.613589, 0.018049, -0.464122, 0.484449, -0.494856]
[0.613581, 0.017954, -0.46408, 0.48445, -0.494857]
[0.613584, 0.017956, -0.464093, 0.484449, -0.494856]
[0.613581, 0.018129, -0.464103, 0.48445, -0.494856]
[0.613584, 0.018013, -0.464099, 0.48445, -0.494857]
[0.613591, 0.017997, -0.464122, 0.48445, -0.494857]
[0.613588, 0.018002, -0.464098, 0.484449, -0.494857]
[0.61359, 0.01804, -0.464097, 0.484449, -0.494857]
[0.613588, 0.01816, -0.464112, 0.48445, -0.494856]
[0.61358, 0.018183, -0.46412, 0.48445, -0.494857]
[0.613582, 0.018025, -0.464121, 0.484449, -0.494857]
[0.613586, 0.018161, -0.464086, 0.484449, -0.494857]
[0.613582, 0.018138, -0.464125, 0.484449, -0.494857]
[0.613592, 0.018009, -0.464105, 0.48445, -0.494856]
[0.613584, 0.018141, -0.464097, 0.484449, -0.494857]
[0.613593, 0.018164, -0.464108, 0.484449, -0.494856]
[0.613581, 0.018095, -0.464098, 0.484449, -0.494857]
[0.613584, 0.017956, -0.464115, 0.48445, -0.494857]
[0.613582, 0.018077, -0.464098, 0.48445, -0.494856]
[0.613586, 0.018171, -0.464109, 0.48445, -0.494857]
[0.613581, 0.017952, -0.46408, 0.48445, -0.494857]
[0.613581, 0.017953, -0.46408, 0.48445, -0.494857]
[0.613581, 0.017953, -0.464079, 0.48445, -0.494857]
[0.613581, 0.017954, -0.464079, 0.48445, -0.494857]
[0.613581, 0.017955, -0.46408, 0.48445, -0.494857]
[0.613581, 0.017952, -0.464079, 0.48445, -0.494857]
[0.613581, 0.017955, -0.464079, 0.48445, -0.494857]
