Status: violated
Adversarial inputs found:
  [-0.323126, 0.034963, -0.499657, -0.359903, -0.277857]
  [-0.322009, 0.038441, -0.499742, -0.234182, -0.45726]
  [-0.322366, 0.040086, -0.49996, -0.286175, -0.338995]
  [-0.323988, 0.038815, -0.499833, -0.374147, -0.214635]
  [-0.322514, 0.045005, -0.499301, -0.402723, -0.338226]
  [-0.322895, 0.056648, -0.499853, -0.499004, -0.390225]
  [-0.323897, 0.036158, -0.499901, -0.260634, -0.442273]
  [-0.321851, 0.050687, -0.499905, -0.316533, -0.442542]
  [-0.322161, 0.032923, -0.499745, -0.335974, -0.378952]
  [-0.323976, 0.062381, -0.49934, -0.227988, -0.487533]
  [-0.323204, 0.051863, -0.499813, -0.279725, -0.394588]
  [-0.321813, 0.05936, -0.499853, -0.346354, -0.337555]
  [-0.324058, 0.037068, -0.499853, -0.272834, -0.49876]
  [-0.323165, 0.06078, -0.499269, -0.459228, -0.428539]
  [-0.323119, 0.062678, -0.499764, -0.438901, -0.326245]
  [-0.324178, 0.048364, -0.499821, -0.327212, -0.45369]
  [-0.323434, 0.041465, -0.499738, -0.333514, -0.493129]
  [-0.322313, 0.059796, -0.49973, -0.402911, -0.492113]
  [-0.322621, 0.03993, -0.499602, -0.284828, -0.350265]
  [-0.322352, 0.034825, -0.49934, -0.448236, -0.275312]
  [-0.322986, 0.056821, -0.499883, -0.499035, -0.458498]
  [-0.323769, 0.06004, -0.499765, -0.362979, -0.488334]
  [-0.322964, 0.040404, -0.499974, -0.409183, -0.355458]
  [-0.322855, 0.040601, -0.499781, -0.446211, -0.2583]
  [-0.323948, 0.061037, -0.499505, -0.365787, -0.269797]
  [-0.323635, 0.042182, -0.499354, -0.315344, -0.440651]
  [-0.322767, 0.043648, -0.4999, -0.285412, -0.179196]
  [-0.323862, 0.045505, -0.499958, -0.35507, -0.367504]
  [-0.322877, 0.042335, -0.499875, -0.484404, -0.392886]
  [-0.321942, 0.053835, -0.499381, -0.333575, -0.458438]
  [-0.322607, 0.03534, -0.499577, -0.395017, -0.284552]
  [-0.323985, 0.036599, -0.499296, -0.306433, -0.316861]
  [-0.321919, 0.040618, -0.499491, -0.31216, -0.464722]
  [-0.322253, 0.060686, -0.499627, -0.285231, -0.321036]
  [-0.32281, 0.060447, -0.499957, -0.352894, -0.356571]
  [-0.323736, 0.053117, -0.499616, -0.335138, -0.340361]
  [-0.323794, 0.061965, -0.499461, -0.28425, -0.327453]
  [-0.322293, 0.056516, -0.499723, -0.297937, -0.340958]
  [-0.322876, 0.049304, -0.499781, -0.254383, -0.286543]
  [-0.322891, 0.036961, -0.499681, -0.241434, -0.484213]
  [-0.322047, 0.051201, -0.499737, -0.320619, -0.309148]
  [-0.322927, 0.054517, -0.499371, -0.363179, -0.410996]
  [-0.322064, 0.033791, -0.499263, -0.288399, -0.452907]
  [-0.324217, 0.035782, -0.499475, -0.347803, -0.233715]
  [-0.324268, 0.060812, -0.499244, -0.453656, -0.186068]
  [-0.322443, 0.045476, -0.499531, -0.26004, -0.227248]
  [-0.322191, 0.053832, -0.499283, -0.343595, -0.450558]
  [-0.322225, 0.062226, -0.49925, -0.373815, -0.208379]
  [-0.324147, 0.049656, -0.499591, -0.333536, -0.435165]
  [-0.323211, 0.035915, -0.499835, -0.363988, -0.329264]
  [-0.323187, 0.031949, -0.499571, -0.400139, -0.272434]
  [-0.324004, 0.052169, -0.49944, -0.325122, -0.178256]
  [-0.322971, 0.034173, -0.499423, -0.330669, -0.172117]
  [-0.323779, 0.042184, -0.499884, -0.30391, -0.440274]
  [-0.323491, 0.047114, -0.4998, -0.469571, -0.288745]
  [-0.32279, 0.060149, -0.499458, -0.306302, -0.168336]
  [-0.32183, 0.048596, -0.499578, -0.47314, -0.490235]
  [-0.322169, 0.04333, -0.499518, -0.407791, -0.20537]
  [-0.323074, 0.031942, -0.499615, -0.474171, -0.277344]
  [-0.323434, 0.041373, -0.499425, -0.438165, -0.281533]
  [-0.323608, 0.037648, -0.499407, -0.253718, -0.295265]
  [-0.323594, 0.050075, -0.49975, -0.393815, -0.277568]
  [-0.323062, 0.040298, -0.499797, -0.376647, -0.49903]
  [-0.324269, 0.03382, -0.499927, -0.263178, -0.175127]
  [-0.32389, 0.047717, -0.499459, -0.296017, -0.302493]
  [-0.322347, 0.03467, -0.499458, -0.412407, -0.173403]
  [-0.323282, 0.040415, -0.499803, -0.430996, -0.356744]
  [-0.323002, 0.040232, -0.499483, -0.301568, -0.235878]
  [-0.322031, 0.062201, -0.499789, -0.271971, -0.323594]
  [-0.323913, 0.061845, -0.499288, -0.359262, -0.466214]
  [-0.323618, 0.046775, -0.499728, -0.396874, -0.461097]
  [-0.323089, 0.048051, -0.499891, -0.383849, -0.439975]
  [-0.324026, 0.042742, -0.499753, -0.361397, -0.366367]
  [-0.322689, 0.037774, -0.499478, -0.33514, -0.217716]
  [-0.321909, 0.058457, -0.49922, -0.417517, -0.337632]
  [-0.323396, 0.060075, -0.499639, -0.38009, -0.378374]
  [-0.323159, 0.06286, -0.49943, -0.322675, -0.312952]
  [-0.323726, 0.051722, -0.499495, -0.262897, -0.355074]
  [-0.323224, 0.036387, -0.499877, -0.411011, -0.434286]
  [-0.323838, 0.042595, -0.499266, -0.237803, -0.438852]
  [-0.322075, 0.048229, -0.499957, -0.356079, -0.426028]
  [-0.32315, 0.046303, -0.499979, -0.3563, -0.338339]
  [-0.322627, 0.033414, -0.499814, -0.398492, -0.257783]
  [-0.323759, 0.05364, -0.499922, -0.251193, -0.32088]
  [-0.324111, 0.050737, -0.499511, -0.232559, -0.339073]
  [-0.322526, 0.051658, -0.499208, -0.281565, -0.307685]
  [-0.322496, 0.051162, -0.49968, -0.441393, -0.169003]
  [-0.322224, 0.049495, -0.499449, -0.473088, -0.376148]
  [-0.323504, 0.0339, -0.499819, -0.244448, -0.31599]
  [-0.322875, 0.050303, -0.499773, -0.390845, -0.485169]
  [-0.322761, 0.058707, -0.499652, -0.460499, -0.173703]
  [-0.323838, 0.062011, -0.499299, -0.22744, -0.29776]
  [-0.322215, 0.063275, -0.499275, -0.440013, -0.40632]
  [-0.323325, 0.054499, -0.499646, -0.492434, -0.231991]
  [-0.321809, 0.041126, -0.499376, -0.415525, -0.256206]
  [-0.323877, 0.051169, -0.499955, -0.289446, -0.394102]
  [-0.322012, 0.048927, -0.499339, -0.385442, -0.289328]
  [-0.323529, 0.037122, -0.49963, -0.343833, -0.215025]
  [-0.322203, 0.063251, -0.499973, -0.347027, -0.278836]
  [-0.322635, 0.061005, -0.499967, -0.495694, -0.458062]
  [-0.322706, 0.059997, -0.49983, -0.456687, -0.258342]
  [-0.322664, 0.039668, -0.49985, -0.228574, -0.407033]
  [-0.322351, 0.060265, -0.499551, -0.287601, -0.279881]
  [-0.323657, 0.055953, -0.499961, -0.390912, -0.34564]
  [-0.323479, 0.051739, -0.49923, -0.370815, -0.210645]
  [-0.323057, 0.042552, -0.499621, -0.411212, -0.343301]
  [-0.324142, 0.037934, -0.499562, -0.315599, -0.387422]
  [-0.322596, 0.058499, -0.499355, -0.301186, -0.399849]
  [-0.323654, 0.045619, -0.499227, -0.269557, -0.435776]
  [-0.322699, 0.060205, -0.499218, -0.368364, -0.366021]
  [-0.322866, 0.059098, -0.499911, -0.391566, -0.177647]
  [-0.323239, 0.0492, -0.499918, -0.280453, -0.484998]
  [-0.322032, 0.046547, -0.499396, -0.320014, -0.473778]
  [-0.322412, 0.060002, -0.499437, -0.329741, -0.316278]
  [-0.32224, 0.056647, -0.499728, -0.331235, -0.472691]
  [-0.321868, 0.044364, -0.49973, -0.462656, -0.416181]
  [-0.322483, 0.032295, -0.499544, -0.289061, -0.299067]
  [-0.322839, 0.063022, -0.499336, -0.471308, -0.296727]
  [-0.324253, 0.062892, -0.499677, -0.333483, -0.485362]
  [-0.324213, 0.038981, -0.49933, -0.445381, -0.270089]
  [-0.324036, 0.033616, -0.499298, -0.469407, -0.216445]
  [-0.324061, 0.059599, -0.499348, -0.49306, -0.479034]
  [-0.322962, 0.03733, -0.499846, -0.360671, -0.375162]
  [-0.32192, 0.038673, -0.499615, -0.477366, -0.467365]
  [-0.322234, 0.036916, -0.499286, -0.442193, -0.397873]
  [-0.323965, 0.045238, -0.499477, -0.4733, -0.385649]
  [-0.322045, 0.050457, -0.499857, -0.345895, -0.281204]
  [-0.324179, 0.048211, -0.499544, -0.355186, -0.473957]
  [-0.322495, 0.058132, -0.499929, -0.343071, -0.287981]
  [-0.321847, 0.043486, -0.499622, -0.342116, -0.363918]
  [-0.322554, 0.040256, -0.499576, -0.481669, -0.221663]
  [-0.322744, 0.046229, -0.499515, -0.249634, -0.415901]
  [-0.322012, 0.034266, -0.49967, -0.399406, -0.448499]
  [-0.323521, 0.040464, -0.499699, -0.24018, -0.183803]
  [-0.322345, 0.047808, -0.499552, -0.47667, -0.451607]
  [-0.323433, 0.056491, -0.499672, -0.266478, -0.423978]
  [-0.32336, 0.041683, -0.499629, -0.352577, -0.431199]
  [-0.322008, 0.050391, -0.499515, -0.330241, -0.278038]
  [-0.323391, 0.03853, -0.499736, -0.438028, -0.216524]
  [-0.322146, 0.063009, -0.499424, -0.227398, -0.451581]
  [-0.32344, 0.034007, -0.499661, -0.407482, -0.240444]
  [-0.323439, 0.058421, -0.499226, -0.39211, -0.243717]
  [-0.322638, 0.0328, -0.499809, -0.448694, -0.430099]
  [-0.323491, 0.048016, -0.499375, -0.423211, -0.344241]
  [-0.32277, 0.056718, -0.499872, -0.39499, -0.173793]
  [-0.323791, 0.035599, -0.499444, -0.321029, -0.200598]
  [-0.323458, 0.048388, -0.499848, -0.473229, -0.420818]
  [-0.323151, 0.049716, -0.4994, -0.484834, -0.275281]
  [-0.324139, 0.049036, -0.499894, -0.257413, -0.332606]
  [-0.323459, 0.06176, -0.499432, -0.480175, -0.340885]
  [-0.321832, 0.048551, -0.499575, -0.472468, -0.490286]
  [-0.321835, 0.048611, -0.499572, -0.472372, -0.489729]
  [-0.32183, 0.048744, -0.499556, -0.472713, -0.490246]
  [-0.321832, 0.048516, -0.49956, -0.473065, -0.490285]
  [-0.321833, 0.048844, -0.499558, -0.472465, -0.490704]
  [-0.321834, 0.048615, -0.49958, -0.473172, -0.49038]
  [-0.321835, 0.048431, -0.499556, -0.472373, -0.489922]
  [-0.321829, 0.048668, -0.499576, -0.473175, -0.489783]
  [-0.321828, 0.048726, -0.499579, -0.472838, -0.49092]
  [-0.321831, 0.04867, -0.499576, -0.473021, -0.49028]
  [-0.32183, 0.048781, -0.499565, -0.472772, -0.491006]
  [-0.321835, 0.048787, -0.49958, -0.47268, -0.489729]
  [-0.321837, 0.048277, -0.499555, -0.472398, -0.49048]
  [-0.321834, 0.048481, -0.499581, -0.472425, -0.490116]
  [-0.321833, 0.048587, -0.499562, -0.47262, -0.490499]
  [-0.321831, 0.048307, -0.499567, -0.472946, -0.49048]
  [-0.321835, 0.048324, -0.499556, -0.473032, -0.491098]
  [-0.321829, 0.048286, -0.499573, -0.472631, -0.490284]
  [-0.321836, 0.048475, -0.499562, -0.472823, -0.489514]
  [-0.321831, 0.048799, -0.499573, -0.472717, -0.490633]
  [-0.321828, 0.048456, -0.499573, -0.473134, -0.48955]
  [-0.321833, 0.048366, -0.499554, -0.472404, -0.489971]
  [-0.321835, 0.048681, -0.499558, -0.473149, -0.48972]
  [-0.321831, 0.048502, -0.49956, -0.47241, -0.491071]
  [-0.321836, 0.04844, -0.499582, -0.472664, -0.490869]
  [-0.321837, 0.048644, -0.49958, -0.472841, -0.490776]
  [-0.321829, 0.048288, -0.499558, -0.472808, -0.490231]
  [-0.321835, 0.04825, -0.499554, -0.472787, -0.489948]
  [-0.321834, 0.048235, -0.499581, -0.47287, -0.490887]
  [-0.321829, 0.048413, -0.499575, -0.473033, -0.490898]
  [-0.321832, 0.048212, -0.499564, -0.472734, -0.490995]
  [-0.321832, 0.048342, -0.499565, -0.472959, -0.491024]
  [-0.321834, 0.048476, -0.499578, -0.472391, -0.490078]
  [-0.321834, 0.048752, -0.499569, -0.473131, -0.489112]
  [-0.321829, 0.048638, -0.49956, -0.472648, -0.490836]
  [-0.321835, 0.048835, -0.49958, -0.472614, -0.489998]
  [-0.321833, 0.048368, -0.499558, -0.472712, -0.491084]
  [-0.321832, 0.048706, -0.499576, -0.47259, -0.49063]
  [-0.321834, 0.048633, -0.499574, -0.472792, -0.490472]
  [-0.321833, 0.048524, -0.499554, -0.472653, -0.489548]
  [-0.321836, 0.048263, -0.499566, -0.473035, -0.489604]
  [-0.321832, 0.048511, -0.49958, -0.473078, -0.489495]
  [-0.321835, 0.048563, -0.499574, -0.472737, -0.490525]
  [-0.321832, 0.048442, -0.499576, -0.472477, -0.490403]
  [-0.321831, 0.048727, -0.499581, -0.472701, -0.49013]
  [-0.321829, 0.048672, -0.499568, -0.472897, -0.489814]
  [-0.321836, 0.048222, -0.49956, -0.473137, -0.490399]
  [-0.321836, 0.048799, -0.499567, -0.472849, -0.490319]
  [-0.321834, 0.048508, -0.499582, -0.472686, -0.489753]
  [-0.321831, 0.048303, -0.499583, -0.473029, -0.489427]
  [-0.321835, 0.048854, -0.499553, -0.47312, -0.490055]
  [-0.321834, 0.048246, -0.499567, -0.472524, -0.490509]
  [-0.321835, 0.048346, -0.499556, -0.472947, -0.490491]
  [-0.321832, 0.048801, -0.499577, -0.473008, -0.489898]
  [-0.321836, 0.048561, -0.499569, -0.472943, -0.490705]
  [-0.321832, 0.048634, -0.499566, -0.472704, -0.490191]
  [-0.321829, 0.048393, -0.499575, -0.472567, -0.491031]
  [-0.321836, 0.048735, -0.499562, -0.472562, -0.489447]
  [-0.321831, 0.04878, -0.499572, -0.472998, -0.489616]
  [-0.321829, 0.048531, -0.499569, -0.472778, -0.489211]
  [-0.321829, 0.048526, -0.499557, -0.472803, -0.490164]
  [-0.321835, 0.048243, -0.499567, -0.472786, -0.490521]
  [-0.321831, 0.048798, -0.499578, -0.472962, -0.490685]
  [-0.321833, 0.048801, -0.49956, -0.472456, -0.490841]
  [-0.32183, 0.048242, -0.499561, -0.472822, -0.489874]
  [-0.321833, 0.048482, -0.499565, -0.473136, -0.490137]
  [-0.321835, 0.048271, -0.49957, -0.47237, -0.489085]
  [-0.321829, 0.048609, -0.499569, -0.472478, -0.489487]
  [-0.32183, 0.048226, -0.499571, -0.472876, -0.490678]
  [-0.32183, 0.048253, -0.499555, -0.473024, -0.489933]
  [-0.321833, 0.048333, -0.499568, -0.473175, -0.489494]
  [-0.321831, 0.048653, -0.499578, -0.472608, -0.489532]
  [-0.32183, 0.048723, -0.499569, -0.472641, -0.489451]
  [-0.321835, 0.048729, -0.499582, -0.47253, -0.49109]
  [-0.321836, 0.048862, -0.499579, -0.472431, -0.490307]
  [-0.32183, 0.048651, -0.499572, -0.472508, -0.491017]
  [-0.321837, 0.048567, -0.499579, -0.47294, -0.49073]
  [-0.321834, 0.04837, -0.499561, -0.47312, -0.48924]
  [-0.321836, 0.048415, -0.499571, -0.472383, -0.490306]
  [-0.321836, 0.04847, -0.499557, -0.473028, -0.489671]
  [-0.321833, 0.048676, -0.499582, -0.472925, -0.490247]
  [-0.321829, 0.048284, -0.499576, -0.472568, -0.489528]
  [-0.321832, 0.048204, -0.499557, -0.473102, -0.490488]
  [-0.321828, 0.048337, -0.499558, -0.473119, -0.490971]
  [-0.321828, 0.048698, -0.49956, -0.472471, -0.490734]
  [-0.321834, 0.048595, -0.499568, -0.473045, -0.489355]
  [-0.321834, 0.04864, -0.499576, -0.473124, -0.490798]
  [-0.321832, 0.048592, -0.49956, -0.472449, -0.490064]
  [-0.321835, 0.048316, -0.499554, -0.472956, -0.489612]
  [-0.321831, 0.048672, -0.499575, -0.473115, -0.490965]
  [-0.321834, 0.048478, -0.49958, -0.472728, -0.489648]
  [-0.321836, 0.048574, -0.49956, -0.473046, -0.490005]
  [-0.32183, 0.048607, -0.499583, -0.472547, -0.489361]
  [-0.321833, 0.048575, -0.499575, -0.47305, -0.489882]
  [-0.321829, 0.048459, -0.499568, -0.472379, -0.489773]
  [-0.321834, 0.048329, -0.499567, -0.472479, -0.490213]
  [-0.321829, 0.048575, -0.499575, -0.472997, -0.490615]
  [-0.321833, 0.048392, -0.499555, -0.472421, -0.489833]
  [-0.321832, 0.048856, -0.499573, -0.473104, -0.490017]
  [-0.32183, 0.04823, -0.499579, -0.473117, -0.49037]
  [-0.321837, 0.048246, -0.499569, -0.472945, -0.489606]
  [-0.321834, 0.048396, -0.499579, -0.4728, -0.489245]
  [-0.321835, 0.048707, -0.499574, -0.473159, -0.489156]
  [-0.321831, 0.048594, -0.49958, -0.47318, -0.490596]
  [-0.321829, 0.048502, -0.499561, -0.472786, -0.489231]
  [-0.321832, 0.048651, -0.499566, -0.47262, -0.490396]
  [-0.32183, 0.048835, -0.49956, -0.472778, -0.489455]
  [-0.321832, 0.048615, -0.499558, -0.472998, -0.489469]
  [-0.32183, 0.048373, -0.499557, -0.473045, -0.48989]
  [-0.321836, 0.048226, -0.499555, -0.472876, -0.489484]
  [-0.321829, 0.048648, -0.499571, -0.472531, -0.490856]
  [-0.321832, 0.048849, -0.499563, -0.472485, -0.489472]
  [-0.321833, 0.048574, -0.49957, -0.473067, -0.490812]
  [-0.321834, 0.048259, -0.499582, -0.472845, -0.49041]
  [-0.321829, 0.048579, -0.49956, -0.473128, -0.490308]
  [-0.321837, 0.048862, -0.499583, -0.473002, -0.490147]
  [-0.321836, 0.048656, -0.499567, -0.472962, -0.490386]
  [-0.321831, 0.048336, -0.499567, -0.47266, -0.489337]
  [-0.321831, 0.048267, -0.499575, -0.473104, -0.490253]
  [-0.321831, 0.048625, -0.499578, -0.473056, -0.491079]
  [-0.321828, 0.048419, -0.49956, -0.472516, -0.490294]
  [-0.321832, 0.048272, -0.499554, -0.473144, -0.490881]
  [-0.321829, 0.048537, -0.499579, -0.472452, -0.489754]
  [-0.321837, 0.048583, -0.499579, -0.472712, -0.489237]
  [-0.321832, 0.048243, -0.499557, -0.472793, -0.490578]
  [-0.32183, 0.04856, -0.499571, -0.472728, -0.489379]
  [-0.321837, 0.048743, -0.499563, -0.472844, -0.489504]
  [-0.32183, 0.048538, -0.499564, -0.472863, -0.489529]
  [-0.321832, 0.048463, -0.499564, -0.472721, -0.491058]
  [-0.321833, 0.04865, -0.499557, -0.472655, -0.489806]
  [-0.321835, 0.048337, -0.499581, -0.472446, -0.489905]
  [-0.321836, 0.048672, -0.499564, -0.472379, -0.490282]
  [-0.321828, 0.048739, -0.499559, -0.473008, -0.489887]
  [-0.321832, 0.048262, -0.49958, -0.473026, -0.489131]
  [-0.32183, 0.048326, -0.499556, -0.472651, -0.490961]
  [-0.32183, 0.048392, -0.499558, -0.472696, -0.490348]
  [-0.32183, 0.048317, -0.499573, -0.472832, -0.489986]
  [-0.321835, 0.048269, -0.499572, -0.472745, -0.489429]
  [-0.321833, 0.048697, -0.499582, -0.472805, -0.489604]
  [-0.321834, 0.048732, -0.499554, -0.472652, -0.489218]
  [-0.321829, 0.04869, -0.499576, -0.473045, -0.490545]
  [-0.321832, 0.048262, -0.499565, -0.472734, -0.489432]
  [-0.321832, 0.048793, -0.499567, -0.472811, -0.489544]
  [-0.321835, 0.048342, -0.499566, -0.472712, -0.490072]
  [-0.321835, 0.048283, -0.499578, -0.472702, -0.490921]
  [-0.321828, 0.048363, -0.49956, -0.473008, -0.489831]
  [-0.321832, 0.04843, -0.499561, -0.472788, -0.490209]
  [-0.321831, 0.048377, -0.499574, -0.472679, -0.489956]
  [-0.321837, 0.048427, -0.499577, -0.472937, -0.491075]
  [-0.32183, 0.048229, -0.499555, -0.472602, -0.489224]
  [-0.321835, 0.048319, -0.499558, -0.47303, -0.491087]
  [-0.321835, 0.048322, -0.499557, -0.473041, -0.491093]
  [-0.321835, 0.048323, -0.499558, -0.473036, -0.491089]
  [-0.321835, 0.048322, -0.499557, -0.473032, -0.491097]
  [-0.321836, 0.048322, -0.499557, -0.473027, -0.49108]
  [-0.321835, 0.048319, -0.499557, -0.473033, -0.491097]
  [-0.321836, 0.04832, -0.499556, -0.473031, -0.491082]
  [-0.321835, 0.048319, -0.499557, -0.473034, -0.491084]
  [-0.321835, 0.048321, -0.499558, -0.473035, -0.491084]
  [-0.321835, 0.048321, -0.499556, -0.473042, -0.491083]
  [-0.321836, 0.048324, -0.499557, -0.473027, -0.491092]
  [-0.321835, 0.048324, -0.499556, -0.473036, -0.491091]
  [-0.321835, 0.04832, -0.499557, -0.473039, -0.491092]
  [-0.321836, 0.048323, -0.499556, -0.473032, -0.491096]
  [-0.321836, 0.048323, -0.499557, -0.47303, -0.491096]
  [-0.321835, 0.048319, -0.499556, -0.473029, -0.491094]
  [-0.321836, 0.048321, -0.499557, -0.473033, -0.491082]
  [-0.321835, 0.048322, -0.499557, -0.473027, -0.491098]
  [-0.321836, 0.048322, -0.499558, -0.47304, -0.491093]
  [-0.321835, 0.04832, -0.499557, -0.473029, -0.491098]
  [-0.321835, 0.048321, -0.499558, -0.47303, -0.491091]
  [-0.321835, 0.048318, -0.499557, -0.473038, -0.49109]
  [-0.321835, 0.048321, -0.499557, -0.473042, -0.491084]
  [-0.321835, 0.04832, -0.499557, -0.473039, -0.491078]
  [-0.321835, 0.048322, -0.499557, -0.473035, -0.491095]
  [-0.321836, 0.048324, -0.499557, -0.473028, -0.49108]
  [-0.321835, 0.048322, -0.499557, -0.473041, -0.491087]
  [-0.321836, 0.048318, -0.499557, -0.473029, -0.491082]
  [-0.321836, 0.048318, -0.499556, -0.473027, -0.491091]
  [-0.321835, 0.048321, -0.499556, -0.473031, -0.491094]
  [-0.321835, 0.048319, -0.499557, -0.473033, -0.491096]
  [-0.321835, 0.048321, -0.499557, -0.473039, -0.491078]
  [-0.321836, 0.048319, -0.499557, -0.473031, -0.491081]
  [-0.321835, 0.048318, -0.499558, -0.47303, -0.49109]
  [-0.321836, 0.048321, -0.499557, -0.473028, -0.49108]
  [-0.321835, 0.048319, -0.499557, -0.473029, -0.491086]
  [-0.321835, 0.048323, -0.499558, -0.473037, -0.491093]
  [-0.321836, 0.048323, -0.499557, -0.473041, -0.491096]
  [-0.321836, 0.048323, -0.499557, -0.473033, -0.491081]
  [-0.321835, 0.04832, -0.499556, -0.473042, -0.491079]
  [-0.321836, 0.048323, -0.499556, -0.473038, -0.491085]
  [-0.321835, 0.048323, -0.499557, -0.473043, -0.491079]
  [-0.321836, 0.048323, -0.499556, -0.473031, -0.49108]
  [-0.321835, 0.048318, -0.499556, -0.473043, -0.491086]
  [-0.321835, 0.04832, -0.499556, -0.473028, -0.491097]
  [-0.321836, 0.048321, -0.499557, -0.473038, -0.491084]
  [-0.321835, 0.048319, -0.499558, -0.47304, -0.491098]
  [-0.321835, 0.048319, -0.499557, -0.473028, -0.49108]
  [-0.321835, 0.048322, -0.499557, -0.473042, -0.491097]
  [-0.321836, 0.048319, -0.499557, -0.473032, -0.491078]
  [-0.321836, 0.048319, -0.499556, -0.473038, -0.491082]
  [-0.321836, 0.048323, -0.499557, -0.473032, -0.491097]
  [-0.321836, 0.048321, -0.499558, -0.473034, -0.491096]
  [-0.321836, 0.048323, -0.499557, -0.473035, -0.491093]
  [-0.321835, 0.048319, -0.499557, -0.473038, -0.491085]
  [-0.321836, 0.048323, -0.499557, -0.473032, -0.491081]
  [-0.321835, 0.048321, -0.499556, -0.473037, -0.491087]
  [-0.321836, 0.048319, -0.499558, -0.473043, -0.491084]
  [-0.321835, 0.04832, -0.499558, -0.47303, -0.491085]
  [-0.321835, 0.04832, -0.499557, -0.473039, -0.491082]
  [-0.321835, 0.048321, -0.499557, -0.473028, -0.491087]
  [-0.321835, 0.048322, -0.499557, -0.473027, -0.491084]
  [-0.321836, 0.048323, -0.499557, -0.473038, -0.49108]
  [-0.321835, 0.048323, -0.499557, -0.473038, -0.491088]
  [-0.321836, 0.048322, -0.499557, -0.473033, -0.491084]
  [-0.321835, 0.048318, -0.499556, -0.473029, -0.491088]
  [-0.321835, 0.048318, -0.499556, -0.473028, -0.491085]
  [-0.321836, 0.04832, -0.499558, -0.473033, -0.491089]
  [-0.321835, 0.048321, -0.499557, -0.473034, -0.491093]
  [-0.321836, 0.048322, -0.499556, -0.473032, -0.491084]
  [-0.321836, 0.048322, -0.499556, -0.473029, -0.491086]
  [-0.321835, 0.04832, -0.499557, -0.473029, -0.491091]
  [-0.321835, 0.048319, -0.499558, -0.473028, -0.491087]
  [-0.321836, 0.04832, -0.499557, -0.47304, -0.49108]
  [-0.321836, 0.048321, -0.499557, -0.473042, -0.491082]
  [-0.321835, 0.048321, -0.499556, -0.473036, -0.491089]
  [-0.321835, 0.048321, -0.499557, -0.473032, -0.491079]
  [-0.321836, 0.048321, -0.499558, -0.473035, -0.491082]
  [-0.321836, 0.04832, -0.499556, -0.473028, -0.491091]
  [-0.321835, 0.048321, -0.499558, -0.47304, -0.491093]
  [-0.321835, 0.048322, -0.499558, -0.47303, -0.491092]
  [-0.321836, 0.048319, -0.499557, -0.473038, -0.491097]
  [-0.321836, 0.04832, -0.499558, -0.473038, -0.491093]
  [-0.321835, 0.048322, -0.499556, -0.47304, -0.491088]
  [-0.321836, 0.048321, -0.499556, -0.473036, -0.491088]
  [-0.321836, 0.048322, -0.499557, -0.473028, -0.491084]
  [-0.321835, 0.048319, -0.499558, -0.473037, -0.491081]
  [-0.321836, 0.048323, -0.499558, -0.47304, -0.491079]
  [-0.321835, 0.048318, -0.499556, -0.473034, -0.491089]
  [-0.321836, 0.048323, -0.499557, -0.473038, -0.491086]
  [-0.321836, 0.048324, -0.499557, -0.473031, -0.491083]
  [-0.321836, 0.048322, -0.499556, -0.473035, -0.491088]
  [-0.321836, 0.048322, -0.499558, -0.473039, -0.491098]
  [-0.321835, 0.048322, -0.499556, -0.473033, -0.491095]
  [-0.321836, 0.048323, -0.499557, -0.473035, -0.49109]
  [-0.321835, 0.048322, -0.499558, -0.473038, -0.491086]
  [-0.321835, 0.048323, -0.499558, -0.473027, -0.491093]
  [-0.321836, 0.048322, -0.499557, -0.473034, -0.491098]
  [-0.321836, 0.048322, -0.499558, -0.47304, -0.491079]
  [-0.321835, 0.04832, -0.499556, -0.473028, -0.491088]
  [-0.321836, 0.048323, -0.499556, -0.473034, -0.491083]
  [-0.321836, 0.048322, -0.499557, -0.473035, -0.491094]
  [-0.321835, 0.048318, -0.499557, -0.473041, -0.491088]
  [-0.321835, 0.048319, -0.499556, -0.473028, -0.491094]
  [-0.321836, 0.048324, -0.499556, -0.473029, -0.491097]
  [-0.321835, 0.048322, -0.499557, -0.473037, -0.491083]
  [-0.321836, 0.048319, -0.499556, -0.473029, -0.491085]
  [-0.321836, 0.048318, -0.499558, -0.473034, -0.49109]
  [-0.321836, 0.048318, -0.499558, -0.47304, -0.491089]
  [-0.321835, 0.048319, -0.499556, -0.473032, -0.491083]
  [-0.321836, 0.048318, -0.499557, -0.473036, -0.49108]
  [-0.321835, 0.04832, -0.499557, -0.473035, -0.491087]
  [-0.321836, 0.048322, -0.499556, -0.473028, -0.491089]
  [-0.321836, 0.048321, -0.499557, -0.473031, -0.491081]
  [-0.321835, 0.048319, -0.499557, -0.47304, -0.49108]
  [-0.321835, 0.048321, -0.499557, -0.473031, -0.491082]
  [-0.321836, 0.048321, -0.499557, -0.473027, -0.491096]
  [-0.321836, 0.048319, -0.499557, -0.473028, -0.491086]
  [-0.321835, 0.048318, -0.499556, -0.473033, -0.491091]
  [-0.321836, 0.048321, -0.499558, -0.473031, -0.49108]
  [-0.321835, 0.048319, -0.499558, -0.473036, -0.491089]
  [-0.321835, 0.048319, -0.499556, -0.47304, -0.491082]
  [-0.321836, 0.04832, -0.499556, -0.473037, -0.491079]
  [-0.321835, 0.04832, -0.499558, -0.473039, -0.491088]
  [-0.321835, 0.048318, -0.499557, -0.473039, -0.49109]
  [-0.321836, 0.048321, -0.499557, -0.473036, -0.491082]
  [-0.321835, 0.048323, -0.499557, -0.473033, -0.491096]
  [-0.321836, 0.048321, -0.499556, -0.47304, -0.491086]
  [-0.321836, 0.048323, -0.499557, -0.473038, -0.491096]
  [-0.321835, 0.048321, -0.499558, -0.473032, -0.491083]
  [-0.321836, 0.048321, -0.499557, -0.473032, -0.49109]
  [-0.321835, 0.048319, -0.499557, -0.473039, -0.491088]
  [-0.321835, 0.048324, -0.499558, -0.473042, -0.491095]
  [-0.321835, 0.048322, -0.499557, -0.473029, -0.49108]
  [-0.321836, 0.048322, -0.499557, -0.473036, -0.491091]
  [-0.321836, 0.048322, -0.499556, -0.473035, -0.49109]
  [-0.321835, 0.04832, -0.499557, -0.473029, -0.491081]
  [-0.321836, 0.048323, -0.499558, -0.473042, -0.491096]
  [-0.321836, 0.048321, -0.499558, -0.473035, -0.491078]
  [-0.321835, 0.048319, -0.499557, -0.473036, -0.491082]
  [-0.321835, 0.048322, -0.499557, -0.473038, -0.491084]
  [-0.321835, 0.048321, -0.499557, -0.473037, -0.491084]
  [-0.321836, 0.048318, -0.499558, -0.473043, -0.491095]
  [-0.321835, 0.048323, -0.499556, -0.473039, -0.491082]
  [-0.321836, 0.048324, -0.499556, -0.473042, -0.491087]
  [-0.321836, 0.04832, -0.499557, -0.473034, -0.491088]
  [-0.321836, 0.048321, -0.499556, -0.473035, -0.491092]
  [-0.321835, 0.048323, -0.499556, -0.473029, -0.491098]
  [-0.321836, 0.048322, -0.499556, -0.473033, -0.491095]
  [-0.321835, 0.048318, -0.499557, -0.473042, -0.491085]
  [-0.321835, 0.048319, -0.499558, -0.47304, -0.491099]
  [-0.321892, 0.057303, -0.49987, -0.379291, -0.243473]
  [-0.323296, 0.033673, -0.499916, -0.318808, -0.328862]
  [-0.322292, 0.049931, -0.499807, -0.460001, -0.327923]
  [-0.322592, 0.057476, -0.499749, -0.231496, -0.471803]
  [-0.322655, 0.046555, -0.499452, -0.377393, -0.36127]
  [-0.32195, 0.034888, -0.499486, -0.302164, -0.170405]
  [-0.323329, 0.03455, -0.499616, -0.296113, -0.465945]
  [-0.323194, 0.033886, -0.499782, -0.318245, -0.225779]
  [-0.322306, 0.032048, -0.499583, -0.282613, -0.303427]
  [-0.323991, 0.053757, -0.499637, -0.2378, -0.324232]
  [-0.323634, 0.03575, -0.499248, -0.455055, -0.489227]
  [-0.323282, 0.03698, -0.499372, -0.435222, -0.315392]
  [-0.323178, 0.031989, -0.499306, -0.291611, -0.194618]
  [-0.323786, 0.038308, -0.499345, -0.463105, -0.354575]
  [-0.323387, 0.044124, -0.499576, -0.45347, -0.319835]
  [-0.323661, 0.04787, -0.499716, -0.275156, -0.439168]
  [-0.32195, 0.043469, -0.499595, -0.391811, -0.470613]
  [-0.322405, 0.05971, -0.499935, -0.237159, -0.18006]
  [-0.322947, 0.032251, -0.499354, -0.262466, -0.303969]
  [-0.322854, 0.034966, -0.499554, -0.406332, -0.491355]
  [-0.322311, 0.061572, -0.499349, -0.38254, -0.322394]
  [-0.322042, 0.047396, -0.499448, -0.315184, -0.205389]
  [-0.32337, 0.037824, -0.499841, -0.409149, -0.341654]
  [-0.323166, 0.050119, -0.499848, -0.227299, -0.473894]
  [-0.323481, 0.049479, -0.499435, -0.48069, -0.311542]
  [-0.32341, 0.035403, -0.499383, -0.322965, -0.336143]
  [-0.323179, 0.04904, -0.499768, -0.389702, -0.367604]
  [-0.324079, 0.057481, -0.499401, -0.309566, -0.22789]
  [-0.323736, 0.034727, -0.49991, -0.428561, -0.474897]
  [-0.323897, 0.042805, -0.499655, -0.398886, -0.366265]
  [-0.323963, 0.039683, -0.499976, -0.277509, -0.438406]
  [-0.322551, 0.063473, -0.499325, -0.237557, -0.207612]
  [-0.323477, 0.033769, -0.499231, -0.331914, -0.18634]
  [-0.322707, 0.063438, -0.499667, -0.252243, -0.208728]
  [-0.323242, 0.05251, -0.499389, -0.312227, -0.447005]
  [-0.323949, 0.046533, -0.499782, -0.295136, -0.205939]
  [-0.322341, 0.03552, -0.49925, -0.314589, -0.167697]
  [-0.323208, 0.054319, -0.499713, -0.40803, -0.439262]
  [-0.322216, 0.037114, -0.499282, -0.456093, -0.299653]
  [-0.322258, 0.063656, -0.499831, -0.313387, -0.179337]
  [-0.32357, 0.046248, -0.499537, -0.466147, -0.346879]
  [-0.3234, 0.049063, -0.499938, -0.469254, -0.4631]
  [-0.323102, 0.032849, -0.499799, -0.250081, -0.22095]
  [-0.323064, 0.057255, -0.499878, -0.491583, -0.457867]
  [-0.323135, 0.062494, -0.499923, -0.390935, -0.231975]
  [-0.322604, 0.045728, -0.499748, -0.296741, -0.313592]
  [-0.322458, 0.036155, -0.49999, -0.385781, -0.43714]
  [-0.323472, 0.031947, -0.499311, -0.344493, -0.388798]
  [-0.323089, 0.063147, -0.499502, -0.228715, -0.471714]
  [-0.322693, 0.041094, -0.499275, -0.499115, -0.292866]
  [-0.323286, 0.060668, -0.499599, -0.353362, -0.263043]
  [-0.323896, 0.058952, -0.499817, -0.238998, -0.377771]
  [-0.323933, 0.04121, -0.499527, -0.318093, -0.471914]
  [-0.322005, 0.057111, -0.499432, -0.297354, -0.47778]
  [-0.32182, 0.038122, -0.499362, -0.321163, -0.431204]
  [-0.322251, 0.045308, -0.499472, -0.420426, -0.251539]
  [-0.324094, 0.033015, -0.499579, -0.313068, -0.307879]
  [-0.322831, 0.059235, -0.499625, -0.228265, -0.438979]
  [-0.322247, 0.047961, -0.499605, -0.243496, -0.235109]
  [-0.323601, 0.062767, -0.499568, -0.23705, -0.223099]
  [-0.321789, 0.037437, -0.499836, -0.254213, -0.282418]
  [-0.322599, 0.038563, -0.499962, -0.353564, -0.397961]
  [-0.323327, 0.04378, -0.499802, -0.402219, -0.212388]
  [-0.3235, 0.062584, -0.499361, -0.287908, -0.319419]
  [-0.323079, 0.057206, -0.499284, -0.326714, -0.322083]
  [-0.323081, 0.035475, -0.499628, -0.35055, -0.30415]
  [-0.322899, 0.049087, -0.499489, -0.278328, -0.441002]
  [-0.322626, 0.037142, -0.499453, -0.397655, -0.469058]
  [-0.323682, 0.037144, -0.499321, -0.411429, -0.214531]
  [-0.323126, 0.059703, -0.499779, -0.316624, -0.486776]
  [-0.322443, 0.055222, -0.49926, -0.406899, -0.33912]
  [-0.323992, 0.038242, -0.499823, -0.371483, -0.336468]
  [-0.323534, 0.036974, -0.499595, -0.35406, -0.486836]
  [-0.32289, 0.047742, -0.499668, -0.493543, -0.205472]
  [-0.324063, 0.042811, -0.499481, -0.284373, -0.406721]
  [-0.321805, 0.055597, -0.49986, -0.370378, -0.325784]
  [-0.32404, 0.057584, -0.499903, -0.319877, -0.368915]
  [-0.323157, 0.061975, -0.499551, -0.32579, -0.464126]
  [-0.322138, 0.041239, -0.499784, -0.454862, -0.359792]
  [-0.322262, 0.049867, -0.499836, -0.37677, -0.169264]
  [-0.322761, 0.038934, -0.499793, -0.276076, -0.205922]
  [-0.323416, 0.062993, -0.499742, -0.249168, -0.289513]
  [-0.323767, 0.035497, -0.499553, -0.366395, -0.426156]
  [-0.32309, 0.033728, -0.499338, -0.351784, -0.297709]
  [-0.322018, 0.052827, -0.499428, -0.367906, -0.344484]
  [-0.322511, 0.046727, -0.499615, -0.296744, -0.384804]
  [-0.323214, 0.058559, -0.499536, -0.437906, -0.368606]
  [-0.321831, 0.057724, -0.499317, -0.319147, -0.382594]
  [-0.323308, 0.061515, -0.499891, -0.365751, -0.398093]
  [-0.323475, 0.043251, -0.499559, -0.354063, -0.398359]
  [-0.323281, 0.052106, -0.499302, -0.324614, -0.377722]
  [-0.323037, 0.062418, -0.499443, -0.42499, -0.498039]
  [-0.323087, 0.038577, -0.499969, -0.338991, -0.194697]
  [-0.323446, 0.043744, -0.499345, -0.318344, -0.178812]
  [-0.322025, 0.042874, -0.499227, -0.368602, -0.426179]
  [-0.322308, 0.03525, -0.499999, -0.445195, -0.20896]
  [-0.322991, 0.05118, -0.499851, -0.463424, -0.295371]
  [-0.323268, 0.062636, -0.499714, -0.43413, -0.435047]
  [-0.322638, 0.06193, -0.49936, -0.44987, -0.274885]
  [-0.324119, 0.044879, -0.49982, -0.333183, -0.496723]
  [-0.323796, 0.045128, -0.499396, -0.29962, -0.447013]
  [-0.323926, 0.04376, -0.499423, -0.40393, -0.385041]
  [-0.322083, 0.036709, -0.499963, -0.271179, -0.395949]
  [-0.323066, 0.061287, -0.499893, -0.368258, -0.215469]
  [-0.323907, 0.043914, -0.499572, -0.483754, -0.219941]
  [-0.322604, 0.034974, -0.499714, -0.280904, -0.322697]
  [-0.323557, 0.044718, -0.499588, -0.40139, -0.423274]
  [-0.324169, 0.05255, -0.499793, -0.406609, -0.412627]
  [-0.322395, 0.039502, -0.499695, -0.483074, -0.496565]
  [-0.324006, 0.033377, -0.499407, -0.42223, -0.361604]
  [-0.322001, 0.046269, -0.499249, -0.476139, -0.403985]
  [-0.323198, 0.039742, -0.499579, -0.397559, -0.326366]
  [-0.322494, 0.033583, -0.4995, -0.448878, -0.424947]
  [-0.323331, 0.057519, -0.499984, -0.450529, -0.171789]
  [-0.323657, 0.039977, -0.499226, -0.471694, -0.306589]
  [-0.323578, 0.05133, -0.499248, -0.455192, -0.270566]
  [-0.32375, 0.047293, -0.499695, -0.479036, -0.223702]
  [-0.322843, 0.056973, -0.499747, -0.346453, -0.272098]
  [-0.323024, 0.032656, -0.499944, -0.387485, -0.199303]
  [-0.323, 0.059203, -0.499737, -0.327388, -0.167307]
  [-0.322897, 0.059586, -0.499873, -0.274496, -0.213497]
  [-0.322731, 0.047062, -0.499529, -0.287369, -0.224797]
  [-0.321937, 0.042415, -0.499404, -0.254853, -0.459397]
  [-0.322536, 0.04554, -0.499572, -0.451372, -0.442043]
  [-0.323813, 0.038234, -0.499995, -0.409112, -0.326362]
  [-0.324145, 0.063412, -0.499211, -0.257599, -0.339152]
  [-0.322305, 0.044147, -0.499537, -0.243079, -0.394722]
  [-0.322072, 0.05264, -0.499647, -0.474711, -0.284564]
  [-0.323996, 0.035101, -0.499261, -0.478811, -0.356066]
  [-0.323178, 0.032465, -0.499628, -0.280238, -0.41744]
  [-0.324219, 0.042884, -0.499676, -0.492977, -0.314996]
  [-0.322081, 0.060659, -0.499773, -0.281642, -0.412611]
  [-0.322564, 0.059205, -0.499243, -0.323969, -0.483352]
  [-0.322904, 0.034426, -0.499878, -0.374771, -0.334099]
  [-0.324061, 0.032583, -0.499399, -0.309036, -0.318837]
  [-0.323736, 0.03287, -0.499219, -0.242732, -0.303582]
  [-0.323117, 0.042866, -0.499628, -0.251551, -0.413732]
  [-0.32334, 0.039427, -0.499371, -0.30921, -0.172937]
  [-0.32404, 0.038277, -0.499767, -0.322268, -0.36303]
  [-0.322032, 0.043301, -0.499979, -0.359939, -0.370219]
  [-0.323393, 0.058292, -0.499566, -0.370796, -0.302637]
  [-0.323926, 0.050468, -0.499466, -0.310766, -0.28377]
  [-0.324264, 0.051593, -0.499987, -0.308025, -0.397053]
  [-0.322505, 0.049518, -0.499519, -0.439397, -0.400027]
  [-0.323992, 0.040113, -0.499797, -0.257353, -0.425529]
  [-0.322469, 0.053724, -0.49999, -0.482831, -0.38376]
  [-0.322082, 0.037382, -0.499869, -0.383114, -0.301936]
  [-0.32381, 0.038324, -0.499335, -0.475176, -0.465632]
  [-0.322723, 0.040459, -0.499658, -0.448486, -0.200632]
  [-0.322839, 0.050433, -0.49977, -0.258541, -0.234078]
  [-0.322384, 0.04001, -0.499693, -0.48861, -0.496377]
  [-0.322412, 0.039596, -0.4997, -0.486878, -0.496597]
  [-0.32241, 0.039507, -0.499703, -0.491234, -0.496617]
  [-0.322383, 0.040031, -0.49969, -0.494545, -0.496428]
  [-0.322405, 0.039725, -0.499694, -0.497917, -0.496577]
  [-0.322388, 0.040108, -0.4997, -0.488449, -0.496409]
  [-0.322397, 0.0398, -0.4997, -0.487684, -0.496603]
  [-0.322422, 0.040009, -0.499704, -0.48733, -0.496625]
  [-0.322426, 0.03948, -0.499703, -0.487836, -0.496522]
  [-0.322389, 0.03969, -0.499703, -0.483286, -0.496607]
  [-0.322414, 0.039684, -0.499703, -0.495598, -0.496659]
  [-0.322409, 0.039855, -0.499699, -0.490552, -0.496655]
  [-0.322394, 0.039457, -0.499696, -0.48682, -0.496679]
  [-0.322404, 0.040109, -0.499695, -0.492798, -0.49644]
  [-0.322415, 0.039987, -0.499696, -0.494586, -0.496631]
  [-0.322382, 0.039792, -0.499702, -0.488835, -0.496631]
  [-0.322394, 0.039791, -0.499697, -0.499101, -0.496559]
  [-0.322398, 0.03955, -0.4997, -0.49269, -0.496648]
  [-0.322413, 0.039694, -0.499698, -0.496655, -0.496594]
  [-0.322394, 0.039696, -0.499702, -0.483172, -0.496621]
  [-0.32241, 0.040103, -0.4997, -0.488235, -0.496644]
  [-0.322408, 0.039927, -0.499699, -0.494139, -0.496391]
  [-0.322397, 0.039664, -0.499693, -0.487565, -0.496375]
  [-0.322384, 0.039543, -0.499695, -0.48744, -0.496589]
  [-0.322404, 0.039465, -0.499695, -0.497776, -0.496582]
  [-0.322419, 0.039898, -0.499704, -0.482263, -0.496492]
  [-0.322409, 0.039821, -0.499698, -0.498957, -0.496374]
  [-0.32242, 0.039585, -0.499699, -0.483711, -0.496553]
  [-0.32238, 0.03986, -0.499706, -0.483385, -0.496466]
  [-0.322417, 0.039947, -0.499694, -0.48572, -0.49652]
  [-0.322403, 0.040016, -0.499701, -0.48266, -0.496498]
  [-0.322419, 0.040155, -0.499697, -0.486649, -0.496473]
  [-0.322391, 0.03999, -0.499697, -0.492892, -0.496404]
  [-0.322384, 0.03976, -0.499693, -0.493168, -0.496567]
  [-0.32238, 0.040001, -0.499697, -0.499034, -0.49663]
  [-0.32242, 0.040141, -0.499698, -0.484154, -0.496468]
  [-0.322395, 0.039771, -0.4997, -0.495632, -0.496409]
  [-0.322397, 0.039636, -0.499704, -0.499526, -0.496649]
  [-0.322409, 0.040054, -0.499694, -0.485013, -0.496389]
  [-0.322424, 0.039755, -0.499693, -0.49151, -0.49643]
  [-0.322376, 0.040114, -0.499695, -0.484455, -0.496418]
  [-0.322377, 0.03986, -0.499704, -0.493635, -0.496679]
  [-0.322376, 0.039707, -0.499695, -0.486205, -0.496671]
  [-0.322413, 0.039801, -0.499703, -0.492798, -0.496411]
  [-0.322411, 0.040133, -0.499705, -0.48266, -0.496501]
  [-0.322408, 0.039666, -0.499701, -0.49151, -0.496386]
  [-0.322424, 0.039962, -0.499697, -0.493506, -0.496674]
  [-0.322426, 0.039804, -0.499698, -0.48341, -0.496388]
  [-0.322418, 0.039895, -0.499705, -0.499438, -0.496382]
  [-0.322403, 0.040084, -0.499695, -0.481775, -0.49648]
  [-0.322383, 0.040004, -0.499691, -0.493324, -0.496603]
  [-0.322385, 0.039977, -0.499704, -0.492905, -0.496639]
  [-0.322385, 0.039504, -0.499698, -0.495812, -0.496545]
  [-0.322426, 0.040022, -0.499702, -0.494643, -0.496628]
  [-0.322381, 0.039426, -0.499694, -0.497712, -0.496569]
  [-0.322412, 0.040054, -0.499692, -0.485317, -0.496572]
  [-0.322411, 0.039528, -0.499703, -0.499388, -0.49638]
  [-0.322383, 0.039825, -0.499692, -0.498613, -0.496622]
  [-0.322397, 0.040008, -0.499706, -0.482602, -0.496453]
  [-0.322375, 0.039914, -0.499699, -0.497419, -0.496591]
  [-0.322393, 0.039694, -0.499692, -0.492167, -0.496628]
  [-0.322416, 0.039976, -0.499691, -0.488245, -0.496477]
  [-0.322412, 0.040152, -0.499697, -0.482844, -0.496529]
  [-0.322393, 0.039607, -0.499703, -0.485296, -0.496376]
  [-0.322378, 0.039525, -0.499703, -0.498713, -0.496378]
  [-0.322394, 0.039442, -0.499692, -0.483501, -0.496626]
  [-0.322398, 0.039906, -0.499695, -0.49533, -0.496553]
  [-0.322401, 0.039759, -0.499692, -0.492717, -0.496446]
  [-0.322376, 0.039446, -0.499701, -0.49691, -0.49642]
  [-0.32241, 0.039706, -0.499698, -0.495724, -0.496639]
  [-0.322405, 0.039646, -0.49969, -0.4886, -0.496533]
  [-0.322381, 0.039613, -0.499692, -0.486038, -0.496418]
  [-0.322397, 0.039962, -0.499693, -0.48406, -0.496518]
  [-0.322426, 0.039908, -0.4997, -0.495, -0.496644]
  [-0.322376, 0.039493, -0.499702, -0.490995, -0.496526]
  [-0.322426, 0.040095, -0.499694, -0.496594, -0.496453]
  [-0.322386, 0.040107, -0.4997, -0.482223, -0.496544]
  [-0.322383, 0.039749, -0.499696, -0.495757, -0.49657]
  [-0.322387, 0.039548, -0.49969, -0.483882, -0.496612]
  [-0.322382, 0.039943, -0.499692, -0.497553, -0.49648]
  [-0.322392, 0.039551, -0.4997, -0.488797, -0.496565]
  [-0.322421, 0.039524, -0.499698, -0.496909, -0.496421]
  [-0.322377, 0.03988, -0.499696, -0.489313, -0.496499]
  [-0.322389, 0.039905, -0.499705, -0.488846, -0.496588]
  [-0.322402, 0.040055, -0.499704, -0.482271, -0.496413]
  [-0.322399, 0.03984, -0.499701, -0.498881, -0.496511]
  [-0.322407, 0.039554, -0.49969, -0.482216, -0.496563]
  [-0.3224, 0.040109, -0.499692, -0.496101, -0.496402]
  [-0.322407, 0.039931, -0.499698, -0.487516, -0.496627]
  [-0.322408, 0.039725, -0.499701, -0.49862, -0.496601]
  [-0.322382, 0.039696, -0.499698, -0.492377, -0.496476]
  [-0.322425, 0.039465, -0.499701, -0.498494, -0.496566]
  [-0.322397, 0.040062, -0.499705, -0.481772, -0.496655]
  [-0.322418, 0.03967, -0.499702, -0.487498, -0.496595]
  [-0.322401, 0.039523, -0.499704, -0.490545, -0.496516]
  [-0.322391, 0.039462, -0.499699, -0.499804, -0.496554]
  [-0.322405, 0.039489, -0.499693, -0.494037, -0.496667]
  [-0.322399, 0.039884, -0.499701, -0.489296, -0.496462]
  [-0.322405, 0.040163, -0.499693, -0.481976, -0.496616]
  [-0.322383, 0.039468, -0.499702, -0.483913, -0.496595]
  [-0.322426, 0.039806, -0.499698, -0.488524, -0.496451]
  [-0.322386, 0.039773, -0.499696, -0.497965, -0.496457]
  [-0.322387, 0.040127, -0.4997, -0.481516, -0.49651]
  [-0.322395, 0.039444, -0.499695, -0.496444, -0.496634]
  [-0.322402, 0.039449, -0.499691, -0.492498, -0.496626]
  [-0.322405, 0.04006, -0.499698, -0.492905, -0.496425]
  [-0.322414, 0.039672, -0.499692, -0.488804, -0.496483]
  [-0.322381, 0.040157, -0.499698, -0.49878, -0.496493]
  [-0.322411, 0.039904, -0.499692, -0.497293, -0.496557]
  [-0.322401, 0.039578, -0.499699, -0.485945, -0.496486]
  [-0.322424, 0.039773, -0.499704, -0.494829, -0.496411]
  [-0.322398, 0.040162, -0.499698, -0.4852, -0.496498]
  [-0.322428, 0.040027, -0.499696, -0.490755, -0.496609]
  [-0.32239, 0.039527, -0.499697, -0.498537, -0.496376]
  [-0.322375, 0.03952, -0.499694, -0.498178, -0.496483]
  [-0.32241, 0.039621, -0.499698, -0.481226, -0.496616]
  [-0.3224, 0.040068, -0.499694, -0.499263, -0.496494]
  [-0.322413, 0.039845, -0.499705, -0.481544, -0.496685]
  [-0.322421, 0.039433, -0.499701, -0.483098, -0.496652]
  [-0.322399, 0.039454, -0.499693, -0.499019, -0.49668]
  [-0.322379, 0.040081, -0.499701, -0.481192, -0.496456]
  [-0.322403, 0.039728, -0.49969, -0.489471, -0.49647]
  [-0.322402, 0.039529, -0.499705, -0.486246, -0.496656]
  [-0.322394, 0.039666, -0.499703, -0.488633, -0.496592]
  [-0.322419, 0.039932, -0.499702, -0.496676, -0.496489]
  [-0.322386, 0.039862, -0.49969, -0.491539, -0.496425]
  [-0.322414, 0.039804, -0.499696, -0.481854, -0.496489]
  [-0.322401, 0.039579, -0.499694, -0.482841, -0.496569]
  [-0.322398, 0.039747, -0.499696, -0.490588, -0.496438]
  [-0.322412, 0.039746, -0.499702, -0.4875, -0.496656]
  [-0.322377, 0.039995, -0.499706, -0.481197, -0.496621]
  [-0.322408, 0.039647, -0.499696, -0.494917, -0.496483]
  [-0.322415, 0.039955, -0.499695, -0.49591, -0.496466]
  [-0.322411, 0.039704, -0.499699, -0.493, -0.496568]
  [-0.322384, 0.040006, -0.499694, -0.486801, -0.496517]
  [-0.322395, 0.03984, -0.499693, -0.492131, -0.496494]
  [-0.322409, 0.039637, -0.499706, -0.485254, -0.496618]
  [-0.322403, 0.039932, -0.499705, -0.496367, -0.496583]
  [-0.322418, 0.040043, -0.499701, -0.484712, -0.496429]
  [-0.322388, 0.039655, -0.499694, -0.494789, -0.496681]
  [-0.322388, 0.039673, -0.499699, -0.486325, -0.496666]
  [-0.32241, 0.040104, -0.49969, -0.485847, -0.496546]
  [-0.322418, 0.040148, -0.499695, -0.493077, -0.496618]
  [-0.322376, 0.040002, -0.4997, -0.482491, -0.496499]
  [-0.322384, 0.039798, -0.499701, -0.48786, -0.496452]
  [-0.322404, 0.040129, -0.499697, -0.491966, -0.496502]
  [-0.32242, 0.040141, -0.499699, -0.497112, -0.496661]
  [-0.322391, 0.03989, -0.499699, -0.48809, -0.496444]
  [-0.322387, 0.039931, -0.499694, -0.488289, -0.49646]
  [-0.322398, 0.040078, -0.499704, -0.48709, -0.496611]
  [-0.322391, 0.039468, -0.4997, -0.499824, -0.496554]
  [-0.322391, 0.039475, -0.4997, -0.499915, -0.496554]
  [-0.322391, 0.039482, -0.499699, -0.499978, -0.496554]
  [-0.322391, 0.039483, -0.4997, -0.499938, -0.496554]
  [-0.322391, 0.039474, -0.499699, -0.499857, -0.496554]
  [-0.322392, 0.039484, -0.499699, -0.499951, -0.496554]
  [-0.322391, 0.039472, -0.4997, -0.49963, -0.496554]
  [-0.322391, 0.03948, -0.4997, -0.499965, -0.496554]
  [-0.322392, 0.039462, -0.4997, -0.49991, -0.496554]
  [-0.32239, 0.03946, -0.499699, -0.499885, -0.496554]
  [-0.322392, 0.039475, -0.4997, -0.49976, -0.496554]
  [-0.322391, 0.039483, -0.499699, -0.499634, -0.496554]
  [-0.32239, 0.039469, -0.4997, -0.499803, -0.496554]
  [-0.32239, 0.039483, -0.4997, -0.499693, -0.496554]
  [-0.32239, 0.039478, -0.4997, -0.499967, -0.496554]
  [-0.322391, 0.039471, -0.499699, -0.49997, -0.496554]
  [-0.322391, 0.039464, -0.499699, -0.499987, -0.496554]
  [-0.322391, 0.039474, -0.4997, -0.499842, -0.496554]
  [-0.322391, 0.039484, -0.499699, -0.499641, -0.496554]
  [-0.322391, 0.039476, -0.499699, -0.499742, -0.496554]
  [-0.322391, 0.039463, -0.4997, -0.499867, -0.496554]
  [-0.32239, 0.039467, -0.499699, -0.499777, -0.496554]
  [-0.322391, 0.039463, -0.4997, -0.499908, -0.496554]
  [-0.322392, 0.039471, -0.4997, -0.499639, -0.496554]
  [-0.322391, 0.039466, -0.4997, -0.499702, -0.496554]
  [-0.32239, 0.039477, -0.499699, -0.499942, -0.496554]
  [-0.322391, 0.039473, -0.4997, -0.499959, -0.496554]
  [-0.322391, 0.03946, -0.499699, -0.49969, -0.496554]
  [-0.32239, 0.039483, -0.4997, -0.499955, -0.496554]
  [-0.32239, 0.039469, -0.4997, -0.499731, -0.496554]
  [-0.322391, 0.039468, -0.499699, -0.499707, -0.496554]
  [-0.322391, 0.039468, -0.4997, -0.499916, -0.496554]
  [-0.32239, 0.039471, -0.4997, -0.499794, -0.496554]
  [-0.322392, 0.039467, -0.499699, -0.499724, -0.496554]
  [-0.32239, 0.039469, -0.4997, -0.499892, -0.496554]
  [-0.322391, 0.039477, -0.499699, -0.499658, -0.496554]
  [-0.322392, 0.039475, -0.4997, -0.499821, -0.496554]
  [-0.32239, 0.039468, -0.4997, -0.499773, -0.496554]
  [-0.32239, 0.039471, -0.4997, -0.499806, -0.496554]
  [-0.32239, 0.039477, -0.4997, -0.499716, -0.496554]
  [-0.32239, 0.03948, -0.4997, -0.499833, -0.496554]
  [-0.322391, 0.039469, -0.499699, -0.499789, -0.496554]
  [-0.322391, 0.03947, -0.4997, -0.499766, -0.496554]
  [-0.32239, 0.039479, -0.4997, -0.499875, -0.496554]
  [-0.322391, 0.039482, -0.499699, -0.499733, -0.496554]
  [-0.322391, 0.039481, -0.499699, -0.499713, -0.496554]
  [-0.322391, 0.039469, -0.4997, -0.499881, -0.496554]
  [-0.322392, 0.039474, -0.499699, -0.499654, -0.496554]
  [-0.322391, 0.039479, -0.499699, -0.499709, -0.496554]
  [-0.322392, 0.039483, -0.499699, -0.49986, -0.496554]
  [-0.322391, 0.039481, -0.4997, -0.499725, -0.496554]
  [-0.322391, 0.039463, -0.499699, -0.499664, -0.496554]
  [-0.322391, 0.039483, -0.4997, -0.499952, -0.496554]
  [-0.322391, 0.039478, -0.4997, -0.499882, -0.496554]
  [-0.32239, 0.039478, -0.4997, -0.499657, -0.496554]
  [-0.32239, 0.039479, -0.499699, -0.499746, -0.496554]
  [-0.322391, 0.039468, -0.4997, -0.49989, -0.496554]
  [-0.322392, 0.039466, -0.499699, -0.499749, -0.496554]
  [-0.32239, 0.039466, -0.499699, -0.499757, -0.496554]
  [-0.322391, 0.039474, -0.499699, -0.499745, -0.496554]
  [-0.32239, 0.039476, -0.4997, -0.499849, -0.496554]
  [-0.322391, 0.039466, -0.4997, -0.49983, -0.496554]
  [-0.322392, 0.039466, -0.4997, -0.499885, -0.496554]
  [-0.322391, 0.039477, -0.4997, -0.499889, -0.496554]
  [-0.322391, 0.039475, -0.4997, -0.499852, -0.496554]
  [-0.322391, 0.039467, -0.4997, -0.499771, -0.496554]
  [-0.32239, 0.039484, -0.4997, -0.499999, -0.496554]
  [-0.322391, 0.039478, -0.4997, -0.499953, -0.496554]
  [-0.32239, 0.039472, -0.4997, -0.499688, -0.496554]
  [-0.322391, 0.039473, -0.4997, -0.49965, -0.496554]
  [-0.32239, 0.039479, -0.4997, -0.499847, -0.496554]
  [-0.322391, 0.039481, -0.4997, -0.499978, -0.496554]
  [-0.322392, 0.039474, -0.499699, -0.499927, -0.496554]
  [-0.322392, 0.039461, -0.499699, -0.49975, -0.496554]
  [-0.322391, 0.039465, -0.499699, -0.499765, -0.496554]
  [-0.322391, 0.039481, -0.4997, -0.499998, -0.496554]
  [-0.32239, 0.039467, -0.499699, -0.499955, -0.496554]
  [-0.322391, 0.039465, -0.499699, -0.499621, -0.496554]
  [-0.322391, 0.039477, -0.499699, -0.499875, -0.496554]
  [-0.32239, 0.039482, -0.4997, -0.499792, -0.496554]
  [-0.322392, 0.039469, -0.499699, -0.499795, -0.496554]
  [-0.32239, 0.039466, -0.499699, -0.49965, -0.496554]
  [-0.32239, 0.039482, -0.4997, -0.499965, -0.496554]
  [-0.32239, 0.039481, -0.4997, -0.499908, -0.496554]
  [-0.322391, 0.039468, -0.4997, -0.499692, -0.496554]
  [-0.322391, 0.039472, -0.4997, -0.499811, -0.496554]
  [-0.322391, 0.039484, -0.4997, -0.499628, -0.496554]
  [-0.322391, 0.039466, -0.499699, -0.499844, -0.496554]
  [-0.32239, 0.03946, -0.4997, -0.499819, -0.496554]
  [-0.32239, 0.039468, -0.4997, -0.499806, -0.496554]
  [-0.32239, 0.03946, -0.499699, -0.499863, -0.496554]
  [-0.322391, 0.039482, -0.499699, -0.499753, -0.496554]
  [-0.322391, 0.039463, -0.4997, -0.499738, -0.496554]
  [-0.32239, 0.039476, -0.4997, -0.499637, -0.496554]
  [-0.322391, 0.039475, -0.499699, -0.499807, -0.496554]
  [-0.322392, 0.03946, -0.499699, -0.499967, -0.496554]
  [-0.322391, 0.039467, -0.4997, -0.499785, -0.496554]
  [-0.322391, 0.039473, -0.499699, -0.49971, -0.496554]
  [-0.322391, 0.039467, -0.499699, -0.499654, -0.496554]
  [-0.322391, 0.039463, -0.4997, -0.499978, -0.496554]
  [-0.322392, 0.039467, -0.499699, -0.499814, -0.496554]
  [-0.32239, 0.039483, -0.4997, -0.499706, -0.496554]
  [-0.322391, 0.039485, -0.4997, -0.499851, -0.496554]
  [-0.322391, 0.039481, -0.499699, -0.49972, -0.496554]
  [-0.322391, 0.039478, -0.4997, -0.499997, -0.496554]
  [-0.322391, 0.039484, -0.499699, -0.499829, -0.496554]
  [-0.32239, 0.039464, -0.4997, -0.499973, -0.496554]
  [-0.322391, 0.039477, -0.499699, -0.499621, -0.496554]
  [-0.322391, 0.039475, -0.4997, -0.499653, -0.496554]
  [-0.322391, 0.039473, -0.499699, -0.499994, -0.496554]
  [-0.32239, 0.039482, -0.499699, -0.499642, -0.496554]
  [-0.322391, 0.03947, -0.4997, -0.499628, -0.496554]
  [-0.32239, 0.039469, -0.499699, -0.499824, -0.496554]
  [-0.32239, 0.039473, -0.499699, -0.49967, -0.496554]
  [-0.322392, 0.039477, -0.4997, -0.499741, -0.496554]
  [-0.322391, 0.039484, -0.499699, -0.499931, -0.496554]
  [-0.322392, 0.039465, -0.4997, -0.499669, -0.496554]
  [-0.322392, 0.039462, -0.4997, -0.499702, -0.496554]
  [-0.322391, 0.039478, -0.4997, -0.499979, -0.496554]
  [-0.32239, 0.039484, -0.499699, -0.49967, -0.496554]
  [-0.322391, 0.039472, -0.4997, -0.499964, -0.496554]
  [-0.322392, 0.039462, -0.499699, -0.499848, -0.496554]
  [-0.32239, 0.039485, -0.4997, -0.499678, -0.496554]
  [-0.322392, 0.039462, -0.499699, -0.499882, -0.496554]
  [-0.322391, 0.039461, -0.4997, -0.499623, -0.496554]
  [-0.32239, 0.039464, -0.4997, -0.499801, -0.496554]
  [-0.322392, 0.039467, -0.499699, -0.499705, -0.496554]
  [-0.322392, 0.039484, -0.4997, -0.499846, -0.496554]
  [-0.32239, 0.039464, -0.499699, -0.49962, -0.496554]
  [-0.322391, 0.03948, -0.4997, -0.499884, -0.496554]
  [-0.322392, 0.039465, -0.4997, -0.499733, -0.496554]
  [-0.322392, 0.039484, -0.4997, -0.499866, -0.496554]
  [-0.32239, 0.039475, -0.499699, -0.499725, -0.496554]
  [-0.322392, 0.039478, -0.499699, -0.499712, -0.496554]
  [-0.32239, 0.039463, -0.4997, -0.499698, -0.496554]
  [-0.32239, 0.039485, -0.4997, -0.499848, -0.496554]
  [-0.322391, 0.039478, -0.4997, -0.499855, -0.496554]
  [-0.322391, 0.039471, -0.499699, -0.499956, -0.496554]
  [-0.322391, 0.039476, -0.499699, -0.499753, -0.496554]
  [-0.32239, 0.039474, -0.4997, -0.499989, -0.496554]
  [-0.322391, 0.039472, -0.4997, -0.499905, -0.496554]
  [-0.322391, 0.03947, -0.4997, -0.499814, -0.496554]
  [-0.322392, 0.039467, -0.4997, -0.499707, -0.496554]
  [-0.322391, 0.039477, -0.4997, -0.499667, -0.496554]
  [-0.322391, 0.039463, -0.4997, -0.499884, -0.496554]
  [-0.322392, 0.039462, -0.499699, -0.499766, -0.496554]
  [-0.322391, 0.039481, -0.499699, -0.499737, -0.496554]
  [-0.32239, 0.039464, -0.4997, -0.499884, -0.496554]
  [-0.322391, 0.039463, -0.4997, -0.499954, -0.496554]
  [-0.322391, 0.03948, -0.499699, -0.499703, -0.496554]
  [-0.322391, 0.039464, -0.499699, -0.499986, -0.496554]
