Status: violated
Adversarial inputs found:
  [-0.322156, 0.037275, -0.499986, -0.465057, -0.295421]
  [-0.323618, 0.043739, -0.499384, -0.405294, -0.306805]
  [-0.322052, 0.050193, -0.499665, -0.35519, -0.195783]
  [-0.323224, 0.055478, -0.499376, -0.244667, -0.167087]
  [-0.324253, 0.059995, -0.49931, -0.286068, -0.445901]
  [-0.323302, 0.047217, -0.499903, -0.454349, -0.208746]
  [-0.321914, 0.045652, -0.499285, -0.438713, -0.459943]
  [-0.322243, 0.032189, -0.499976, -0.45962, -0.220077]
  [-0.322604, 0.048111, -0.499658, -0.310379, -0.31041]
  [-0.323043, 0.044131, -0.49959, -0.289411, -0.208632]
  [-0.322491, 0.046494, -0.499879, -0.321653, -0.316656]
  [-0.32323, 0.047523, -0.499431, -0.37248, -0.321492]
  [-0.321923, 0.042471, -0.499546, -0.30047, -0.185038]
  [-0.324044, 0.055516, -0.499624, -0.301318, -0.349879]
  [-0.322119, 0.036664, -0.499537, -0.384306, -0.294823]
  [-0.321876, 0.060109, -0.499794, -0.296169, -0.313387]
  [-0.322842, 0.049972, -0.499499, -0.31662, -0.24789]
  [-0.324086, 0.056447, -0.499428, -0.292013, -0.211398]
  [-0.323887, 0.03579, -0.499971, -0.44099, -0.40182]
  [-0.322028, 0.039122, -0.499335, -0.288171, -0.350563]
  [-0.323915, 0.042236, -0.499553, -0.266056, -0.219041]
  [-0.323565, 0.057798, -0.499452, -0.485855, -0.419224]
  [-0.322219, 0.043963, -0.499449, -0.255106, -0.497217]
  [-0.324198, 0.046765, -0.49982, -0.228517, -0.390639]
  [-0.324157, 0.035824, -0.499907, -0.340187, -0.479398]
  [-0.323451, 0.055091, -0.499753, -0.392334, -0.443328]
  [-0.323258, 0.060555, -0.499658, -0.484207, -0.315744]
  [-0.324017, 0.050526, -0.49958, -0.459388, -0.450331]
  [-0.322378, 0.052577, -0.499852, -0.386394, -0.235602]
  [-0.322991, 0.051091, -0.499416, -0.255629, -0.30861]
  [-0.324157, 0.042325, -0.499993, -0.427496, -0.472329]
  [-0.324116, 0.032617, -0.499358, -0.341915, -0.337697]
  [-0.321981, 0.053278, -0.499338, -0.255721, -0.229886]
  [-0.32284, 0.033444, -0.499456, -0.348128, -0.477961]
  [-0.322532, 0.054812, -0.499989, -0.298289, -0.350057]
  [-0.322397, 0.054735, -0.499961, -0.406939, -0.198798]
  [-0.322039, 0.053027, -0.499412, -0.461173, -0.382862]
  [-0.322752, 0.036984, -0.499615, -0.479065, -0.486294]
  [-0.322508, 0.034299, -0.499505, -0.325346, -0.255581]
  [-0.322018, 0.032202, -0.499275, -0.446611, -0.178127]
  [-0.323794, 0.050029, -0.499826, -0.317559, -0.305327]
  [-0.322856, 0.049511, -0.499863, -0.396685, -0.266768]
  [-0.322281, 0.033114, -0.499625, -0.47079, -0.342722]
  [-0.323203, 0.051424, -0.499909, -0.385411, -0.278325]
  [-0.323732, 0.037292, -0.499741, -0.321034, -0.446378]
  [-0.322338, 0.062384, -0.49985, -0.380259, -0.427053]
  [-0.322892, 0.043849, -0.499566, -0.402701, -0.357058]
  [-0.322407, 0.042646, -0.499632, -0.302938, -0.256639]
  [-0.323932, 0.045457, -0.499695, -0.439415, -0.38624]
  [-0.321959, 0.044911, -0.499448, -0.379927, -0.406167]
  [-0.322894, 0.063495, -0.499288, -0.384943, -0.351828]
  [-0.322798, 0.054478, -0.499789, -0.367806, -0.201471]
  [-0.324012, 0.051812, -0.499709, -0.435923, -0.277717]
  [-0.323226, 0.054649, -0.499481, -0.418888, -0.372733]
  [-0.322132, 0.044553, -0.499226, -0.417882, -0.228915]
  [-0.32277, 0.060348, -0.499556, -0.421202, -0.436958]
  [-0.321792, 0.052349, -0.499682, -0.295503, -0.334571]
  [-0.322398, 0.058606, -0.499955, -0.227422, -0.420932]
  [-0.321961, 0.034641, -0.499318, -0.358781, -0.44316]
  [-0.323765, 0.050075, -0.499587, -0.348914, -0.352303]
  [-0.324048, 0.061137, -0.499634, -0.442857, -0.497622]
  [-0.32349, 0.03525, -0.499607, -0.381911, -0.335399]
  [-0.323949, 0.041322, -0.499925, -0.280892, -0.306501]
  [-0.323848, 0.053138, -0.499247, -0.294769, -0.190283]
  [-0.324183, 0.042273, -0.499512, -0.276746, -0.359419]
  [-0.322328, 0.04995, -0.499773, -0.374649, -0.216808]
  [-0.32366, 0.038038, -0.499905, -0.257331, -0.441863]
  [-0.322585, 0.032625, -0.499276, -0.339424, -0.322059]
  [-0.322115, 0.060292, -0.499755, -0.438609, -0.38385]
  [-0.322159, 0.032489, -0.499925, -0.264085, -0.291943]
  [-0.32353, 0.055805, -0.499531, -0.334972, -0.339853]
  [-0.32234, 0.044814, -0.499772, -0.417023, -0.485795]
  [-0.322702, 0.041171, -0.499966, -0.349546, -0.272632]
  [-0.323082, 0.042493, -0.499378, -0.340842, -0.399798]
  [-0.322978, 0.060815, -0.499979, -0.243099, -0.207338]
  [-0.321967, 0.054884, -0.499846, -0.260619, -0.184482]
  [-0.322056, 0.04943, -0.499257, -0.460316, -0.432033]
  [-0.322601, 0.06102, -0.499358, -0.420606, -0.200001]
  [-0.322348, 0.043758, -0.499296, -0.383642, -0.327896]
  [-0.321933, 0.043273, -0.499611, -0.349389, -0.364579]
  [-0.324123, 0.050617, -0.499585, -0.494955, -0.451797]
  [-0.323589, 0.056035, -0.499607, -0.35259, -0.205973]
  [-0.323974, 0.036231, -0.499211, -0.440973, -0.488134]
  [-0.322447, 0.036051, -0.499592, -0.233954, -0.490329]
  [-0.322773, 0.032679, -0.499654, -0.238241, -0.419234]
  [-0.323783, 0.061823, -0.499861, -0.363086, -0.448155]
  [-0.323413, 0.032614, -0.499503, -0.476258, -0.350797]
  [-0.323254, 0.060397, -0.499817, -0.28856, -0.320497]
  [-0.323564, 0.042389, -0.499407, -0.260923, -0.491597]
  [-0.322091, 0.055227, -0.499221, -0.356326, -0.318449]
  [-0.322217, 0.053238, -0.499815, -0.48012, -0.218873]
  [-0.323751, 0.039006, -0.49924, -0.456498, -0.369294]
  [-0.323991, 0.04046, -0.499667, -0.406682, -0.39376]
  [-0.322887, 0.037077, -0.499741, -0.424991, -0.471514]
  [-0.322698, 0.057344, -0.499674, -0.473841, -0.463191]
  [-0.321905, 0.060894, -0.499908, -0.316866, -0.483163]
  [-0.322094, 0.053476, -0.499891, -0.265368, -0.195133]
  [-0.323968, 0.05016, -0.499408, -0.443846, -0.462416]
  [-0.323743, 0.040206, -0.499433, -0.410197, -0.335294]
  [-0.32182, 0.040609, -0.499452, -0.386995, -0.387556]
  [-0.323191, 0.05723, -0.499786, -0.460327, -0.187224]
  [-0.323487, 0.041477, -0.499676, -0.271052, -0.420765]
  [-0.321995, 0.047505, -0.499843, -0.4922, -0.324316]
  [-0.32243, 0.053092, -0.499513, -0.274725, -0.241902]
  [-0.32385, 0.042686, -0.499815, -0.42141, -0.36231]
  [-0.323236, 0.041051, -0.499328, -0.448306, -0.462163]
  [-0.323313, 0.045953, -0.499928, -0.358075, -0.449913]
  [-0.322292, 0.058651, -0.499209, -0.358672, -0.239273]
  [-0.322354, 0.059133, -0.499413, -0.455138, -0.461857]
  [-0.324097, 0.03615, -0.499577, -0.276427, -0.348896]
  [-0.322823, 0.047362, -0.499528, -0.27733, -0.475068]
  [-0.323045, 0.035465, -0.499499, -0.345806, -0.498346]
  [-0.323201, 0.032901, -0.499462, -0.394337, -0.481076]
  [-0.322129, 0.058459, -0.499589, -0.459711, -0.3118]
  [-0.322348, 0.044519, -0.499626, -0.276605, -0.439119]
  [-0.323444, 0.05785, -0.499214, -0.441715, -0.400034]
  [-0.323354, 0.053926, -0.499359, -0.436805, -0.308415]
  [-0.32295, 0.054227, -0.49994, -0.378674, -0.259069]
  [-0.321971, 0.051619, -0.499512, -0.256147, -0.447309]
  [-0.322833, 0.062784, -0.499619, -0.352819, -0.384491]
  [-0.322051, 0.0369, -0.49931, -0.319493, -0.325782]
  [-0.323672, 0.048841, -0.499601, -0.369946, -0.285574]
  [-0.322514, 0.053878, -0.499957, -0.336687, -0.473185]
  [-0.323018, 0.051045, -0.499698, -0.438796, -0.412322]
  [-0.321945, 0.052371, -0.499603, -0.347615, -0.442006]
  [-0.323152, 0.049741, -0.49972, -0.271494, -0.465301]
  [-0.322735, 0.057456, -0.499389, -0.254097, -0.370598]
  [-0.322412, 0.056495, -0.499973, -0.498155, -0.311838]
  [-0.323143, 0.052129, -0.499262, -0.272302, -0.37941]
  [-0.323821, 0.056131, -0.499988, -0.368317, -0.353897]
  [-0.323074, 0.048608, -0.499644, -0.296423, -0.386149]
  [-0.322373, 0.0348, -0.499225, -0.367794, -0.391348]
  [-0.322451, 0.062456, -0.499541, -0.328072, -0.341548]
  [-0.322482, 0.050008, -0.499583, -0.445287, -0.349693]
  [-0.321861, 0.045894, -0.499239, -0.371385, -0.349581]
  [-0.322099, 0.038823, -0.499507, -0.487923, -0.383736]
  [-0.321836, 0.051, -0.499442, -0.34949, -0.420919]
  [-0.32211, 0.040017, -0.499278, -0.374104, -0.286522]
  [-0.324035, 0.037279, -0.499955, -0.463873, -0.396933]
  [-0.32336, 0.062985, -0.499874, -0.301046, -0.483865]
  [-0.323857, 0.053968, -0.499632, -0.495577, -0.440085]
  [-0.323809, 0.05403, -0.499685, -0.234211, -0.202402]
  [-0.322615, 0.054521, -0.499643, -0.274972, -0.330587]
  [-0.323289, 0.03843, -0.499769, -0.429149, -0.470638]
  [-0.322701, 0.045538, -0.499988, -0.361853, -0.452164]
  [-0.323789, 0.042725, -0.49923, -0.343017, -0.404104]
  [-0.321873, 0.050153, -0.499697, -0.466225, -0.18806]
  [-0.323745, 0.055857, -0.499977, -0.379003, -0.496184]
  [-0.322339, 0.050903, -0.499235, -0.409148, -0.360304]
  [-0.322788, 0.050981, -0.499776, -0.432361, -0.369137]
  [-0.322697, 0.037042, -0.499616, -0.480507, -0.487113]
  [-0.322718, 0.036992, -0.499618, -0.479877, -0.486782]
  [-0.322699, 0.037042, -0.499617, -0.480812, -0.486512]
  [-0.322721, 0.037026, -0.499618, -0.480387, -0.487114]
  [-0.322746, 0.03696, -0.499613, -0.480162, -0.486681]
  [-0.322747, 0.036945, -0.499616, -0.48049, -0.486871]
  [-0.322701, 0.036993, -0.499617, -0.479299, -0.486513]
  [-0.322681, 0.036991, -0.499616, -0.47924, -0.487012]
  [-0.322727, 0.036971, -0.499613, -0.48174, -0.487116]
  [-0.322705, 0.037026, -0.499615, -0.480391, -0.487216]
  [-0.32272, 0.03696, -0.499614, -0.481477, -0.485906]
  [-0.322719, 0.036967, -0.499613, -0.479919, -0.486387]
  [-0.322722, 0.036999, -0.499618, -0.479848, -0.486841]
  [-0.322709, 0.036953, -0.499618, -0.481089, -0.486088]
  [-0.322723, 0.037027, -0.499616, -0.481012, -0.48599]
  [-0.322731, 0.037017, -0.499617, -0.481555, -0.486786]
  [-0.322749, 0.037043, -0.499612, -0.480079, -0.486851]
  [-0.322683, 0.037043, -0.499615, -0.47961, -0.486485]
  [-0.322696, 0.037013, -0.499612, -0.479716, -0.48612]
  [-0.322685, 0.036973, -0.499617, -0.480086, -0.486762]
  [-0.322697, 0.036944, -0.499619, -0.480588, -0.486879]
  [-0.322718, 0.036986, -0.499615, -0.4799, -0.486458]
  [-0.322705, 0.03701, -0.499617, -0.479682, -0.486728]
  [-0.322723, 0.036983, -0.499614, -0.480933, -0.486442]
  [-0.322703, 0.036971, -0.499613, -0.479413, -0.487032]
  [-0.322726, 0.036998, -0.499619, -0.480456, -0.486598]
  [-0.322743, 0.037004, -0.499617, -0.479558, -0.486697]
  [-0.322708, 0.037021, -0.499617, -0.479985, -0.485941]
  [-0.322705, 0.036986, -0.499616, -0.479059, -0.48653]
  [-0.322754, 0.036945, -0.499615, -0.479232, -0.486521]
  [-0.32275, 0.03699, -0.499613, -0.479905, -0.486243]
  [-0.322701, 0.036956, -0.499614, -0.481739, -0.486638]
  [-0.322752, 0.036957, -0.499614, -0.480503, -0.486623]
  [-0.322708, 0.036965, -0.499613, -0.478977, -0.485895]
  [-0.322752, 0.036968, -0.499613, -0.48175, -0.486887]
  [-0.322716, 0.037008, -0.499613, -0.480072, -0.486798]
  [-0.322737, 0.037001, -0.499616, -0.479888, -0.486564]
  [-0.322706, 0.036986, -0.499619, -0.480976, -0.486752]
  [-0.322751, 0.03702, -0.499619, -0.479563, -0.486164]
  [-0.32269, 0.036952, -0.499612, -0.48076, -0.486997]
  [-0.322682, 0.036976, -0.499613, -0.48124, -0.487178]
  [-0.322725, 0.037, -0.499615, -0.480357, -0.486272]
  [-0.322744, 0.037038, -0.499616, -0.478976, -0.486828]
  [-0.322687, 0.037022, -0.499618, -0.479457, -0.486831]
  [-0.322699, 0.036987, -0.499616, -0.48104, -0.485895]
  [-0.322682, 0.036949, -0.499619, -0.481561, -0.487171]
  [-0.322752, 0.036951, -0.499613, -0.481221, -0.486031]
  [-0.322692, 0.037028, -0.499618, -0.48133, -0.486053]
  [-0.322685, 0.037018, -0.499614, -0.479741, -0.485853]
  [-0.322691, 0.036997, -0.499619, -0.479422, -0.487112]
  [-0.322712, 0.037032, -0.499619, -0.479177, -0.486949]
  [-0.322696, 0.037008, -0.499615, -0.481307, -0.487083]
  [-0.322688, 0.037006, -0.499615, -0.480659, -0.485995]
  [-0.322702, 0.037023, -0.499618, -0.479192, -0.487198]
  [-0.32271, 0.036972, -0.499612, -0.479547, -0.486861]
  [-0.322736, 0.036951, -0.499616, -0.481737, -0.486296]
  [-0.322716, 0.036995, -0.499615, -0.480675, -0.486218]
  [-0.322703, 0.036991, -0.499614, -0.481003, -0.486468]
  [-0.322689, 0.03702, -0.499613, -0.48021, -0.486368]
  [-0.322726, 0.036961, -0.499614, -0.480897, -0.486173]
  [-0.322694, 0.037039, -0.499612, -0.480793, -0.486717]
  [-0.32268, 0.036987, -0.499613, -0.478947, -0.486777]
  [-0.32275, 0.037037, -0.499615, -0.481156, -0.486165]
  [-0.322752, 0.03695, -0.499619, -0.48121, -0.486107]
  [-0.32271, 0.036956, -0.499617, -0.481208, -0.486627]
  [-0.322716, 0.037001, -0.499619, -0.479236, -0.486954]
  [-0.322712, 0.036977, -0.499613, -0.481055, -0.486239]
  [-0.322754, 0.036975, -0.499614, -0.479047, -0.486536]
  [-0.3227, 0.037008, -0.499617, -0.480755, -0.487174]
  [-0.322731, 0.036956, -0.499617, -0.480663, -0.486425]
  [-0.322743, 0.037044, -0.499616, -0.481262, -0.486128]
  [-0.322685, 0.03696, -0.499613, -0.480689, -0.486203]
  [-0.322741, 0.036943, -0.499614, -0.48128, -0.48648]
  [-0.322743, 0.037034, -0.499615, -0.481706, -0.486829]
  [-0.322705, 0.036992, -0.499614, -0.478932, -0.486332]
  [-0.322751, 0.037026, -0.499615, -0.481084, -0.48589]
  [-0.322717, 0.036998, -0.499616, -0.48043, -0.486995]
  [-0.322743, 0.037042, -0.499617, -0.480767, -0.486136]
  [-0.322698, 0.036989, -0.499615, -0.481008, -0.486371]
  [-0.32268, 0.037019, -0.499616, -0.478881, -0.486529]
  [-0.322691, 0.03699, -0.499614, -0.481091, -0.486065]
  [-0.322748, 0.037018, -0.499618, -0.48157, -0.486964]
  [-0.322699, 0.037028, -0.499613, -0.480307, -0.486645]
  [-0.322697, 0.036959, -0.499615, -0.481505, -0.486453]
  [-0.322714, 0.036999, -0.499614, -0.479923, -0.48636]
  [-0.32268, 0.036954, -0.499618, -0.478979, -0.486283]
  [-0.322746, 0.03701, -0.499613, -0.481733, -0.486305]
  [-0.322737, 0.037011, -0.499619, -0.479409, -0.486401]
  [-0.322706, 0.036959, -0.499618, -0.480537, -0.486615]
  [-0.322683, 0.036953, -0.499616, -0.481255, -0.486388]
  [-0.322696, 0.036961, -0.499613, -0.480019, -0.487161]
  [-0.32268, 0.037033, -0.499617, -0.481166, -0.486109]
  [-0.322728, 0.036966, -0.499616, -0.479005, -0.486241]
  [-0.322694, 0.037041, -0.499617, -0.479373, -0.486282]
  [-0.322702, 0.037039, -0.499615, -0.480527, -0.485974]
  [-0.322712, 0.037041, -0.499614, -0.479196, -0.487193]
  [-0.322722, 0.037025, -0.499613, -0.481077, -0.485864]
  [-0.32272, 0.036954, -0.499613, -0.479853, -0.486256]
  [-0.322754, 0.037019, -0.499615, -0.480621, -0.485992]
  [-0.322706, 0.037029, -0.499617, -0.48095, -0.485896]
  [-0.32268, 0.036977, -0.499619, -0.481335, -0.486591]
  [-0.322754, 0.036948, -0.499617, -0.479583, -0.486394]
  [-0.322723, 0.036968, -0.499616, -0.480921, -0.486549]
  [-0.322716, 0.036987, -0.499613, -0.480622, -0.486513]
  [-0.322746, 0.037037, -0.499615, -0.479047, -0.486344]
  [-0.322733, 0.037035, -0.499618, -0.480656, -0.487246]
  [-0.32275, 0.037002, -0.499616, -0.47924, -0.486286]
  [-0.322703, 0.036964, -0.499613, -0.480466, -0.486182]
  [-0.32272, 0.037009, -0.499615, -0.480825, -0.486611]
  [-0.322706, 0.037015, -0.499619, -0.48056, -0.486333]
  [-0.322713, 0.036976, -0.499615, -0.48045, -0.486642]
  [-0.322725, 0.037034, -0.499618, -0.481423, -0.486453]
  [-0.322725, 0.036984, -0.499615, -0.480349, -0.486424]
  [-0.322702, 0.036977, -0.499618, -0.481427, -0.486384]
  [-0.322697, 0.036958, -0.499617, -0.479751, -0.486915]
  [-0.322679, 0.03703, -0.499615, -0.481009, -0.486723]
  [-0.322728, 0.037036, -0.499616, -0.480524, -0.485909]
  [-0.322747, 0.037, -0.499619, -0.479983, -0.486457]
  [-0.322751, 0.036979, -0.499614, -0.479606, -0.486513]
  [-0.322706, 0.037004, -0.499615, -0.4804, -0.486068]
  [-0.322706, 0.037035, -0.499617, -0.48122, -0.486597]
  [-0.322712, 0.036943, -0.499616, -0.480913, -0.487181]
  [-0.32271, 0.036976, -0.499619, -0.479693, -0.486539]
  [-0.322704, 0.037038, -0.499615, -0.480695, -0.486962]
  [-0.322677, 0.037006, -0.499617, -0.48138, -0.487038]
  [-0.322721, 0.037027, -0.499616, -0.479253, -0.486829]
  [-0.322736, 0.037035, -0.499616, -0.480776, -0.486036]
  [-0.322733, 0.037003, -0.499617, -0.47978, -0.486081]
  [-0.322702, 0.036954, -0.499616, -0.480298, -0.486441]
  [-0.322683, 0.037001, -0.499615, -0.480812, -0.486265]
  [-0.322684, 0.037038, -0.499613, -0.479341, -0.48725]
  [-0.322748, 0.036965, -0.499617, -0.480243, -0.486037]
  [-0.322715, 0.036992, -0.499615, -0.479131, -0.487058]
  [-0.322703, 0.037044, -0.499615, -0.479453, -0.486684]
  [-0.322728, 0.036975, -0.499616, -0.48064, -0.486086]
  [-0.322711, 0.036949, -0.499613, -0.479758, -0.486789]
  [-0.32269, 0.03701, -0.499616, -0.479829, -0.48653]
  [-0.322723, 0.036996, -0.499615, -0.47954, -0.485968]
  [-0.322689, 0.037019, -0.499612, -0.480061, -0.486792]
  [-0.3227, 0.036952, -0.499617, -0.480276, -0.486043]
  [-0.322717, 0.036958, -0.499615, -0.478888, -0.486447]
  [-0.322696, 0.037012, -0.499618, -0.480017, -0.486732]
  [-0.322705, 0.037042, -0.499614, -0.480926, -0.486668]
  [-0.322708, 0.036997, -0.499612, -0.480057, -0.486629]
  [-0.322709, 0.037008, -0.499615, -0.478894, -0.487266]
  [-0.322703, 0.036976, -0.499612, -0.479124, -0.486238]
  [-0.322716, 0.036989, -0.499612, -0.480425, -0.486839]
  [-0.32269, 0.036977, -0.499616, -0.479909, -0.486873]
  [-0.322728, 0.037033, -0.499615, -0.479934, -0.486972]
  [-0.322728, 0.036963, -0.499614, -0.481662, -0.487208]
  [-0.322728, 0.036964, -0.499614, -0.481621, -0.487229]
  [-0.322729, 0.036963, -0.499614, -0.481662, -0.487241]
  [-0.322729, 0.036963, -0.499614, -0.481655, -0.487241]
  [-0.322729, 0.036964, -0.499614, -0.481622, -0.487233]
  [-0.322728, 0.036964, -0.499614, -0.481683, -0.487218]
  [-0.322729, 0.036963, -0.499614, -0.481653, -0.487219]
  [-0.322728, 0.036964, -0.499614, -0.481679, -0.487217]
  [-0.322729, 0.036963, -0.499614, -0.48163, -0.487238]
  [-0.322729, 0.036964, -0.499614, -0.481662, -0.487243]
  [-0.322729, 0.036963, -0.499614, -0.48163, -0.487256]
  [-0.322728, 0.036964, -0.499614, -0.481644, -0.487254]
  [-0.322728, 0.036963, -0.499614, -0.481671, -0.487219]
  [-0.322728, 0.036964, -0.499614, -0.481629, -0.487218]
  [-0.322728, 0.036964, -0.499614, -0.481668, -0.487208]
  [-0.322728, 0.036963, -0.499614, -0.481648, -0.487258]
  [-0.322729, 0.036963, -0.499614, -0.481681, -0.48723]
  [-0.322729, 0.036964, -0.499614, -0.481643, -0.487234]
  [-0.322728, 0.036963, -0.499614, -0.481652, -0.487224]
  [-0.322728, 0.036964, -0.499614, -0.481657, -0.487234]
  [-0.322729, 0.036963, -0.499614, -0.481619, -0.487245]
  [-0.322729, 0.036964, -0.499614, -0.481626, -0.48725]
  [-0.322728, 0.036964, -0.499614, -0.481654, -0.487249]
  [-0.322729, 0.036963, -0.499614, -0.481668, -0.487212]
  [-0.322728, 0.036963, -0.499614, -0.481659, -0.487206]
  [-0.322728, 0.036963, -0.499614, -0.481645, -0.487252]
  [-0.322729, 0.036964, -0.499614, -0.48165, -0.487211]
  [-0.322728, 0.036963, -0.499614, -0.481683, -0.487249]
  [-0.322728, 0.036964, -0.499614, -0.481667, -0.48724]
  [-0.322728, 0.036963, -0.499614, -0.481674, -0.48722]
  [-0.322728, 0.036964, -0.499614, -0.481645, -0.487245]
  [-0.322728, 0.036964, -0.499614, -0.481632, -0.487215]
  [-0.322729, 0.036964, -0.499614, -0.481671, -0.487228]
  [-0.322728, 0.036964, -0.499614, -0.481683, -0.487215]
  [-0.322728, 0.036963, -0.499614, -0.481642, -0.48721]
  [-0.322728, 0.036964, -0.499614, -0.481673, -0.487216]
  [-0.322728, 0.036964, -0.499614, -0.481674, -0.487225]
  [-0.322729, 0.036964, -0.499614, -0.481619, -0.487213]
  [-0.322728, 0.036963, -0.499614, -0.481642, -0.487247]
  [-0.322729, 0.036963, -0.499614, -0.481619, -0.487209]
  [-0.322728, 0.036964, -0.499614, -0.481667, -0.487218]
  [-0.322729, 0.036963, -0.499614, -0.481678, -0.487242]
  [-0.322728, 0.036963, -0.499614, -0.481667, -0.487241]
  [-0.322729, 0.036963, -0.499614, -0.481664, -0.487233]
  [-0.322728, 0.036964, -0.499614, -0.481619, -0.487251]
  [-0.322729, 0.036963, -0.499614, -0.481663, -0.487244]
  [-0.322728, 0.036964, -0.499614, -0.481635, -0.487255]
  [-0.322728, 0.036964, -0.499614, -0.481615, -0.487212]
  [-0.322729, 0.036964, -0.499614, -0.481626, -0.487252]
  [-0.322729, 0.036963, -0.499614, -0.481672, -0.487222]
  [-0.322728, 0.036964, -0.499614, -0.481622, -0.487255]
  [-0.322729, 0.036963, -0.499614, -0.481662, -0.487255]
  [-0.322728, 0.036964, -0.499614, -0.481669, -0.487239]
  [-0.322728, 0.036964, -0.499614, -0.481625, -0.487252]
  [-0.322728, 0.036964, -0.499614, -0.481665, -0.487225]
  [-0.322728, 0.036964, -0.499614, -0.481651, -0.487231]
  [-0.322728, 0.036963, -0.499614, -0.481657, -0.487242]
  [-0.322729, 0.036964, -0.499614, -0.481681, -0.487233]
  [-0.322728, 0.036963, -0.499614, -0.481635, -0.487231]
  [-0.322728, 0.036964, -0.499614, -0.481681, -0.487255]
  [-0.322728, 0.036964, -0.499614, -0.481623, -0.487252]
  [-0.322729, 0.036963, -0.499614, -0.481646, -0.487253]
  [-0.322728, 0.036964, -0.499614, -0.481615, -0.487238]
  [-0.322728, 0.036963, -0.499614, -0.481658, -0.487223]
  [-0.322728, 0.036963, -0.499614, -0.481623, -0.48724]
  [-0.322729, 0.036963, -0.499614, -0.481681, -0.487244]
  [-0.322728, 0.036963, -0.499614, -0.481681, -0.487237]
  [-0.322728, 0.036964, -0.499614, -0.481672, -0.487228]
  [-0.322728, 0.036964, -0.499614, -0.481667, -0.487239]
  [-0.322729, 0.036963, -0.499614, -0.481641, -0.487209]
  [-0.322729, 0.036963, -0.499614, -0.481642, -0.487225]
  [-0.322728, 0.036963, -0.499614, -0.48166, -0.487234]
  [-0.322728, 0.036964, -0.499614, -0.481675, -0.487221]
  [-0.322728, 0.036964, -0.499614, -0.481637, -0.487235]
  [-0.322728, 0.036964, -0.499614, -0.481646, -0.487224]
  [-0.322728, 0.036963, -0.499614, -0.481658, -0.487233]
  [-0.322728, 0.036964, -0.499614, -0.481664, -0.487245]
  [-0.322729, 0.036964, -0.499614, -0.481661, -0.487247]
  [-0.322728, 0.036964, -0.499614, -0.481617, -0.487221]
  [-0.322729, 0.036964, -0.499614, -0.481615, -0.487246]
  [-0.322728, 0.036963, -0.499614, -0.481625, -0.48722]
  [-0.322729, 0.036963, -0.499614, -0.481668, -0.487221]
  [-0.322729, 0.036964, -0.499614, -0.481638, -0.48724]
  [-0.322728, 0.036963, -0.499614, -0.481623, -0.487251]
  [-0.322728, 0.036964, -0.499614, -0.481642, -0.487216]
  [-0.322729, 0.036964, -0.499614, -0.481633, -0.487229]
  [-0.322728, 0.036964, -0.499614, -0.481615, -0.487246]
  [-0.322728, 0.036964, -0.499614, -0.481617, -0.487208]
  [-0.322728, 0.036964, -0.499614, -0.48165, -0.487235]
  [-0.322728, 0.036963, -0.499614, -0.48164, -0.487225]
  [-0.322729, 0.036964, -0.499614, -0.481639, -0.487213]
  [-0.322729, 0.036964, -0.499614, -0.481632, -0.487222]
  [-0.322728, 0.036963, -0.499614, -0.481655, -0.487234]
  [-0.322728, 0.036964, -0.499614, -0.481664, -0.487235]
  [-0.322729, 0.036963, -0.499614, -0.481649, -0.487215]
  [-0.322728, 0.036963, -0.499614, -0.481642, -0.487255]
  [-0.322728, 0.036964, -0.499614, -0.481663, -0.487251]
  [-0.322729, 0.036964, -0.499614, -0.481624, -0.487206]
  [-0.322728, 0.036964, -0.499614, -0.481642, -0.487232]
  [-0.322729, 0.036964, -0.499614, -0.48162, -0.487257]
  [-0.322729, 0.036963, -0.499614, -0.481624, -0.487249]
  [-0.322728, 0.036964, -0.499614, -0.481677, -0.487251]
  [-0.322729, 0.036964, -0.499614, -0.481676, -0.487213]
  [-0.322729, 0.036963, -0.499614, -0.48165, -0.487208]
  [-0.322728, 0.036963, -0.499614, -0.481624, -0.48722]
  [-0.322728, 0.036964, -0.499614, -0.481672, -0.487251]
  [-0.322728, 0.036964, -0.499614, -0.481663, -0.487223]
  [-0.322728, 0.036964, -0.499614, -0.481653, -0.487239]
  [-0.322728, 0.036964, -0.499614, -0.481667, -0.487237]
  [-0.322729, 0.036963, -0.499614, -0.48163, -0.487257]
  [-0.322729, 0.036964, -0.499614, -0.481648, -0.487215]
  [-0.322729, 0.036963, -0.499614, -0.481653, -0.487257]
  [-0.322728, 0.036963, -0.499614, -0.481645, -0.487215]
  [-0.322728, 0.036964, -0.499614, -0.481626, -0.487249]
  [-0.322728, 0.036964, -0.499614, -0.481647, -0.487239]
  [-0.322728, 0.036964, -0.499614, -0.481654, -0.487241]
  [-0.322729, 0.036964, -0.499614, -0.481636, -0.487231]
  [-0.322728, 0.036964, -0.499614, -0.481674, -0.487255]
  [-0.322729, 0.036963, -0.499614, -0.481659, -0.487252]
  [-0.322729, 0.036964, -0.499614, -0.481617, -0.487219]
  [-0.322729, 0.036964, -0.499614, -0.48165, -0.487222]
  [-0.322728, 0.036963, -0.499614, -0.481621, -0.487252]
  [-0.322728, 0.036964, -0.499614, -0.481637, -0.487243]
  [-0.322729, 0.036963, -0.499614, -0.481663, -0.487255]
  [-0.322729, 0.036964, -0.499614, -0.481669, -0.487221]
  [-0.322728, 0.036964, -0.499614, -0.481661, -0.487219]
  [-0.322729, 0.036963, -0.499614, -0.481614, -0.487213]
  [-0.322728, 0.036964, -0.499614, -0.481621, -0.487256]
  [-0.322728, 0.036963, -0.499614, -0.481672, -0.487235]
  [-0.322729, 0.036964, -0.499614, -0.481663, -0.487243]
  [-0.322729, 0.036963, -0.499614, -0.481631, -0.487206]
  [-0.322728, 0.036964, -0.499614, -0.481664, -0.487241]
  [-0.322728, 0.036963, -0.499614, -0.48168, -0.487227]
  [-0.322728, 0.036963, -0.499614, -0.481619, -0.487246]
  [-0.322728, 0.036964, -0.499614, -0.481625, -0.48723]
  [-0.322728, 0.036963, -0.499614, -0.481675, -0.48723]
  [-0.322728, 0.036963, -0.499614, -0.481634, -0.487233]
  [-0.322728, 0.036963, -0.499614, -0.481657, -0.487247]
  [-0.322729, 0.036964, -0.499614, -0.481665, -0.487228]
  [-0.322728, 0.036964, -0.499614, -0.481671, -0.487252]
  [-0.322728, 0.036963, -0.499614, -0.481621, -0.487236]
  [-0.322729, 0.036963, -0.499614, -0.48167, -0.487254]
  [-0.322729, 0.036963, -0.499614, -0.481661, -0.487221]
  [-0.322729, 0.036964, -0.499614, -0.481618, -0.487256]
  [-0.322729, 0.036964, -0.499614, -0.481637, -0.487244]
  [-0.322729, 0.036964, -0.499614, -0.481643, -0.487244]
  [-0.322729, 0.036964, -0.499614, -0.481621, -0.487225]
  [-0.322728, 0.036964, -0.499614, -0.481625, -0.487232]
  [-0.322728, 0.036963, -0.499614, -0.481639, -0.487209]
  [-0.322729, 0.036963, -0.499614, -0.481616, -0.487254]
  [-0.322728, 0.036964, -0.499614, -0.481676, -0.487255]
  [-0.322728, 0.036964, -0.499614, -0.481682, -0.487255]
  [-0.324032, 0.04106, -0.49977, -0.286047, -0.386723]
  [-0.321809, 0.033289, -0.499432, -0.275748, -0.293861]
  [-0.323478, 0.044081, -0.499398, -0.485163, -0.21175]
  [-0.322026, 0.063131, -0.499863, -0.486399, -0.361456]
  [-0.322486, 0.04629, -0.49962, -0.334213, -0.38176]
  [-0.324196, 0.051998, -0.499683, -0.321742, -0.422149]
  [-0.321857, 0.053312, -0.499739, -0.370996, -0.350134]
  [-0.322792, 0.039136, -0.499384, -0.358867, -0.439499]
  [-0.323869, 0.032826, -0.4993, -0.331205, -0.169886]
  [-0.322622, 0.033528, -0.499663, -0.457159, -0.191312]
  [-0.324013, 0.044745, -0.499442, -0.426837, -0.229232]
  [-0.321843, 0.032697, -0.499592, -0.297063, -0.458455]
  [-0.324261, 0.036567, -0.499969, -0.450103, -0.202187]
  [-0.321981, 0.06201, -0.499767, -0.420775, -0.4981]
  [-0.32238, 0.047432, -0.499482, -0.478247, -0.394281]
  [-0.323223, 0.05239, -0.499733, -0.253438, -0.309855]
  [-0.322375, 0.041793, -0.499635, -0.251157, -0.403253]
  [-0.323126, 0.036858, -0.499338, -0.338507, -0.49295]
  [-0.323501, 0.03468, -0.499479, -0.302919, -0.294481]
  [-0.324193, 0.043376, -0.499794, -0.381928, -0.293255]
  [-0.323497, 0.03617, -0.49985, -0.289877, -0.22153]
  [-0.322132, 0.041834, -0.49989, -0.400696, -0.273722]
  [-0.322601, 0.040465, -0.499894, -0.488948, -0.228405]
  [-0.322767, 0.041885, -0.499268, -0.436182, -0.350042]
  [-0.323866, 0.035106, -0.499965, -0.27385, -0.378101]
  [-0.322325, 0.03586, -0.499351, -0.280253, -0.207343]
  [-0.323955, 0.038598, -0.499418, -0.48035, -0.375682]
  [-0.322105, 0.037571, -0.499986, -0.499488, -0.262683]
  [-0.323215, 0.048763, -0.499839, -0.324183, -0.253291]
  [-0.321851, 0.057635, -0.499303, -0.469283, -0.488891]
  [-0.323441, 0.053381, -0.499462, -0.343588, -0.171289]
  [-0.323885, 0.053618, -0.499263, -0.271283, -0.493184]
  [-0.324049, 0.044146, -0.499413, -0.283118, -0.424263]
  [-0.322641, 0.059419, -0.499411, -0.381724, -0.49635]
  [-0.323282, 0.032757, -0.499287, -0.318008, -0.369274]
  [-0.323358, 0.063106, -0.499724, -0.370592, -0.22116]
  [-0.323966, 0.053164, -0.499377, -0.430444, -0.305181]
  [-0.322915, 0.032729, -0.499207, -0.421945, -0.372726]
  [-0.321934, 0.05477, -0.499847, -0.263018, -0.26196]
  [-0.322488, 0.059822, -0.499801, -0.48093, -0.189703]
  [-0.324269, 0.041126, -0.499479, -0.302092, -0.39059]
  [-0.322022, 0.039155, -0.499432, -0.471304, -0.375317]
  [-0.3229, 0.049644, -0.499469, -0.453425, -0.245545]
  [-0.323891, 0.059661, -0.499979, -0.491375, -0.190878]
  [-0.321888, 0.049793, -0.499495, -0.402915, -0.1827]
  [-0.323093, 0.05111, -0.499842, -0.497318, -0.30898]
  [-0.323615, 0.043381, -0.499875, -0.228019, -0.333824]
  [-0.322998, 0.061411, -0.499714, -0.359576, -0.451285]
  [-0.322655, 0.035611, -0.499912, -0.460479, -0.413788]
  [-0.322002, 0.056525, -0.49952, -0.434866, -0.373424]
  [-0.321977, 0.032424, -0.499376, -0.476404, -0.379511]
  [-0.322915, 0.06335, -0.499613, -0.329444, -0.236767]
  [-0.322816, 0.054612, -0.499498, -0.359301, -0.352224]
  [-0.323697, 0.043803, -0.499746, -0.300221, -0.228087]
  [-0.322887, 0.058666, -0.499523, -0.365482, -0.270729]
  [-0.32239, 0.034242, -0.499482, -0.373927, -0.303121]
  [-0.322311, 0.055916, -0.499698, -0.429708, -0.435218]
  [-0.322258, 0.060419, -0.499484, -0.311034, -0.440578]
  [-0.322499, 0.042897, -0.499919, -0.342908, -0.414559]
  [-0.323425, 0.041867, -0.499771, -0.325333, -0.331634]
  [-0.324043, 0.057569, -0.499376, -0.445581, -0.364649]
  [-0.323246, 0.061715, -0.499873, -0.362866, -0.32115]
  [-0.323765, 0.05803, -0.499755, -0.378277, -0.493913]
  [-0.323627, 0.03431, -0.499897, -0.394176, -0.369443]
  [-0.323031, 0.034384, -0.499414, -0.372962, -0.438613]
  [-0.322582, 0.052017, -0.499931, -0.497725, -0.368481]
  [-0.323324, 0.057411, -0.499678, -0.36032, -0.492085]
  [-0.323176, 0.043524, -0.49958, -0.364431, -0.200104]
  [-0.324021, 0.053316, -0.499854, -0.315681, -0.295585]
  [-0.324237, 0.055255, -0.499397, -0.350279, -0.202613]
  [-0.323313, 0.045071, -0.499784, -0.46629, -0.266177]
  [-0.322722, 0.054539, -0.499442, -0.373442, -0.443717]
  [-0.323523, 0.046357, -0.499987, -0.317618, -0.394287]
  [-0.323993, 0.053892, -0.499886, -0.444884, -0.334347]
  [-0.321837, 0.041564, -0.499278, -0.385876, -0.486445]
  [-0.322262, 0.045554, -0.499237, -0.402037, -0.444066]
  [-0.322839, 0.041598, -0.499488, -0.417277, -0.32715]
  [-0.321852, 0.037635, -0.499276, -0.422187, -0.321025]
  [-0.323682, 0.037932, -0.49974, -0.433088, -0.430646]
  [-0.323394, 0.056298, -0.49988, -0.48256, -0.22231]
  [-0.321981, 0.042736, -0.499764, -0.347388, -0.287487]
  [-0.323585, 0.044734, -0.499773, -0.415413, -0.304946]
  [-0.323775, 0.034757, -0.499467, -0.334203, -0.468362]
  [-0.323486, 0.040374, -0.499933, -0.229154, -0.464695]
  [-0.322694, 0.056556, -0.499298, -0.380122, -0.498896]
  [-0.322819, 0.039279, -0.499321, -0.249702, -0.463523]
  [-0.32271, 0.05603, -0.499291, -0.378898, -0.205939]
  [-0.324256, 0.063481, -0.49975, -0.259639, -0.437228]
  [-0.322108, 0.047525, -0.499802, -0.321407, -0.382961]
  [-0.321849, 0.05882, -0.499497, -0.481519, -0.194773]
  [-0.323594, 0.059513, -0.499359, -0.444377, -0.293137]
  [-0.323324, 0.032485, -0.499224, -0.258724, -0.313862]
  [-0.322748, 0.036615, -0.499521, -0.355212, -0.330039]
  [-0.322933, 0.049842, -0.499959, -0.318691, -0.491217]
  [-0.324178, 0.039488, -0.499379, -0.491185, -0.246163]
  [-0.322446, 0.046926, -0.49988, -0.271351, -0.388804]
  [-0.323839, 0.033616, -0.499859, -0.464059, -0.363036]
  [-0.323856, 0.044528, -0.499371, -0.418555, -0.320583]
  [-0.322095, 0.052349, -0.499372, -0.412866, -0.321039]
  [-0.32322, 0.039893, -0.499829, -0.343669, -0.475056]
  [-0.323909, 0.051873, -0.499896, -0.393406, -0.440521]
  [-0.321934, 0.055206, -0.499638, -0.436881, -0.329587]
  [-0.322785, 0.057404, -0.499711, -0.486631, -0.491557]
  [-0.323543, 0.050871, -0.499853, -0.490115, -0.27303]
  [-0.322971, 0.051936, -0.499367, -0.306087, -0.371053]
  [-0.322255, 0.032829, -0.499644, -0.444775, -0.426011]
  [-0.323289, 0.057938, -0.499889, -0.497857, -0.260241]
  [-0.323824, 0.063279, -0.499354, -0.433846, -0.202989]
  [-0.323391, 0.038007, -0.499923, -0.467207, -0.36621]
  [-0.323073, 0.059154, -0.499818, -0.261716, -0.401748]
  [-0.323968, 0.035096, -0.499757, -0.330198, -0.331245]
  [-0.323414, 0.03944, -0.499476, -0.407574, -0.295303]
  [-0.323016, 0.051985, -0.499323, -0.231239, -0.261611]
  [-0.323884, 0.032475, -0.499977, -0.477944, -0.249547]
  [-0.32245, 0.03631, -0.499531, -0.454806, -0.284077]
  [-0.323083, 0.041331, -0.499726, -0.25683, -0.35434]
  [-0.322552, 0.061198, -0.499541, -0.303812, -0.383864]
  [-0.322795, 0.037538, -0.499286, -0.358731, -0.468452]
  [-0.323814, 0.038016, -0.49968, -0.45262, -0.306458]
  [-0.322894, 0.044661, -0.499522, -0.415498, -0.334215]
  [-0.32417, 0.057029, -0.499788, -0.413128, -0.255529]
  [-0.323698, 0.060161, -0.499798, -0.246858, -0.410053]
  [-0.323873, 0.055369, -0.499951, -0.241988, -0.17998]
  [-0.324022, 0.055984, -0.499246, -0.469206, -0.34596]
  [-0.322869, 0.043344, -0.499712, -0.331441, -0.203]
  [-0.32247, 0.060109, -0.499839, -0.295858, -0.213498]
  [-0.324136, 0.040436, -0.499205, -0.393024, -0.357378]
  [-0.322948, 0.035355, -0.499683, -0.269218, -0.208602]
  [-0.323619, 0.032493, -0.499711, -0.491095, -0.234853]
  [-0.323223, 0.054968, -0.499432, -0.480589, -0.284669]
  [-0.322888, 0.036035, -0.499607, -0.41047, -0.227703]
  [-0.324031, 0.044685, -0.499742, -0.388929, -0.444085]
  [-0.324169, 0.047485, -0.499777, -0.280313, -0.386825]
  [-0.322593, 0.033175, -0.499625, -0.390426, -0.396054]
  [-0.323945, 0.053964, -0.499685, -0.397805, -0.16868]
  [-0.323942, 0.052753, -0.499695, -0.295603, -0.481119]
  [-0.322306, 0.051958, -0.499233, -0.367697, -0.192719]
  [-0.322331, 0.033124, -0.49974, -0.464659, -0.222679]
  [-0.322249, 0.036354, -0.499871, -0.236363, -0.473278]
  [-0.322241, 0.063245, -0.499708, -0.315387, -0.300789]
  [-0.322433, 0.046461, -0.499589, -0.306243, -0.306489]
  [-0.322077, 0.034373, -0.499722, -0.406831, -0.245379]
  [-0.322852, 0.041666, -0.499648, -0.28075, -0.408469]
  [-0.323583, 0.044126, -0.499302, -0.362106, -0.174501]
  [-0.322972, 0.050967, -0.499747, -0.39579, -0.195324]
  [-0.323099, 0.052161, -0.499249, -0.295378, -0.274903]
  [-0.323898, 0.041701, -0.499609, -0.377624, -0.195391]
  [-0.322673, 0.060371, -0.499627, -0.342659, -0.23774]
  [-0.32249, 0.041399, -0.499818, -0.418523, -0.21628]
  [-0.323863, 0.052982, -0.499899, -0.273085, -0.456491]
  [-0.322759, 0.057413, -0.499721, -0.486184, -0.491051]
  [-0.322783, 0.0573, -0.499721, -0.487163, -0.492982]
  [-0.322771, 0.057195, -0.49972, -0.487736, -0.494916]
  [-0.322783, 0.057484, -0.499716, -0.488213, -0.494556]
  [-0.322736, 0.05749, -0.499712, -0.48768, -0.493353]
  [-0.322749, 0.057099, -0.499713, -0.488553, -0.49004]
  [-0.322728, 0.057297, -0.499719, -0.486648, -0.498811]
  [-0.322767, 0.057125, -0.499714, -0.487147, -0.498486]
  [-0.322741, 0.057431, -0.499722, -0.485757, -0.495833]
  [-0.322744, 0.057406, -0.499719, -0.487497, -0.491435]
  [-0.322737, 0.057465, -0.499719, -0.488073, -0.492046]
  [-0.322745, 0.057359, -0.499718, -0.488158, -0.489081]
  [-0.322757, 0.057538, -0.49972, -0.485707, -0.497806]
  [-0.322785, 0.057242, -0.49971, -0.486544, -0.49453]
  [-0.322774, 0.05747, -0.499715, -0.486477, -0.496095]
  [-0.322734, 0.057394, -0.499716, -0.488039, -0.492928]
  [-0.322757, 0.057123, -0.499717, -0.48801, -0.497518]
  [-0.322784, 0.057348, -0.499713, -0.487514, -0.499065]
  [-0.322742, 0.057541, -0.499711, -0.486229, -0.499793]
  [-0.322727, 0.057172, -0.49972, -0.487765, -0.498132]
  [-0.322723, 0.057204, -0.499721, -0.488158, -0.497779]
  [-0.322756, 0.057205, -0.499714, -0.485663, -0.49728]
  [-0.322733, 0.05718, -0.49972, -0.486336, -0.491207]
  [-0.322744, 0.057223, -0.499714, -0.486185, -0.498543]
  [-0.322762, 0.057347, -0.499721, -0.487516, -0.497212]
  [-0.322779, 0.057247, -0.499719, -0.48603, -0.49459]
  [-0.322759, 0.057102, -0.499713, -0.485596, -0.490499]
  [-0.322737, 0.057149, -0.499715, -0.485992, -0.49607]
  [-0.322762, 0.057498, -0.499711, -0.487589, -0.48909]
  [-0.32276, 0.057489, -0.499715, -0.486891, -0.493494]
  [-0.322729, 0.057358, -0.499715, -0.488274, -0.499438]
  [-0.322727, 0.057133, -0.499712, -0.487171, -0.488775]
  [-0.322736, 0.057166, -0.499714, -0.487148, -0.489562]
  [-0.322747, 0.057512, -0.499711, -0.487383, -0.494571]
  [-0.322777, 0.057516, -0.499711, -0.487598, -0.497286]
  [-0.322784, 0.057095, -0.499711, -0.485913, -0.491384]
  [-0.322747, 0.057428, -0.499714, -0.487224, -0.492379]
  [-0.322743, 0.057117, -0.499713, -0.486726, -0.492247]
  [-0.322738, 0.057132, -0.49972, -0.487377, -0.495396]
  [-0.322746, 0.057093, -0.499719, -0.486823, -0.495341]
  [-0.32275, 0.057105, -0.49972, -0.487798, -0.492901]
  [-0.322751, 0.057131, -0.499714, -0.485601, -0.490806]
  [-0.322739, 0.057398, -0.499717, -0.488263, -0.494504]
  [-0.322781, 0.05712, -0.499711, -0.487153, -0.499733]
  [-0.322723, 0.057492, -0.499718, -0.486845, -0.495071]
  [-0.322771, 0.057378, -0.499719, -0.488544, -0.488708]
  [-0.322773, 0.057237, -0.499717, -0.487351, -0.495209]
  [-0.322732, 0.057204, -0.499721, -0.486357, -0.498865]
  [-0.32278, 0.057112, -0.49971, -0.487022, -0.497758]
  [-0.322759, 0.057344, -0.499723, -0.485604, -0.491964]
  [-0.322733, 0.057493, -0.499716, -0.487989, -0.488866]
  [-0.322768, 0.05741, -0.499715, -0.485632, -0.49107]
  [-0.322783, 0.05755, -0.499719, -0.487964, -0.499673]
  [-0.322762, 0.057306, -0.499714, -0.486347, -0.497341]
  [-0.322745, 0.05718, -0.499717, -0.485655, -0.487855]
  [-0.322732, 0.057458, -0.499717, -0.487576, -0.488053]
  [-0.322742, 0.057523, -0.499716, -0.486564, -0.490016]
  [-0.322771, 0.057437, -0.499712, -0.485865, -0.4923]
  [-0.322769, 0.057423, -0.49972, -0.485806, -0.491675]
  [-0.322731, 0.057234, -0.499715, -0.487432, -0.491738]
  [-0.322751, 0.057291, -0.49972, -0.48747, -0.498042]
  [-0.322747, 0.057401, -0.49972, -0.488471, -0.490099]
  [-0.322754, 0.057416, -0.499714, -0.485797, -0.494211]
  [-0.322738, 0.057308, -0.499711, -0.487034, -0.491616]
  [-0.322742, 0.057495, -0.499712, -0.488566, -0.498025]
  [-0.322748, 0.057404, -0.499716, -0.488245, -0.496172]
  [-0.322727, 0.057269, -0.499717, -0.485975, -0.488948]
  [-0.32276, 0.057526, -0.499723, -0.486448, -0.49291]
  [-0.322757, 0.057357, -0.499717, -0.488071, -0.493008]
  [-0.322773, 0.057528, -0.499717, -0.485802, -0.498176]
  [-0.322724, 0.057178, -0.499717, -0.487981, -0.499021]
  [-0.322776, 0.057239, -0.499712, -0.487797, -0.495535]
  [-0.322774, 0.05743, -0.499714, -0.486121, -0.492613]
  [-0.322755, 0.05749, -0.499711, -0.486456, -0.498811]
  [-0.322782, 0.057542, -0.499722, -0.487029, -0.499332]
  [-0.322781, 0.057118, -0.499722, -0.485914, -0.499335]
  [-0.322731, 0.057304, -0.499712, -0.486272, -0.491609]
  [-0.322749, 0.05712, -0.499714, -0.488386, -0.488435]
  [-0.322729, 0.057542, -0.499722, -0.486923, -0.493329]
  [-0.322743, 0.057304, -0.499717, -0.486738, -0.498845]
  [-0.322755, 0.057282, -0.499719, -0.48816, -0.492902]
  [-0.322753, 0.057426, -0.499714, -0.488585, -0.49495]
  [-0.322758, 0.05726, -0.499721, -0.487715, -0.4919]
  [-0.322763, 0.057554, -0.499719, -0.485647, -0.492291]
  [-0.322751, 0.057165, -0.499721, -0.488202, -0.49457]
  [-0.322744, 0.057313, -0.499714, -0.488498, -0.499343]
  [-0.322741, 0.057208, -0.499715, -0.48777, -0.48931]
  [-0.322744, 0.057432, -0.49972, -0.486872, -0.493359]
  [-0.322777, 0.057545, -0.499718, -0.488273, -0.491222]
  [-0.322759, 0.05731, -0.499713, -0.487922, -0.492537]
  [-0.32274, 0.057246, -0.49971, -0.486777, -0.489018]
  [-0.322773, 0.057355, -0.499715, -0.486318, -0.499953]
  [-0.322753, 0.057547, -0.499721, -0.4859, -0.496532]
  [-0.32276, 0.057181, -0.49971, -0.486221, -0.494418]
  [-0.322723, 0.057189, -0.499718, -0.488545, -0.49965]
  [-0.32276, 0.057465, -0.499717, -0.486185, -0.499141]
  [-0.322723, 0.057207, -0.499719, -0.487917, -0.491748]
  [-0.32274, 0.057502, -0.499718, -0.487217, -0.492355]
  [-0.322748, 0.057531, -0.49972, -0.48763, -0.487783]
  [-0.322783, 0.057132, -0.499715, -0.485591, -0.490354]
  [-0.322777, 0.057328, -0.499722, -0.488167, -0.491818]
  [-0.322743, 0.057093, -0.499721, -0.48672, -0.488667]
  [-0.32278, 0.057317, -0.499722, -0.48662, -0.499347]
  [-0.322746, 0.057447, -0.499722, -0.485711, -0.491331]
  [-0.322729, 0.057466, -0.49971, -0.48842, -0.491303]
  [-0.322773, 0.057515, -0.499719, -0.486731, -0.49062]
  [-0.322748, 0.057523, -0.49972, -0.486468, -0.494208]
  [-0.322738, 0.057415, -0.499711, -0.486923, -0.491906]
  [-0.322732, 0.057411, -0.499717, -0.486872, -0.491156]
  [-0.322728, 0.057173, -0.499719, -0.487788, -0.498421]
  [-0.322727, 0.057134, -0.49972, -0.48735, -0.490247]
  [-0.322757, 0.057211, -0.499722, -0.487909, -0.492851]
  [-0.322781, 0.057376, -0.49971, -0.485958, -0.487937]
  [-0.322786, 0.057542, -0.499718, -0.488151, -0.490403]
  [-0.322764, 0.057391, -0.499716, -0.487876, -0.499228]
  [-0.32275, 0.057195, -0.499721, -0.488361, -0.489905]
  [-0.32276, 0.057183, -0.499722, -0.488498, -0.489685]
  [-0.322786, 0.057132, -0.499712, -0.487407, -0.491578]
  [-0.322777, 0.057546, -0.499723, -0.488014, -0.492997]
  [-0.322774, 0.057296, -0.499723, -0.487995, -0.488596]
  [-0.322765, 0.057091, -0.499713, -0.487902, -0.493192]
  [-0.322746, 0.057414, -0.499716, -0.487997, -0.489997]
  [-0.322775, 0.057255, -0.499723, -0.487661, -0.495063]
  [-0.322727, 0.05755, -0.499714, -0.486024, -0.488447]
  [-0.322783, 0.057148, -0.499722, -0.485879, -0.489193]
  [-0.322728, 0.057439, -0.499723, -0.487383, -0.489994]
  [-0.322769, 0.057156, -0.49972, -0.486568, -0.49003]
  [-0.32273, 0.057109, -0.499719, -0.487412, -0.487629]
  [-0.322738, 0.057308, -0.499718, -0.485991, -0.498178]
  [-0.322764, 0.05724, -0.499715, -0.485902, -0.497005]
  [-0.322741, 0.057209, -0.499711, -0.487447, -0.491896]
  [-0.322779, 0.057478, -0.499714, -0.4864, -0.496562]
  [-0.322735, 0.057106, -0.499723, -0.485858, -0.488773]
  [-0.322766, 0.057488, -0.499715, -0.488564, -0.48935]
  [-0.322786, 0.057523, -0.499713, -0.486257, -0.499466]
  [-0.322777, 0.057406, -0.49971, -0.486718, -0.49361]
  [-0.322749, 0.057425, -0.499718, -0.486832, -0.489695]
  [-0.322747, 0.057165, -0.499721, -0.486516, -0.493813]
  [-0.322774, 0.057481, -0.499711, -0.488458, -0.49008]
  [-0.322751, 0.057159, -0.499721, -0.48641, -0.492905]
  [-0.322747, 0.057483, -0.499723, -0.487292, -0.493303]
  [-0.322737, 0.057535, -0.499712, -0.487849, -0.491743]
  [-0.322764, 0.057108, -0.499722, -0.488171, -0.499381]
  [-0.322734, 0.057325, -0.499711, -0.486894, -0.499083]
  [-0.322776, 0.05719, -0.499716, -0.487976, -0.499675]
  [-0.322745, 0.057519, -0.499722, -0.487755, -0.487634]
  [-0.322781, 0.057333, -0.499722, -0.488192, -0.49593]
  [-0.322783, 0.057194, -0.499711, -0.488556, -0.490379]
  [-0.322759, 0.057194, -0.499722, -0.487009, -0.490176]
  [-0.322739, 0.057121, -0.499714, -0.486932, -0.487901]
  [-0.322723, 0.057184, -0.499718, -0.488528, -0.499638]
  [-0.322723, 0.057185, -0.499718, -0.488529, -0.499635]
  [-0.322723, 0.057185, -0.499718, -0.488535, -0.499644]
  [-0.322723, 0.057183, -0.499718, -0.488531, -0.499686]
  [-0.322723, 0.057187, -0.499718, -0.488545, -0.499684]
  [-0.322723, 0.057188, -0.499718, -0.488531, -0.499641]
  [-0.322723, 0.057185, -0.499718, -0.488528, -0.49968]
  [-0.322723, 0.057184, -0.499718, -0.48853, -0.499654]
  [-0.322723, 0.057187, -0.499718, -0.488543, -0.499665]
  [-0.322723, 0.057184, -0.499718, -0.488534, -0.49963]
  [-0.322723, 0.057187, -0.499718, -0.488543, -0.499675]
  [-0.322723, 0.057186, -0.499718, -0.488536, -0.499629]
  [-0.322723, 0.057186, -0.499718, -0.488529, -0.499666]
  [-0.322723, 0.057184, -0.499718, -0.488535, -0.499639]
  [-0.322723, 0.057185, -0.499718, -0.488529, -0.499622]
  [-0.322723, 0.057183, -0.499718, -0.488546, -0.49968]
  [-0.322723, 0.057185, -0.499718, -0.488549, -0.499683]
  [-0.322723, 0.057187, -0.499718, -0.488543, -0.499654]
  [-0.322723, 0.057185, -0.499718, -0.488539, -0.499646]
  [-0.322723, 0.057189, -0.499718, -0.488535, -0.499654]
  [-0.322723, 0.057186, -0.499718, -0.488545, -0.499666]
  [-0.322723, 0.057184, -0.499718, -0.488535, -0.499635]
  [-0.322723, 0.057188, -0.499718, -0.488531, -0.499657]
  [-0.322723, 0.057188, -0.499718, -0.488548, -0.499649]
  [-0.322723, 0.057184, -0.499718, -0.488539, -0.499624]
  [-0.322723, 0.057185, -0.499718, -0.488534, -0.499626]
  [-0.322723, 0.057189, -0.499718, -0.488536, -0.499674]
  [-0.322723, 0.057186, -0.499718, -0.488537, -0.499647]
  [-0.322723, 0.057186, -0.499718, -0.488528, -0.499673]
  [-0.322723, 0.057185, -0.499718, -0.488547, -0.499669]
  [-0.322723, 0.057185, -0.499718, -0.48853, -0.499671]
  [-0.322723, 0.057185, -0.499718, -0.488542, -0.499636]
  [-0.322723, 0.057188, -0.499718, -0.488533, -0.499643]
  [-0.322723, 0.057184, -0.499718, -0.488528, -0.499634]
  [-0.322723, 0.057188, -0.499718, -0.48854, -0.499666]
  [-0.322723, 0.057187, -0.499718, -0.488533, -0.499626]
  [-0.322723, 0.057185, -0.499718, -0.488532, -0.49966]
  [-0.322723, 0.057186, -0.499718, -0.488533, -0.499664]
  [-0.322723, 0.057186, -0.499718, -0.48853, -0.499657]
  [-0.322723, 0.057188, -0.499718, -0.488531, -0.499668]
  [-0.322723, 0.057186, -0.499718, -0.488541, -0.499636]
  [-0.322723, 0.057187, -0.499718, -0.488535, -0.499623]
  [-0.322723, 0.057188, -0.499718, -0.488538, -0.499687]
  [-0.322723, 0.057185, -0.499718, -0.488547, -0.499622]
  [-0.322723, 0.057188, -0.499718, -0.488545, -0.499643]
  [-0.322723, 0.057186, -0.499718, -0.48854, -0.499683]
  [-0.322723, 0.057187, -0.499718, -0.488544, -0.499679]
  [-0.322723, 0.057186, -0.499718, -0.488535, -0.499638]
  [-0.322723, 0.057186, -0.499718, -0.488546, -0.499649]
  [-0.322723, 0.057186, -0.499718, -0.488544, -0.499676]
  [-0.322723, 0.057189, -0.499718, -0.488534, -0.499687]
  [-0.322723, 0.057186, -0.499718, -0.488536, -0.499631]
  [-0.322723, 0.057188, -0.499718, -0.488548, -0.49966]
  [-0.322723, 0.057187, -0.499718, -0.488542, -0.499638]
  [-0.322723, 0.057188, -0.499718, -0.488531, -0.499674]
  [-0.322723, 0.057184, -0.499718, -0.488537, -0.499619]
  [-0.322723, 0.057188, -0.499718, -0.488541, -0.499689]
  [-0.322723, 0.057186, -0.499718, -0.488542, -0.499685]
  [-0.322723, 0.057185, -0.499718, -0.488533, -0.499652]
  [-0.322723, 0.057186, -0.499718, -0.488532, -0.499677]
  [-0.322723, 0.057183, -0.499718, -0.488543, -0.499658]
  [-0.322723, 0.057188, -0.499718, -0.488547, -0.499675]
  [-0.322723, 0.057185, -0.499718, -0.488533, -0.499622]
  [-0.322723, 0.057186, -0.499718, -0.488532, -0.499673]
  [-0.322723, 0.057187, -0.499718, -0.488531, -0.499649]
  [-0.322723, 0.057188, -0.499718, -0.488545, -0.499686]
  [-0.322723, 0.057185, -0.499718, -0.48854, -0.499648]
  [-0.322723, 0.057183, -0.499718, -0.488546, -0.499635]
  [-0.322723, 0.057188, -0.499718, -0.488547, -0.499681]
  [-0.322723, 0.057183, -0.499718, -0.488541, -0.499644]
  [-0.322723, 0.057185, -0.499718, -0.488538, -0.499637]
  [-0.322723, 0.057186, -0.499718, -0.488528, -0.49963]
  [-0.322723, 0.057184, -0.499718, -0.488545, -0.499625]
  [-0.322723, 0.057186, -0.499718, -0.488542, -0.499688]
  [-0.322723, 0.057189, -0.499718, -0.488544, -0.49967]
  [-0.322723, 0.057186, -0.499718, -0.488549, -0.499621]
  [-0.322723, 0.057188, -0.499718, -0.48854, -0.499622]
  [-0.322723, 0.057185, -0.499718, -0.488528, -0.49967]
  [-0.322723, 0.057187, -0.499718, -0.488544, -0.499664]
  [-0.322723, 0.057187, -0.499718, -0.488548, -0.499639]
  [-0.322723, 0.057188, -0.499718, -0.48854, -0.49964]
  [-0.322723, 0.057184, -0.499718, -0.488534, -0.499629]
  [-0.322723, 0.057185, -0.499718, -0.488536, -0.499678]
  [-0.322723, 0.057186, -0.499718, -0.488529, -0.499619]
  [-0.322723, 0.057185, -0.499718, -0.488535, -0.499627]
  [-0.322723, 0.057185, -0.499718, -0.488546, -0.49964]
  [-0.322723, 0.057185, -0.499718, -0.488538, -0.499665]
  [-0.322723, 0.057184, -0.499718, -0.488547, -0.49962]
  [-0.322723, 0.057184, -0.499718, -0.488537, -0.499668]
  [-0.322723, 0.057186, -0.499718, -0.488549, -0.499631]
  [-0.322723, 0.057186, -0.499718, -0.488529, -0.499677]
  [-0.322723, 0.057184, -0.499718, -0.488548, -0.499668]
  [-0.322723, 0.057186, -0.499718, -0.488534, -0.499627]
  [-0.322723, 0.057186, -0.499718, -0.488536, -0.499655]
  [-0.322723, 0.057186, -0.499718, -0.488548, -0.499672]
  [-0.322723, 0.057184, -0.499718, -0.488537, -0.49968]
  [-0.322723, 0.057188, -0.499718, -0.488531, -0.499682]
  [-0.322723, 0.057185, -0.499718, -0.488543, -0.499642]
  [-0.322723, 0.057184, -0.499718, -0.488532, -0.499643]
  [-0.322723, 0.057183, -0.499718, -0.488538, -0.499627]
  [-0.322723, 0.057186, -0.499718, -0.488547, -0.499653]
  [-0.322723, 0.057188, -0.499718, -0.488547, -0.499639]
  [-0.322723, 0.057187, -0.499718, -0.488534, -0.49965]
  [-0.322723, 0.057184, -0.499718, -0.488528, -0.499631]
  [-0.322723, 0.057189, -0.499718, -0.488541, -0.499634]
  [-0.322723, 0.057189, -0.499718, -0.488528, -0.499641]
  [-0.322723, 0.057187, -0.499718, -0.488538, -0.499629]
  [-0.322723, 0.057185, -0.499718, -0.488543, -0.499633]
  [-0.322723, 0.057186, -0.499718, -0.488529, -0.499659]
  [-0.322723, 0.057184, -0.499718, -0.488549, -0.499688]
  [-0.322723, 0.057188, -0.499718, -0.488536, -0.499678]
  [-0.322723, 0.057185, -0.499718, -0.48854, -0.499628]
  [-0.322723, 0.057188, -0.499718, -0.488538, -0.49966]
  [-0.322723, 0.057186, -0.499718, -0.488542, -0.499679]
  [-0.322723, 0.057186, -0.499718, -0.488549, -0.499629]
  [-0.322723, 0.057183, -0.499718, -0.488549, -0.499654]
  [-0.322723, 0.057187, -0.499718, -0.488546, -0.499622]
  [-0.322723, 0.057186, -0.499718, -0.488537, -0.499621]
  [-0.322723, 0.057185, -0.499718, -0.488528, -0.499682]
  [-0.322723, 0.057188, -0.499718, -0.488532, -0.499633]
  [-0.322723, 0.057189, -0.499718, -0.488547, -0.49964]
  [-0.322723, 0.057184, -0.499718, -0.488532, -0.499685]
  [-0.322723, 0.057186, -0.499718, -0.488548, -0.49962]
  [-0.322723, 0.057186, -0.499718, -0.488533, -0.499674]
  [-0.322723, 0.057185, -0.499718, -0.488536, -0.499663]
  [-0.322723, 0.057183, -0.499718, -0.48854, -0.499672]
  [-0.322723, 0.057183, -0.499718, -0.48854, -0.499619]
  [-0.322723, 0.057187, -0.499718, -0.48855, -0.499652]
  [-0.322723, 0.057187, -0.499718, -0.488546, -0.499633]
  [-0.322723, 0.057186, -0.499718, -0.488542, -0.499674]
  [-0.322723, 0.057188, -0.499718, -0.488532, -0.499658]
  [-0.322723, 0.057185, -0.499718, -0.488531, -0.499668]
  [-0.322723, 0.057184, -0.499718, -0.488542, -0.499645]
  [-0.322723, 0.057187, -0.499718, -0.488545, -0.49962]
  [-0.322723, 0.057185, -0.499718, -0.488542, -0.49967]
  [-0.322723, 0.057187, -0.499718, -0.488539, -0.499683]
  [-0.322723, 0.057188, -0.499718, -0.488548, -0.499623]
  [-0.322723, 0.057188, -0.499718, -0.488535, -0.499669]
  [-0.322723, 0.057188, -0.499718, -0.488541, -0.499678]
  [-0.322723, 0.057184, -0.499718, -0.488545, -0.499648]
  [-0.322723, 0.057185, -0.499718, -0.488541, -0.499652]
  [-0.322723, 0.057186, -0.499718, -0.488544, -0.49962]
  [-0.322723, 0.057184, -0.499718, -0.488528, -0.499669]
  [-0.322723, 0.057188, -0.499718, -0.488541, -0.499669]
  [-0.322723, 0.057184, -0.499718, -0.488548, -0.499636]
  [-0.322723, 0.057189, -0.499718, -0.488541, -0.499645]
  [-0.322723, 0.057188, -0.499718, -0.488546, -0.499623]
  [-0.322723, 0.057188, -0.499718, -0.488545, -0.499639]
  [-0.322723, 0.057187, -0.499718, -0.488544, -0.499687]
  [-0.322723, 0.057186, -0.499718, -0.488533, -0.499628]
  [-0.324066, 0.047653, -0.499264, -0.42027, -0.475229]
  [-0.321954, 0.054045, -0.499234, -0.380787, -0.16775]
  [-0.32219, 0.039139, -0.499263, -0.385672, -0.240686]
  [-0.322726, 0.041614, -0.499226, -0.400416, -0.311701]
  [-0.32365, 0.049278, -0.499931, -0.474133, -0.177009]
  [-0.322148, 0.046719, -0.499924, -0.497909, -0.275254]
  [-0.322289, 0.045843, -0.499287, -0.242193, -0.291509]
  [-0.323309, 0.056121, -0.499728, -0.412634, -0.319438]
  [-0.322114, 0.046549, -0.49995, -0.280718, -0.492612]
  [-0.322542, 0.057417, -0.499613, -0.424554, -0.2655]
  [-0.323275, 0.032438, -0.499719, -0.466886, -0.285778]
  [-0.32187, 0.046153, -0.499446, -0.310204, -0.45986]
  [-0.322289, 0.032677, -0.499642, -0.388639, -0.256743]
  [-0.32369, 0.051309, -0.49926, -0.3869, -0.361117]
  [-0.322652, 0.03927, -0.499778, -0.495235, -0.349922]
  [-0.32285, 0.036748, -0.499783, -0.277742, -0.246436]
  [-0.322032, 0.049458, -0.499906, -0.28243, -0.437629]
  [-0.324193, 0.05448, -0.499723, -0.246161, -0.487329]
  [-0.323392, 0.054784, -0.49966, -0.241338, -0.30359]
  [-0.323965, 0.044313, -0.499929, -0.390205, -0.406867]
  [-0.324231, 0.059245, -0.49971, -0.242446, -0.431129]
  [-0.322511, 0.045792, -0.499475, -0.283579, -0.368872]
  [-0.322265, 0.040924, -0.499406, -0.239671, -0.37205]
  [-0.323878, 0.059876, -0.49937, -0.433827, -0.366007]
  [-0.32328, 0.033347, -0.499747, -0.338275, -0.483788]
  [-0.323435, 0.041585, -0.499987, -0.34352, -0.417402]
  [-0.322125, 0.049038, -0.499408, -0.469354, -0.3743]
  [-0.32358, 0.055597, -0.499781, -0.414481, -0.239532]
  [-0.323904, 0.062693, -0.499439, -0.437744, -0.334389]
  [-0.32268, 0.041592, -0.499541, -0.280231, -0.327724]
  [-0.322408, 0.036968, -0.499941, -0.430081, -0.481632]
  [-0.322237, 0.043974, -0.499547, -0.357995, -0.437747]
  [-0.323222, 0.052866, -0.499742, -0.370604, -0.254336]
  [-0.324183, 0.040551, -0.499669, -0.294475, -0.322316]
  [-0.322065, 0.046754, -0.499602, -0.331706, -0.412344]
  [-0.322243, 0.059423, -0.499741, -0.31586, -0.202235]
  [-0.322833, 0.0456, -0.499597, -0.321564, -0.288522]
  [-0.323361, 0.048213, -0.499338, -0.416996, -0.378238]
  [-0.32402, 0.044897, -0.499413, -0.304942, -0.209944]
  [-0.323694, 0.043365, -0.499636, -0.479099, -0.353739]
  [-0.322131, 0.05092, -0.499244, -0.269602, -0.183896]
  [-0.322865, 0.063101, -0.49951, -0.372548, -0.414286]
  [-0.323933, 0.032717, -0.499236, -0.409381, -0.384854]
  [-0.32346, 0.062202, -0.499589, -0.265475, -0.26253]
  [-0.322381, 0.048028, -0.499535, -0.462726, -0.345109]
  [-0.323309, 0.05061, -0.499348, -0.44193, -0.42278]
  [-0.322019, 0.047524, -0.499292, -0.491696, -0.443504]
  [-0.322827, 0.045592, -0.499953, -0.465145, -0.16709]
  [-0.322124, 0.053671, -0.499415, -0.499701, -0.365567]
  [-0.322834, 0.055468, -0.499694, -0.285248, -0.373428]
  [-0.322375, 0.044537, -0.499749, -0.251352, -0.408508]
  [-0.323306, 0.048688, -0.499862, -0.313136, -0.327146]
  [-0.323185, 0.038798, -0.499652, -0.368846, -0.340776]
  [-0.323333, 0.033454, -0.499714, -0.375467, -0.307658]
  [-0.322443, 0.049729, -0.499641, -0.324948, -0.331478]
  [-0.322834, 0.032075, -0.49957, -0.32147, -0.485892]
  [-0.323001, 0.056097, -0.499729, -0.345968, -0.281656]
  [-0.323219, 0.063284, -0.499854, -0.433334, -0.356779]
  [-0.324006, 0.042737, -0.499817, -0.230006, -0.223805]
  [-0.324236, 0.057016, -0.499403, -0.423659, -0.288997]
  [-0.323362, 0.048092, -0.499424, -0.340991, -0.323018]
  [-0.323133, 0.053702, -0.49994, -0.253418, -0.392314]
  [-0.321832, 0.035105, -0.499749, -0.365339, -0.216648]
  [-0.322948, 0.046805, -0.499544, -0.228471, -0.387981]
  [-0.322581, 0.046732, -0.499774, -0.276924, -0.448264]
  [-0.32238, 0.049544, -0.499516, -0.355768, -0.333775]
  [-0.323754, 0.055773, -0.499954, -0.440622, -0.363768]
  [-0.323786, 0.040337, -0.499706, -0.439339, -0.476572]
  [-0.323337, 0.051866, -0.499757, -0.426829, -0.33717]
  [-0.323994, 0.033594, -0.499294, -0.434978, -0.172605]
  [-0.321946, 0.057898, -0.499636, -0.275264, -0.416666]
  [-0.322654, 0.041058, -0.499502, -0.491556, -0.268734]
  [-0.322195, 0.05198, -0.499903, -0.389856, -0.481906]
  [-0.324202, 0.041584, -0.49962, -0.362731, -0.447632]
  [-0.322072, 0.037995, -0.499557, -0.272668, -0.281562]
  [-0.322857, 0.060231, -0.499326, -0.367136, -0.190038]
  [-0.322872, 0.057098, -0.499802, -0.481757, -0.327198]
  [-0.323842, 0.040237, -0.499707, -0.271317, -0.284234]
  [-0.323613, 0.037867, -0.499466, -0.485218, -0.476702]
  [-0.322044, 0.038128, -0.499788, -0.471253, -0.242275]
  [-0.322711, 0.051077, -0.499379, -0.341494, -0.3789]
  [-0.323111, 0.055494, -0.499809, -0.385321, -0.266624]
  [-0.322538, 0.036607, -0.499828, -0.281335, -0.479271]
  [-0.322044, 0.058731, -0.499249, -0.292232, -0.369273]
  [-0.323935, 0.062842, -0.499238, -0.371685, -0.244822]
  [-0.323861, 0.056424, -0.499576, -0.407442, -0.422333]
  [-0.323134, 0.032748, -0.499628, -0.378593, -0.429785]
  [-0.324082, 0.063181, -0.499254, -0.45825, -0.358812]
  [-0.324241, 0.049559, -0.499295, -0.465811, -0.479859]
  [-0.322424, 0.037821, -0.499747, -0.483033, -0.446034]
  [-0.32193, 0.057185, -0.499208, -0.334263, -0.378372]
  [-0.323527, 0.044808, -0.499732, -0.341895, -0.228455]
  [-0.322218, 0.055195, -0.499839, -0.410108, -0.331722]
  [-0.324137, 0.040774, -0.499483, -0.236168, -0.217084]
  [-0.323698, 0.063543, -0.49927, -0.416089, -0.23957]
  [-0.323774, 0.052398, -0.499953, -0.247694, -0.408948]
  [-0.322367, 0.052807, -0.499657, -0.429553, -0.220357]
  [-0.323603, 0.034465, -0.499861, -0.465494, -0.44263]
  [-0.323439, 0.045686, -0.499569, -0.277633, -0.463675]
  [-0.323019, 0.039398, -0.499715, -0.414066, -0.465736]
  [-0.323373, 0.036187, -0.499489, -0.439512, -0.37636]
  [-0.323204, 0.056395, -0.499384, -0.38157, -0.318062]
  [-0.322311, 0.057945, -0.499952, -0.478439, -0.494425]
  [-0.323062, 0.037073, -0.499681, -0.489334, -0.425546]
  [-0.323476, 0.055775, -0.499738, -0.412372, -0.36215]
  [-0.322381, 0.050819, -0.49968, -0.432949, -0.332959]
  [-0.322957, 0.032157, -0.499528, -0.461659, -0.483408]
  [-0.323124, 0.034191, -0.499418, -0.29169, -0.268378]
  [-0.322889, 0.053674, -0.499244, -0.290188, -0.438902]
  [-0.32346, 0.062461, -0.49994, -0.323066, -0.480935]
  [-0.323925, 0.050046, -0.499413, -0.420069, -0.329821]
  [-0.322594, 0.05746, -0.499218, -0.287914, -0.34593]
  [-0.322245, 0.059554, -0.499735, -0.378273, -0.296951]
  [-0.322195, 0.046422, -0.499405, -0.235923, -0.492766]
  [-0.323215, 0.06334, -0.499806, -0.292058, -0.226271]
  [-0.323245, 0.037878, -0.499598, -0.429619, -0.348689]
  [-0.322644, 0.043017, -0.49957, -0.352727, -0.278123]
  [-0.323486, 0.037103, -0.499991, -0.278759, -0.379209]
  [-0.322799, 0.057401, -0.499685, -0.465268, -0.222399]
  [-0.323693, 0.046905, -0.5, -0.229687, -0.272628]
  [-0.323072, 0.044878, -0.499908, -0.247834, -0.420921]
  [-0.323973, 0.055765, -0.499535, -0.405364, -0.300705]
  [-0.323756, 0.036252, -0.499663, -0.389863, -0.309357]
  [-0.322161, 0.061605, -0.499837, -0.326962, -0.320991]
  [-0.322447, 0.03768, -0.499227, -0.241874, -0.397375]
  [-0.322522, 0.058304, -0.499807, -0.451587, -0.352339]
  [-0.324188, 0.04065, -0.499743, -0.31213, -0.323447]
  [-0.323825, 0.056456, -0.499651, -0.319991, -0.212581]
  [-0.323025, 0.051477, -0.499917, -0.382417, -0.411585]
  [-0.322288, 0.052613, -0.499878, -0.335394, -0.401168]
  [-0.321894, 0.048552, -0.499739, -0.388193, -0.382722]
  [-0.324272, 0.061449, -0.499967, -0.429049, -0.267493]
  [-0.322723, 0.044991, -0.499346, -0.281141, -0.294589]
  [-0.322578, 0.054284, -0.499214, -0.312287, -0.445049]
  [-0.322152, 0.056642, -0.499826, -0.483561, -0.308444]
  [-0.323229, 0.053767, -0.499891, -0.427102, -0.225242]
  [-0.324098, 0.053904, -0.499418, -0.333286, -0.426288]
  [-0.322029, 0.058214, -0.499691, -0.315602, -0.243128]
  [-0.323202, 0.046722, -0.499284, -0.271667, -0.218461]
  [-0.324064, 0.059016, -0.499908, -0.284396, -0.216116]
  [-0.321878, 0.048673, -0.499794, -0.341049, -0.406072]
  [-0.322816, 0.062218, -0.499401, -0.49757, -0.294247]
  [-0.323817, 0.036657, -0.499436, -0.427132, -0.367192]
  [-0.321932, 0.044302, -0.499462, -0.362215, -0.256543]
  [-0.322355, 0.03628, -0.499314, -0.262722, -0.428929]
  [-0.32358, 0.0411, -0.499224, -0.348676, -0.477555]
  [-0.324233, 0.0464, -0.499854, -0.397691, -0.256913]
  [-0.323654, 0.055813, -0.499278, -0.309456, -0.422875]
  [-0.322594, 0.037918, -0.499448, -0.407825, -0.217318]
  [-0.32317, 0.032061, -0.499427, -0.258207, -0.375139]
  [-0.322958, 0.032006, -0.499536, -0.461787, -0.483249]
  [-0.322987, 0.031948, -0.499535, -0.461819, -0.484332]
  [-0.322951, 0.031927, -0.499525, -0.461632, -0.483767]
  [-0.322969, 0.031886, -0.49953, -0.46171, -0.483344]
  [-0.322971, 0.032233, -0.499529, -0.461618, -0.483771]
  [-0.322951, 0.032019, -0.499532, -0.461644, -0.483576]
  [-0.322986, 0.03184, -0.499536, -0.461565, -0.483839]
  [-0.32297, 0.032193, -0.499526, -0.461646, -0.484355]
  [-0.322987, 0.032138, -0.499527, -0.461849, -0.483508]
  [-0.322967, 0.032242, -0.499527, -0.461768, -0.48375]
  [-0.322954, 0.031955, -0.499529, -0.461781, -0.48337]
  [-0.322958, 0.032222, -0.499534, -0.461628, -0.484337]
  [-0.322964, 0.031976, -0.499536, -0.461852, -0.484363]
  [-0.32298, 0.031952, -0.499528, -0.461632, -0.483156]
  [-0.322976, 0.031863, -0.499527, -0.461831, -0.484336]
  [-0.32298, 0.031911, -0.499527, -0.461676, -0.483559]
  [-0.322964, 0.032238, -0.499523, -0.46184, -0.483705]
  [-0.322966, 0.032141, -0.499525, -0.461705, -0.483598]
  [-0.322988, 0.032008, -0.499524, -0.46163, -0.483615]
  [-0.322974, 0.032165, -0.499534, -0.461778, -0.483488]
  [-0.322986, 0.032094, -0.499534, -0.46165, -0.482992]
  [-0.322968, 0.032033, -0.499524, -0.46159, -0.483505]
  [-0.322982, 0.031855, -0.499531, -0.461674, -0.484015]
  [-0.322956, 0.032188, -0.499533, -0.4617, -0.483795]
  [-0.322974, 0.031965, -0.499522, -0.461597, -0.483291]
  [-0.322963, 0.032001, -0.49953, -0.461728, -0.483895]
  [-0.322959, 0.032145, -0.499533, -0.461608, -0.483503]
  [-0.322975, 0.031971, -0.499535, -0.461749, -0.483392]
  [-0.322986, 0.031866, -0.499531, -0.461711, -0.483554]
  [-0.32299, 0.032011, -0.499531, -0.461753, -0.483722]
  [-0.322966, 0.032114, -0.499529, -0.461637, -0.483104]
  [-0.322984, 0.031903, -0.499527, -0.461608, -0.483719]
  [-0.322977, 0.032193, -0.499535, -0.461634, -0.48369]
  [-0.322965, 0.031908, -0.499526, -0.461806, -0.483472]
  [-0.322978, 0.032082, -0.49953, -0.461827, -0.48408]
  [-0.32298, 0.031913, -0.499528, -0.461744, -0.483495]
  [-0.322974, 0.031948, -0.499531, -0.46182, -0.484182]
  [-0.322972, 0.032111, -0.499527, -0.461807, -0.484137]
  [-0.322981, 0.032243, -0.499536, -0.461659, -0.483044]
  [-0.322973, 0.031925, -0.499532, -0.46158, -0.484063]
  [-0.322984, 0.032149, -0.499533, -0.461579, -0.483366]
  [-0.322956, 0.031847, -0.499531, -0.461586, -0.48307]
  [-0.322981, 0.031956, -0.499529, -0.461691, -0.483379]
  [-0.322984, 0.032105, -0.499524, -0.461744, -0.483503]
  [-0.322965, 0.032069, -0.499527, -0.461576, -0.483376]
  [-0.322973, 0.032228, -0.499533, -0.461627, -0.483202]
  [-0.32297, 0.032043, -0.499532, -0.461704, -0.483109]
  [-0.322984, 0.03194, -0.499534, -0.461617, -0.483053]
  [-0.322982, 0.032118, -0.499535, -0.461647, -0.483004]
  [-0.322963, 0.031847, -0.499528, -0.461603, -0.483374]
  [-0.322956, 0.031901, -0.499525, -0.461626, -0.483803]
  [-0.32296, 0.032161, -0.49953, -0.461652, -0.483932]
  [-0.322976, 0.03217, -0.499526, -0.461844, -0.483539]
  [-0.322969, 0.031934, -0.499533, -0.461569, -0.484198]
  [-0.32298, 0.031912, -0.499532, -0.461586, -0.483011]
  [-0.322961, 0.032016, -0.49953, -0.46172, -0.484089]
  [-0.322966, 0.032126, -0.49953, -0.461571, -0.483375]
  [-0.322968, 0.03184, -0.499527, -0.461632, -0.483574]
  [-0.322971, 0.032039, -0.499523, -0.461546, -0.483453]
  [-0.322955, 0.032076, -0.499525, -0.461733, -0.483046]
  [-0.322956, 0.032218, -0.499528, -0.461554, -0.484125]
  [-0.322952, 0.03216, -0.499527, -0.46178, -0.483317]
  [-0.322978, 0.031949, -0.499523, -0.46156, -0.483636]
  [-0.322955, 0.032185, -0.499533, -0.46157, -0.483408]
  [-0.322961, 0.032179, -0.499528, -0.461608, -0.483786]
  [-0.322971, 0.031964, -0.499522, -0.461794, -0.483104]
  [-0.322972, 0.032102, -0.499526, -0.46179, -0.483906]
  [-0.322957, 0.031922, -0.499526, -0.461727, -0.484073]
  [-0.322974, 0.031965, -0.499532, -0.461781, -0.483192]
  [-0.322967, 0.031973, -0.499531, -0.461798, -0.483637]
  [-0.322957, 0.031878, -0.499524, -0.46168, -0.484036]
  [-0.322961, 0.032092, -0.499533, -0.461606, -0.483378]
  [-0.322952, 0.031894, -0.499529, -0.461653, -0.484023]
  [-0.322987, 0.031881, -0.499532, -0.461636, -0.483758]
  [-0.322979, 0.03191, -0.499524, -0.461841, -0.484113]
  [-0.32297, 0.031844, -0.499532, -0.46176, -0.484296]
  [-0.322962, 0.03216, -0.499528, -0.461695, -0.483848]
  [-0.32297, 0.032246, -0.499532, -0.461744, -0.483344]
  [-0.322953, 0.032188, -0.499531, -0.46166, -0.483108]
  [-0.322951, 0.032127, -0.499532, -0.461669, -0.48413]
  [-0.322956, 0.032185, -0.499531, -0.461763, -0.483946]
  [-0.322964, 0.03187, -0.499529, -0.461571, -0.484354]
  [-0.322971, 0.032195, -0.499523, -0.461612, -0.484109]
  [-0.322986, 0.031866, -0.499523, -0.461788, -0.482988]
  [-0.322972, 0.031932, -0.49953, -0.461848, -0.48433]
  [-0.322965, 0.031985, -0.499533, -0.461748, -0.48401]
  [-0.322989, 0.032225, -0.499527, -0.461646, -0.483462]
  [-0.322975, 0.031933, -0.499526, -0.461794, -0.483927]
  [-0.322981, 0.031946, -0.499523, -0.461632, -0.484166]
  [-0.32299, 0.032079, -0.499531, -0.461566, -0.483933]
  [-0.322966, 0.032189, -0.499525, -0.461843, -0.483452]
  [-0.322973, 0.032165, -0.499533, -0.461649, -0.484299]
  [-0.322959, 0.031871, -0.499533, -0.46182, -0.483654]
  [-0.322961, 0.032244, -0.499535, -0.461823, -0.483618]
  [-0.322967, 0.032037, -0.499529, -0.461656, -0.483163]
  [-0.322979, 0.032212, -0.499522, -0.461612, -0.483491]
  [-0.322978, 0.032224, -0.499526, -0.461549, -0.483498]
  [-0.32296, 0.032159, -0.49953, -0.46185, -0.483369]
  [-0.322976, 0.031848, -0.499525, -0.461756, -0.483579]
  [-0.322981, 0.032174, -0.499525, -0.461821, -0.483287]
  [-0.322982, 0.031914, -0.49953, -0.461672, -0.48369]
  [-0.322964, 0.031979, -0.499535, -0.461569, -0.484303]
  [-0.322983, 0.03214, -0.499535, -0.461763, -0.483577]
  [-0.322956, 0.032073, -0.499527, -0.461655, -0.483592]
  [-0.322953, 0.031884, -0.499525, -0.461785, -0.484369]
  [-0.322979, 0.031916, -0.499531, -0.461749, -0.483778]
  [-0.322951, 0.032223, -0.499527, -0.461781, -0.483174]
  [-0.322975, 0.032085, -0.499529, -0.461599, -0.483112]
  [-0.322974, 0.032164, -0.499531, -0.461816, -0.483966]
  [-0.32298, 0.032067, -0.49953, -0.461827, -0.483483]
  [-0.322976, 0.031932, -0.499523, -0.461727, -0.483458]
  [-0.322974, 0.03188, -0.499535, -0.461852, -0.483304]
  [-0.322952, 0.032198, -0.499529, -0.461709, -0.483774]
  [-0.322956, 0.031917, -0.499531, -0.461708, -0.484003]
  [-0.322984, 0.032117, -0.499536, -0.461674, -0.483671]
  [-0.322961, 0.032142, -0.499531, -0.461581, -0.484206]
  [-0.322971, 0.032, -0.499534, -0.461805, -0.484321]
  [-0.32297, 0.03208, -0.499525, -0.461678, -0.483246]
  [-0.322963, 0.031954, -0.499525, -0.461545, -0.48403]
  [-0.322979, 0.032097, -0.499534, -0.461556, -0.483904]
  [-0.322983, 0.032095, -0.499532, -0.461603, -0.483284]
  [-0.322984, 0.032011, -0.499526, -0.461744, -0.483841]
  [-0.322986, 0.031995, -0.499528, -0.461686, -0.483396]
  [-0.322959, 0.031914, -0.499529, -0.461697, -0.483973]
  [-0.322965, 0.032112, -0.499528, -0.461659, -0.484012]
  [-0.322952, 0.032131, -0.499529, -0.461551, -0.483304]
  [-0.322984, 0.032158, -0.499523, -0.461589, -0.48347]
  [-0.32299, 0.0322, -0.499534, -0.461607, -0.484255]
  [-0.322985, 0.031875, -0.499533, -0.461572, -0.483582]
  [-0.322968, 0.032047, -0.499523, -0.461651, -0.483555]
  [-0.32299, 0.031907, -0.499529, -0.461622, -0.484126]
  [-0.322958, 0.032146, -0.499534, -0.461603, -0.484336]
  [-0.322956, 0.03214, -0.499532, -0.461796, -0.483396]
  [-0.322972, 0.032039, -0.499524, -0.461763, -0.484123]
  [-0.322951, 0.031959, -0.499534, -0.461715, -0.483283]
  [-0.322988, 0.03205, -0.499528, -0.461806, -0.4832]
  [-0.322966, 0.032007, -0.49953, -0.461778, -0.483605]
  [-0.322973, 0.032123, -0.499528, -0.461573, -0.484325]
  [-0.322977, 0.032125, -0.499531, -0.461851, -0.483604]
  [-0.322975, 0.032041, -0.499525, -0.461636, -0.484173]
  [-0.322954, 0.031912, -0.499529, -0.461652, -0.48362]
  [-0.322984, 0.03198, -0.499535, -0.461669, -0.48379]
  [-0.322983, 0.031876, -0.49953, -0.46164, -0.484325]
  [-0.322982, 0.032232, -0.499526, -0.461828, -0.483686]
  [-0.32296, 0.032099, -0.499527, -0.461706, -0.483741]
  [-0.32298, 0.031901, -0.499535, -0.461738, -0.48348]
  [-0.322972, 0.031929, -0.499527, -0.461637, -0.483136]
  [-0.322967, 0.032128, -0.499524, -0.461722, -0.483522]
  [-0.322959, 0.031958, -0.499524, -0.461732, -0.483064]
  [-0.322954, 0.032029, -0.499535, -0.46163, -0.483434]
  [-0.322976, 0.031864, -0.499527, -0.461831, -0.484336]
  [-0.322975, 0.031862, -0.499527, -0.461827, -0.484335]
  [-0.322975, 0.031864, -0.499527, -0.461831, -0.484335]
  [-0.322975, 0.031863, -0.499527, -0.461832, -0.484337]
  [-0.322976, 0.031866, -0.499527, -0.461834, -0.484336]
  [-0.322976, 0.031867, -0.499527, -0.461828, -0.484336]
  [-0.322973, 0.031866, -0.499527, -0.461829, -0.484336]
  [-0.322976, 0.031865, -0.499527, -0.461833, -0.484336]
  [-0.322976, 0.031864, -0.499527, -0.46183, -0.484337]
  [-0.322975, 0.031861, -0.499527, -0.461829, -0.484337]
  [-0.322976, 0.031862, -0.499527, -0.461832, -0.484336]
  [-0.322973, 0.031862, -0.499527, -0.46183, -0.484336]
  [-0.322975, 0.031863, -0.499527, -0.461828, -0.484337]
  [-0.322975, 0.031864, -0.499527, -0.461832, -0.484335]
  [-0.322976, 0.031863, -0.499527, -0.46183, -0.484336]
  [-0.322976, 0.031865, -0.499527, -0.461829, -0.484336]
  [-0.322975, 0.031865, -0.499527, -0.461829, -0.484336]
  [-0.322976, 0.031862, -0.499527, -0.461833, -0.484336]
  [-0.322977, 0.031863, -0.499527, -0.46183, -0.484336]
  [-0.322976, 0.031866, -0.499527, -0.461833, -0.484336]
  [-0.322974, 0.031867, -0.499527, -0.461835, -0.484336]
  [-0.322973, 0.031861, -0.499527, -0.461832, -0.484336]
  [-0.322974, 0.031865, -0.499527, -0.461835, -0.484336]
  [-0.322974, 0.031866, -0.499527, -0.461827, -0.484335]
  [-0.322973, 0.031862, -0.499527, -0.461829, -0.484336]
  [-0.322974, 0.031863, -0.499527, -0.46183, -0.484336]
  [-0.322976, 0.031866, -0.499527, -0.461833, -0.484337]
  [-0.322975, 0.031865, -0.499527, -0.46183, -0.484336]
  [-0.322973, 0.031867, -0.499527, -0.461828, -0.484336]
  [-0.322973, 0.031862, -0.499527, -0.461833, -0.484337]
  [-0.322973, 0.031867, -0.499527, -0.461832, -0.484336]
  [-0.322975, 0.031862, -0.499527, -0.461834, -0.484336]
  [-0.322976, 0.031867, -0.499527, -0.461832, -0.484336]
  [-0.322973, 0.031867, -0.499527, -0.461828, -0.484335]
  [-0.322975, 0.031863, -0.499527, -0.461828, -0.484336]
  [-0.322975, 0.031864, -0.499527, -0.461831, -0.484337]
  [-0.322975, 0.031862, -0.499527, -0.461831, -0.484335]
  [-0.322977, 0.031862, -0.499527, -0.461833, -0.484337]
  [-0.322974, 0.031863, -0.499527, -0.461828, -0.484336]
  [-0.322974, 0.031866, -0.499527, -0.461834, -0.484335]
  [-0.322974, 0.031866, -0.499527, -0.461831, -0.484337]
  [-0.322976, 0.031866, -0.499527, -0.461829, -0.484336]
  [-0.322974, 0.031865, -0.499527, -0.461831, -0.484337]
  [-0.322976, 0.031864, -0.499527, -0.461835, -0.484336]
  [-0.322976, 0.031864, -0.499527, -0.461831, -0.484337]
  [-0.322975, 0.031865, -0.499527, -0.461829, -0.484335]
  [-0.322976, 0.031861, -0.499527, -0.461827, -0.484336]
  [-0.322977, 0.031865, -0.499527, -0.461827, -0.484336]
  [-0.322975, 0.031863, -0.499527, -0.461833, -0.484337]
  [-0.322973, 0.031863, -0.499527, -0.461829, -0.484337]
  [-0.322974, 0.031862, -0.499527, -0.461832, -0.484335]
  [-0.322974, 0.031862, -0.499527, -0.461834, -0.484337]
  [-0.322976, 0.031864, -0.499527, -0.461835, -0.484335]
  [-0.322976, 0.031865, -0.499527, -0.461827, -0.484337]
  [-0.322975, 0.031862, -0.499527, -0.46183, -0.484336]
  [-0.322974, 0.031861, -0.499527, -0.461829, -0.484336]
  [-0.322977, 0.031866, -0.499527, -0.461835, -0.484337]
  [-0.322976, 0.031866, -0.499527, -0.461827, -0.484337]
  [-0.322974, 0.031865, -0.499527, -0.461829, -0.484337]
  [-0.322974, 0.031862, -0.499527, -0.461831, -0.484336]
  [-0.322973, 0.031866, -0.499527, -0.461834, -0.484335]
  [-0.322975, 0.031863, -0.499527, -0.46183, -0.484336]
  [-0.322974, 0.031867, -0.499527, -0.461833, -0.484336]
  [-0.322973, 0.031862, -0.499527, -0.461834, -0.484335]
  [-0.322974, 0.031865, -0.499527, -0.46183, -0.484337]
  [-0.322976, 0.031865, -0.499527, -0.461829, -0.484337]
  [-0.322974, 0.031866, -0.499527, -0.461833, -0.484336]
  [-0.322976, 0.031861, -0.499527, -0.461833, -0.484336]
  [-0.322973, 0.031866, -0.499527, -0.46183, -0.484337]
  [-0.322973, 0.031864, -0.499527, -0.461827, -0.484337]
  [-0.322976, 0.031864, -0.499527, -0.461833, -0.484335]
  [-0.322974, 0.031866, -0.499527, -0.461828, -0.484335]
  [-0.322974, 0.031863, -0.499527, -0.461834, -0.484336]
  [-0.322975, 0.031862, -0.499527, -0.461829, -0.484336]
  [-0.322977, 0.031861, -0.499527, -0.461827, -0.484336]
  [-0.322974, 0.031864, -0.499527, -0.461831, -0.484336]
  [-0.322977, 0.031862, -0.499527, -0.461835, -0.484336]
  [-0.322976, 0.031867, -0.499527, -0.461833, -0.484336]
  [-0.322975, 0.031863, -0.499527, -0.461829, -0.484335]
  [-0.322974, 0.031863, -0.499527, -0.461833, -0.484336]
  [-0.322975, 0.031866, -0.499527, -0.461833, -0.484336]
  [-0.322976, 0.031864, -0.499527, -0.461829, -0.484337]
  [-0.322973, 0.031862, -0.499527, -0.461832, -0.484335]
  [-0.322975, 0.031862, -0.499527, -0.461832, -0.484336]
  [-0.322975, 0.031864, -0.499527, -0.461828, -0.484336]
  [-0.322974, 0.031862, -0.499527, -0.461828, -0.484336]
  [-0.322976, 0.031865, -0.499527, -0.46183, -0.484336]
  [-0.322975, 0.031865, -0.499527, -0.461827, -0.484335]
  [-0.322976, 0.031861, -0.499527, -0.461834, -0.484335]
  [-0.322975, 0.031864, -0.499527, -0.461832, -0.484336]
  [-0.322977, 0.031863, -0.499527, -0.461831, -0.484335]
  [-0.322974, 0.031861, -0.499527, -0.461828, -0.484337]
  [-0.322977, 0.031863, -0.499527, -0.461834, -0.484336]
  [-0.322974, 0.031862, -0.499527, -0.461832, -0.484336]
  [-0.322973, 0.031864, -0.499527, -0.461835, -0.484336]
  [-0.322975, 0.031866, -0.499527, -0.461832, -0.484336]
  [-0.322973, 0.031866, -0.499527, -0.461829, -0.484335]
  [-0.322977, 0.031863, -0.499527, -0.461831, -0.484336]
  [-0.322974, 0.031865, -0.499527, -0.461829, -0.484335]
  [-0.322975, 0.031863, -0.499527, -0.461831, -0.484335]
  [-0.322976, 0.031867, -0.499527, -0.461833, -0.484337]
  [-0.322973, 0.031862, -0.499527, -0.461828, -0.484337]
  [-0.322975, 0.031867, -0.499527, -0.461829, -0.484337]
  [-0.322974, 0.031865, -0.499527, -0.461828, -0.484336]
  [-0.322975, 0.031861, -0.499527, -0.461832, -0.484336]
  [-0.322976, 0.031867, -0.499527, -0.461827, -0.484336]
  [-0.322974, 0.031864, -0.499527, -0.461834, -0.484335]
  [-0.322974, 0.031862, -0.499527, -0.46183, -0.484337]
  [-0.322975, 0.031867, -0.499527, -0.461828, -0.484336]
  [-0.322976, 0.031862, -0.499527, -0.461831, -0.484336]
  [-0.322975, 0.031865, -0.499527, -0.461831, -0.484335]
  [-0.322975, 0.031863, -0.499527, -0.461833, -0.484336]
  [-0.322975, 0.031863, -0.499527, -0.461829, -0.484336]
  [-0.322975, 0.031865, -0.499527, -0.461831, -0.484337]
  [-0.322974, 0.031861, -0.499527, -0.461835, -0.484335]
  [-0.322976, 0.031863, -0.499527, -0.461828, -0.484337]
  [-0.322975, 0.031862, -0.499527, -0.461832, -0.484337]
  [-0.322976, 0.031864, -0.499527, -0.461829, -0.484335]
  [-0.322973, 0.031863, -0.499527, -0.461832, -0.484335]
  [-0.322973, 0.031864, -0.499527, -0.461829, -0.484336]
  [-0.322974, 0.031864, -0.499527, -0.461833, -0.484336]
  [-0.322976, 0.031865, -0.499527, -0.461834, -0.484336]
  [-0.322973, 0.031863, -0.499527, -0.46183, -0.484336]
  [-0.322975, 0.031867, -0.499527, -0.461831, -0.484336]
  [-0.322976, 0.031865, -0.499527, -0.461831, -0.484336]
  [-0.322975, 0.031864, -0.499527, -0.461829, -0.484336]
  [-0.322977, 0.031865, -0.499527, -0.461828, -0.484336]
  [-0.322976, 0.031863, -0.499527, -0.461831, -0.484337]
  [-0.322973, 0.031866, -0.499527, -0.461832, -0.484336]
  [-0.322975, 0.031864, -0.499527, -0.461831, -0.484336]
  [-0.322975, 0.031861, -0.499527, -0.461833, -0.484335]
  [-0.322974, 0.031864, -0.499527, -0.461827, -0.484336]
  [-0.322974, 0.031866, -0.499527, -0.461833, -0.484335]
  [-0.322974, 0.031864, -0.499527, -0.461831, -0.484335]
  [-0.322975, 0.031866, -0.499527, -0.461829, -0.484336]
  [-0.322976, 0.031862, -0.499527, -0.461829, -0.484335]
  [-0.322975, 0.031861, -0.499527, -0.461828, -0.484336]
  [-0.322974, 0.031867, -0.499527, -0.461829, -0.484337]
  [-0.322973, 0.031861, -0.499527, -0.461833, -0.484336]
  [-0.322976, 0.031862, -0.499527, -0.461827, -0.484336]
  [-0.322976, 0.031865, -0.499527, -0.461834, -0.484335]
  [-0.322976, 0.031865, -0.499527, -0.461833, -0.484335]
  [-0.322975, 0.031862, -0.499527, -0.461828, -0.484337]
  [-0.322974, 0.031866, -0.499527, -0.461834, -0.484336]
  [-0.322975, 0.031866, -0.499527, -0.461832, -0.484335]
  [-0.322976, 0.031865, -0.499527, -0.461831, -0.484337]
  [-0.322974, 0.031863, -0.499527, -0.461831, -0.484336]
  [-0.322973, 0.031862, -0.499527, -0.461834, -0.484336]
  [-0.322976, 0.031863, -0.499527, -0.461834, -0.484336]
  [-0.322973, 0.031862, -0.499527, -0.461831, -0.484337]
