Status: violated
Adversarial inputs found:
  [-0.324181, 0.041813, -0.499692, -0.269683, -0.308022]
  [-0.324155, 0.045456, -0.499405, -0.264478, -0.211741]
  [-0.322707, 0.034352, -0.499517, -0.415517, -0.375724]
  [-0.322288, 0.061051, -0.499741, -0.421863, -0.344043]
  [-0.32369, 0.058326, -0.499475, -0.400166, -0.487451]
  [-0.323079, 0.06062, -0.499428, -0.265165, -0.421775]
  [-0.322782, 0.034886, -0.49923, -0.302311, -0.252208]
  [-0.323328, 0.057694, -0.499857, -0.388953, -0.491529]
  [-0.322752, 0.042363, -0.499679, -0.499715, -0.204146]
  [-0.322236, 0.049589, -0.499765, -0.43939, -0.482929]
  [-0.322171, 0.043417, -0.499381, -0.414458, -0.422812]
  [-0.322371, 0.038543, -0.499383, -0.494486, -0.330235]
  [-0.323987, 0.040412, -0.499433, -0.388376, -0.434377]
  [-0.322988, 0.051337, -0.499449, -0.374354, -0.311368]
  [-0.323373, 0.04958, -0.499253, -0.460339, -0.19257]
  [-0.323509, 0.036618, -0.499249, -0.244508, -0.472533]
  [-0.322437, 0.049873, -0.499551, -0.275304, -0.211344]
  [-0.323443, 0.033819, -0.499771, -0.3715, -0.183897]
  [-0.323932, 0.050492, -0.499708, -0.343658, -0.390469]
  [-0.322176, 0.057437, -0.499544, -0.332439, -0.450218]
  [-0.323821, 0.033005, -0.499709, -0.428512, -0.183478]
  [-0.323105, 0.046082, -0.49948, -0.490271, -0.255346]
  [-0.321838, 0.033352, -0.499522, -0.387633, -0.305026]
  [-0.32252, 0.058915, -0.499435, -0.453768, -0.485449]
  [-0.321855, 0.047443, -0.499726, -0.488772, -0.175872]
  [-0.32202, 0.036074, -0.499794, -0.447084, -0.212513]
  [-0.322598, 0.059239, -0.499546, -0.479125, -0.258705]
  [-0.322833, 0.059425, -0.499902, -0.277882, -0.460021]
  [-0.323945, 0.056427, -0.499243, -0.245256, -0.17862]
  [-0.3238, 0.051462, -0.499909, -0.416072, -0.168042]
  [-0.322224, 0.055176, -0.499519, -0.294278, -0.317241]
  [-0.323408, 0.05946, -0.499214, -0.372493, -0.28397]
  [-0.321972, 0.049356, -0.499644, -0.228911, -0.322589]
  [-0.321917, 0.054767, -0.499781, -0.412418, -0.21642]
  [-0.323261, 0.042982, -0.499879, -0.490563, -0.396397]
  [-0.322414, 0.044287, -0.499396, -0.453935, -0.267676]
  [-0.323805, 0.050175, -0.499618, -0.333963, -0.29544]
  [-0.324236, 0.053553, -0.499618, -0.414033, -0.354284]
  [-0.323101, 0.045513, -0.49994, -0.352542, -0.494762]
  [-0.323504, 0.05212, -0.499754, -0.407644, -0.343697]
  [-0.323351, 0.048952, -0.499407, -0.27933, -0.353765]
  [-0.322944, 0.055838, -0.499704, -0.258594, -0.421004]
  [-0.32206, 0.040569, -0.499343, -0.302148, -0.225671]
  [-0.322368, 0.060896, -0.499688, -0.301632, -0.408227]
  [-0.323214, 0.052739, -0.499405, -0.326875, -0.242577]
  [-0.323691, 0.045329, -0.499852, -0.340977, -0.36713]
  [-0.323247, 0.057418, -0.499935, -0.229954, -0.426078]
  [-0.322833, 0.036469, -0.499903, -0.393625, -0.466416]
  [-0.324272, 0.036435, -0.499411, -0.344988, -0.411618]
  [-0.323612, 0.050628, -0.499614, -0.291036, -0.264643]
  [-0.323823, 0.0595, -0.499253, -0.448357, -0.258176]
  [-0.322439, 0.05209, -0.499641, -0.240408, -0.397285]
  [-0.32288, 0.048928, -0.499496, -0.494933, -0.196634]
  [-0.322521, 0.039908, -0.499999, -0.287496, -0.198483]
  [-0.323322, 0.051835, -0.499927, -0.309856, -0.223705]
  [-0.323421, 0.033685, -0.499474, -0.430513, -0.177526]
  [-0.323173, 0.059286, -0.499431, -0.265071, -0.295641]
  [-0.32302, 0.03976, -0.499562, -0.465111, -0.31519]
  [-0.322405, 0.059632, -0.499863, -0.298081, -0.194737]
  [-0.323794, 0.049212, -0.499366, -0.355383, -0.392852]
  [-0.323824, 0.038229, -0.499967, -0.254211, -0.461396]
  [-0.322292, 0.045482, -0.499352, -0.297705, -0.487499]
  [-0.324004, 0.049584, -0.499698, -0.379688, -0.441009]
  [-0.323669, 0.032715, -0.499951, -0.405244, -0.182843]
  [-0.323382, 0.044368, -0.499618, -0.427005, -0.269947]
  [-0.323381, 0.059975, -0.499464, -0.23475, -0.310007]
  [-0.323063, 0.039888, -0.499592, -0.309301, -0.443934]
  [-0.322947, 0.045217, -0.4997, -0.313965, -0.419008]
  [-0.324131, 0.035239, -0.49942, -0.408833, -0.344123]
  [-0.322926, 0.053004, -0.499877, -0.335507, -0.388631]
  [-0.323504, 0.050942, -0.49953, -0.332556, -0.396909]
  [-0.32257, 0.055121, -0.499955, -0.377222, -0.313639]
  [-0.323813, 0.044414, -0.499459, -0.379125, -0.391251]
  [-0.321797, 0.036462, -0.499789, -0.398339, -0.291258]
  [-0.324165, 0.050703, -0.499405, -0.473569, -0.246097]
  [-0.323181, 0.050444, -0.499715, -0.36998, -0.375735]
  [-0.323564, 0.061635, -0.499998, -0.309571, -0.426083]
  [-0.323558, 0.058954, -0.499887, -0.337134, -0.460064]
  [-0.324221, 0.038619, -0.499446, -0.24379, -0.475919]
  [-0.322158, 0.038588, -0.499296, -0.340677, -0.245162]
  [-0.322116, 0.056073, -0.499639, -0.251135, -0.247183]
  [-0.323149, 0.053115, -0.499771, -0.281892, -0.445549]
  [-0.323245, 0.041659, -0.499964, -0.439699, -0.335807]
  [-0.322081, 0.0469, -0.499968, -0.260346, -0.184522]
  [-0.323719, 0.042301, -0.499835, -0.471441, -0.46613]
  [-0.322547, 0.058487, -0.499568, -0.395008, -0.350709]
  [-0.322601, 0.055663, -0.499656, -0.482517, -0.195741]
  [-0.324117, 0.046525, -0.499904, -0.298887, -0.4565]
  [-0.323382, 0.042614, -0.499751, -0.274339, -0.486457]
  [-0.323659, 0.060155, -0.499663, -0.353181, -0.323267]
  [-0.323599, 0.050409, -0.499936, -0.339382, -0.215098]
  [-0.324155, 0.032088, -0.499692, -0.291023, -0.172391]
  [-0.322194, 0.04031, -0.499862, -0.273589, -0.203691]
  [-0.323356, 0.038998, -0.499849, -0.426458, -0.287183]
  [-0.322739, 0.040626, -0.499872, -0.335073, -0.358691]
  [-0.323507, 0.038329, -0.499824, -0.400758, -0.226319]
  [-0.322779, 0.061267, -0.499974, -0.25332, -0.347213]
  [-0.322859, 0.044612, -0.499822, -0.295482, -0.250373]
  [-0.321865, 0.048419, -0.499627, -0.25279, -0.429597]
  [-0.323879, 0.063381, -0.499222, -0.412522, -0.168293]
  [-0.321955, 0.047707, -0.499594, -0.411745, -0.309379]
  [-0.323844, 0.05491, -0.499335, -0.28087, -0.239173]
  [-0.322711, 0.045943, -0.4998, -0.45199, -0.366547]
  [-0.323424, 0.038689, -0.499659, -0.397122, -0.281533]
  [-0.323446, 0.039295, -0.499709, -0.406256, -0.206958]
  [-0.323828, 0.049023, -0.499613, -0.382809, -0.229892]
  [-0.323481, 0.041004, -0.499991, -0.363411, -0.423882]
  [-0.324249, 0.045792, -0.499837, -0.288185, -0.246163]
  [-0.323626, 0.042605, -0.499752, -0.323596, -0.239124]
  [-0.322453, 0.032608, -0.499616, -0.308317, -0.359591]
  [-0.324117, 0.058641, -0.499875, -0.344632, -0.17473]
  [-0.322103, 0.050483, -0.499916, -0.24568, -0.377905]
  [-0.323481, 0.056646, -0.499554, -0.303175, -0.340682]
  [-0.324121, 0.033661, -0.499647, -0.343554, -0.474337]
  [-0.322563, 0.047364, -0.499785, -0.443395, -0.472259]
  [-0.323467, 0.039505, -0.49956, -0.286725, -0.183808]
  [-0.321898, 0.049226, -0.499514, -0.257012, -0.381049]
  [-0.32407, 0.044795, -0.499459, -0.412466, -0.38631]
  [-0.32339, 0.052381, -0.499377, -0.284673, -0.317361]
  [-0.323686, 0.036461, -0.499987, -0.38578, -0.171511]
  [-0.323499, 0.046873, -0.499267, -0.233595, -0.235564]
  [-0.321848, 0.050883, -0.499685, -0.453824, -0.19117]
  [-0.324056, 0.037337, -0.499284, -0.244818, -0.190966]
  [-0.323124, 0.03789, -0.499872, -0.358366, -0.407566]
  [-0.323858, 0.063263, -0.499647, -0.373145, -0.405527]
  [-0.322402, 0.051967, -0.499347, -0.424282, -0.469879]
  [-0.322906, 0.037173, -0.499516, -0.456589, -0.428368]
  [-0.322644, 0.062207, -0.49942, -0.478322, -0.186979]
  [-0.322846, 0.033493, -0.499384, -0.488011, -0.279677]
  [-0.322211, 0.06147, -0.499671, -0.25292, -0.482068]
  [-0.323137, 0.054255, -0.499721, -0.465919, -0.178923]
  [-0.323873, 0.043755, -0.499346, -0.233669, -0.224715]
  [-0.32209, 0.037805, -0.499994, -0.398811, -0.210886]
  [-0.322363, 0.056348, -0.499925, -0.296085, -0.314672]
  [-0.323396, 0.05533, -0.499847, -0.353656, -0.179758]
  [-0.324127, 0.043381, -0.499565, -0.410864, -0.275509]
  [-0.322456, 0.040851, -0.499888, -0.424798, -0.481086]
  [-0.322501, 0.059489, -0.49979, -0.469763, -0.330467]
  [-0.322059, 0.051442, -0.499389, -0.310398, -0.370724]
  [-0.323766, 0.047842, -0.499609, -0.285465, -0.335927]
  [-0.323825, 0.042788, -0.499621, -0.483994, -0.373792]
  [-0.323954, 0.037564, -0.499398, -0.374117, -0.228194]
  [-0.322384, 0.044436, -0.499214, -0.34181, -0.222719]
  [-0.323842, 0.038835, -0.499744, -0.439863, -0.408457]
  [-0.323962, 0.060036, -0.499942, -0.394449, -0.278553]
  [-0.322341, 0.043289, -0.499741, -0.297345, -0.337433]
  [-0.323787, 0.059416, -0.499808, -0.493934, -0.445159]
  [-0.322385, 0.053786, -0.499443, -0.256379, -0.461469]
  [-0.323122, 0.051871, -0.499494, -0.351915, -0.459522]
  [-0.321873, 0.041985, -0.499583, -0.492898, -0.243943]
  [-0.322458, 0.040839, -0.499893, -0.425057, -0.479739]
  [-0.322428, 0.040858, -0.499892, -0.424773, -0.479912]
  [-0.322427, 0.040821, -0.499885, -0.426632, -0.479724]
  [-0.322438, 0.04082, -0.499891, -0.426311, -0.482227]
  [-0.322431, 0.040851, -0.499894, -0.424738, -0.484482]
  [-0.322448, 0.040823, -0.499887, -0.424193, -0.485027]
  [-0.322441, 0.040857, -0.499893, -0.424031, -0.484294]
  [-0.322409, 0.040837, -0.499882, -0.424261, -0.480513]
  [-0.322454, 0.040857, -0.499896, -0.424879, -0.481132]
  [-0.322458, 0.04084, -0.499882, -0.42504, -0.486504]
  [-0.322455, 0.040851, -0.49989, -0.425408, -0.482837]
  [-0.322441, 0.040847, -0.49989, -0.423976, -0.484912]
  [-0.322422, 0.040855, -0.499887, -0.4247, -0.481226]
  [-0.322426, 0.040857, -0.499881, -0.425794, -0.48606]
  [-0.322459, 0.040847, -0.499887, -0.426729, -0.481075]
  [-0.322409, 0.040833, -0.499885, -0.425477, -0.486567]
  [-0.322414, 0.040858, -0.499896, -0.423997, -0.485901]
  [-0.322433, 0.040829, -0.499895, -0.424792, -0.47863]
  [-0.322429, 0.040832, -0.499895, -0.424283, -0.485064]
  [-0.322408, 0.040859, -0.499885, -0.424718, -0.483756]
  [-0.322424, 0.040818, -0.499895, -0.425781, -0.484524]
  [-0.322432, 0.04083, -0.499887, -0.426463, -0.480919]
  [-0.322405, 0.040819, -0.499882, -0.426067, -0.486147]
  [-0.322413, 0.040832, -0.499882, -0.423979, -0.485286]
  [-0.322429, 0.04082, -0.499887, -0.425474, -0.481054]
  [-0.322441, 0.040847, -0.499881, -0.424518, -0.479904]
  [-0.322429, 0.040831, -0.499881, -0.424769, -0.486503]
  [-0.322441, 0.040856, -0.499892, -0.424882, -0.485924]
  [-0.322429, 0.040851, -0.499882, -0.42607, -0.486223]
  [-0.322404, 0.040818, -0.499886, -0.426187, -0.480998]
  [-0.322413, 0.040846, -0.49989, -0.426391, -0.48649]
  [-0.32242, 0.040858, -0.499894, -0.425787, -0.483533]
  [-0.322413, 0.040857, -0.499886, -0.425604, -0.478868]
  [-0.322409, 0.040836, -0.499888, -0.423911, -0.480941]
  [-0.322432, 0.040841, -0.499882, -0.424265, -0.482307]
  [-0.32241, 0.040828, -0.49989, -0.425962, -0.478221]
  [-0.322447, 0.04084, -0.499892, -0.425401, -0.478896]
  [-0.322426, 0.040829, -0.499889, -0.424853, -0.486597]
  [-0.322434, 0.040823, -0.499886, -0.425047, -0.48019]
  [-0.322431, 0.040823, -0.499882, -0.424528, -0.483997]
  [-0.322454, 0.040845, -0.499886, -0.425606, -0.479407]
  [-0.32245, 0.040825, -0.499882, -0.425794, -0.484284]
  [-0.322435, 0.04083, -0.499886, -0.426805, -0.480758]
  [-0.322415, 0.040835, -0.499882, -0.424512, -0.48435]
  [-0.322445, 0.040833, -0.499884, -0.425614, -0.482173]
  [-0.32243, 0.040859, -0.499882, -0.424238, -0.483613]
  [-0.322458, 0.040849, -0.499883, -0.424869, -0.482471]
  [-0.32244, 0.040852, -0.499893, -0.424162, -0.479539]
  [-0.322445, 0.040845, -0.499882, -0.424815, -0.484449]
  [-0.322457, 0.040829, -0.499889, -0.424091, -0.483389]
  [-0.322437, 0.040849, -0.499891, -0.426186, -0.483972]
  [-0.322419, 0.040831, -0.499896, -0.42443, -0.478678]
  [-0.322445, 0.040847, -0.49989, -0.42499, -0.480325]
  [-0.322407, 0.040822, -0.499894, -0.425836, -0.481031]
  [-0.322427, 0.04083, -0.499894, -0.424147, -0.484236]
  [-0.322404, 0.040845, -0.49989, -0.424141, -0.484539]
  [-0.322421, 0.040833, -0.499889, -0.426633, -0.478629]
  [-0.322433, 0.040853, -0.499886, -0.425525, -0.484646]
  [-0.322425, 0.040853, -0.49989, -0.425844, -0.4789]
  [-0.322408, 0.040841, -0.499888, -0.424906, -0.48128]
  [-0.322439, 0.040829, -0.499886, -0.426026, -0.482299]
  [-0.32241, 0.040858, -0.49989, -0.424259, -0.481334]
  [-0.322453, 0.040821, -0.499883, -0.424455, -0.481287]
  [-0.322428, 0.040843, -0.499892, -0.424997, -0.483944]
  [-0.322427, 0.040859, -0.499883, -0.425562, -0.484552]
  [-0.322419, 0.040844, -0.499892, -0.425208, -0.481061]
  [-0.322409, 0.040845, -0.499884, -0.424794, -0.484]
  [-0.32245, 0.040827, -0.499882, -0.425938, -0.48469]
  [-0.322442, 0.040838, -0.499884, -0.425926, -0.478493]
  [-0.322407, 0.040834, -0.499882, -0.425799, -0.483282]
  [-0.322453, 0.04084, -0.499885, -0.426581, -0.48532]
  [-0.322418, 0.040843, -0.499888, -0.426044, -0.481923]
  [-0.322416, 0.040821, -0.499895, -0.424829, -0.483283]
  [-0.322459, 0.040845, -0.499887, -0.425913, -0.486148]
  [-0.322421, 0.040837, -0.499894, -0.426822, -0.480221]
  [-0.32241, 0.040834, -0.49989, -0.424747, -0.478911]
  [-0.322451, 0.040819, -0.49989, -0.424986, -0.483659]
  [-0.322434, 0.040847, -0.499887, -0.425279, -0.48115]
  [-0.322433, 0.040848, -0.499883, -0.42492, -0.478727]
  [-0.322428, 0.040833, -0.499886, -0.423963, -0.485465]
  [-0.322409, 0.040834, -0.499886, -0.425277, -0.480025]
  [-0.322405, 0.040819, -0.499894, -0.425739, -0.486484]
  [-0.322421, 0.040855, -0.499885, -0.426503, -0.480634]
  [-0.32246, 0.040831, -0.499882, -0.423973, -0.480523]
  [-0.322439, 0.040855, -0.499892, -0.425251, -0.483122]
  [-0.322405, 0.040822, -0.499895, -0.424712, -0.486136]
  [-0.322445, 0.040835, -0.499885, -0.424998, -0.480815]
  [-0.322412, 0.040853, -0.499884, -0.425561, -0.485554]
  [-0.322426, 0.040835, -0.499888, -0.425873, -0.482636]
  [-0.322413, 0.040848, -0.499883, -0.424487, -0.486375]
  [-0.322408, 0.040823, -0.499885, -0.424125, -0.478719]
  [-0.322415, 0.040839, -0.499894, -0.426646, -0.480709]
  [-0.322421, 0.040829, -0.499881, -0.423936, -0.486092]
  [-0.322421, 0.040851, -0.499883, -0.425384, -0.484941]
  [-0.322436, 0.040856, -0.499887, -0.424974, -0.480549]
  [-0.32244, 0.040821, -0.499888, -0.42675, -0.486602]
  [-0.322432, 0.04084, -0.499895, -0.426336, -0.48518]
  [-0.32242, 0.040838, -0.499885, -0.424339, -0.47944]
  [-0.322436, 0.040841, -0.499896, -0.425585, -0.48377]
  [-0.322418, 0.040847, -0.499896, -0.42501, -0.478313]
  [-0.322451, 0.040834, -0.499881, -0.424859, -0.478237]
  [-0.322453, 0.040849, -0.499888, -0.425075, -0.481953]
  [-0.322415, 0.040858, -0.49989, -0.425898, -0.481757]
  [-0.322436, 0.040858, -0.499883, -0.42394, -0.484233]
  [-0.322417, 0.040821, -0.499884, -0.424407, -0.484933]
  [-0.322446, 0.040827, -0.499894, -0.42624, -0.48387]
  [-0.322445, 0.040823, -0.499893, -0.426044, -0.481068]
  [-0.322442, 0.040857, -0.499883, -0.424721, -0.485375]
  [-0.32241, 0.040825, -0.499884, -0.425222, -0.482166]
  [-0.322438, 0.040842, -0.499882, -0.426428, -0.481873]
  [-0.322405, 0.04084, -0.499893, -0.426309, -0.485436]
  [-0.322424, 0.040832, -0.499888, -0.426404, -0.484504]
  [-0.322404, 0.040851, -0.499896, -0.423987, -0.478513]
  [-0.32242, 0.04082, -0.499889, -0.424124, -0.485032]
  [-0.322408, 0.040838, -0.499893, -0.425783, -0.486067]
  [-0.322417, 0.040824, -0.499893, -0.426496, -0.482898]
  [-0.322408, 0.040841, -0.499895, -0.426605, -0.482097]
  [-0.322404, 0.040821, -0.499882, -0.425334, -0.478429]
  [-0.322436, 0.040824, -0.499884, -0.425288, -0.480594]
  [-0.322449, 0.040821, -0.499895, -0.425415, -0.484149]
  [-0.322432, 0.040827, -0.499892, -0.425421, -0.47985]
  [-0.322444, 0.040855, -0.499896, -0.424056, -0.484649]
  [-0.322432, 0.040825, -0.49989, -0.42668, -0.482238]
  [-0.322407, 0.040834, -0.499892, -0.424943, -0.478495]
  [-0.32241, 0.040845, -0.499884, -0.424027, -0.480513]
  [-0.322437, 0.040846, -0.499882, -0.424448, -0.481899]
  [-0.322425, 0.040844, -0.499886, -0.426661, -0.479341]
  [-0.322442, 0.040834, -0.499889, -0.424421, -0.479454]
  [-0.322414, 0.040823, -0.499891, -0.425342, -0.485691]
  [-0.322433, 0.040836, -0.499891, -0.425052, -0.481831]
  [-0.322441, 0.040827, -0.499889, -0.425421, -0.481158]
  [-0.322435, 0.040829, -0.499885, -0.426236, -0.48234]
  [-0.322437, 0.040842, -0.499894, -0.42483, -0.483135]
  [-0.322442, 0.040835, -0.499889, -0.425566, -0.486043]
  [-0.322429, 0.040856, -0.499885, -0.426718, -0.485708]
  [-0.322419, 0.040836, -0.499894, -0.426766, -0.48048]
  [-0.322437, 0.040831, -0.499883, -0.42585, -0.480553]
  [-0.322438, 0.040823, -0.499891, -0.424198, -0.481236]
  [-0.322408, 0.040829, -0.499887, -0.424513, -0.478276]
  [-0.322444, 0.040826, -0.499888, -0.4247, -0.486018]
  [-0.322434, 0.040849, -0.49989, -0.424613, -0.481209]
  [-0.322429, 0.040823, -0.499882, -0.425069, -0.484846]
  [-0.322456, 0.040839, -0.49989, -0.423911, -0.483517]
  [-0.322456, 0.040835, -0.499889, -0.426534, -0.480838]
  [-0.322459, 0.040845, -0.499892, -0.426002, -0.48185]
  [-0.322429, 0.040842, -0.499884, -0.424163, -0.479071]
  [-0.322416, 0.040856, -0.49989, -0.426285, -0.486051]
  [-0.322439, 0.040821, -0.499885, -0.425992, -0.479177]
  [-0.322427, 0.040858, -0.499887, -0.425652, -0.478424]
  [-0.322445, 0.040834, -0.499881, -0.425403, -0.485989]
  [-0.322443, 0.040821, -0.499888, -0.426706, -0.486637]
  [-0.322441, 0.040821, -0.499888, -0.426721, -0.486608]
  [-0.322441, 0.040821, -0.499888, -0.426714, -0.486642]
  [-0.322441, 0.040821, -0.499888, -0.426744, -0.48663]
  [-0.322441, 0.040821, -0.499888, -0.426714, -0.486644]
  [-0.322443, 0.040821, -0.499888, -0.42672, -0.486612]
  [-0.322442, 0.040821, -0.499888, -0.426738, -0.486618]
  [-0.322442, 0.040821, -0.499888, -0.426714, -0.486626]
  [-0.322442, 0.040821, -0.499888, -0.426741, -0.486619]
  [-0.322444, 0.040821, -0.499888, -0.426714, -0.486596]
  [-0.322443, 0.040821, -0.499888, -0.426722, -0.486619]
  [-0.322444, 0.040821, -0.499888, -0.426729, -0.48661]
  [-0.322443, 0.040821, -0.499888, -0.426737, -0.486627]
  [-0.32244, 0.040821, -0.499888, -0.426749, -0.486601]
  [-0.32244, 0.040821, -0.499888, -0.42673, -0.486607]
  [-0.322443, 0.040821, -0.499888, -0.426738, -0.486619]
  [-0.322444, 0.040821, -0.499888, -0.426748, -0.486637]
  [-0.322441, 0.040821, -0.499888, -0.426741, -0.486602]
  [-0.322439, 0.040821, -0.499888, -0.426745, -0.486606]
  [-0.32244, 0.040821, -0.499888, -0.426729, -0.486626]
  [-0.322441, 0.040821, -0.499888, -0.426732, -0.486634]
  [-0.32244, 0.040821, -0.499888, -0.426721, -0.486639]
  [-0.322442, 0.040821, -0.499888, -0.42672, -0.486627]
  [-0.32244, 0.040821, -0.499888, -0.42672, -0.486621]
  [-0.322445, 0.040821, -0.499888, -0.42672, -0.48662]
  [-0.322445, 0.040821, -0.499888, -0.426745, -0.486634]
  [-0.322442, 0.040821, -0.499888, -0.426743, -0.486631]
  [-0.322442, 0.040821, -0.499888, -0.426707, -0.486631]
  [-0.32244, 0.040821, -0.499888, -0.426708, -0.486643]
  [-0.322443, 0.040821, -0.499888, -0.426707, -0.486633]
  [-0.322441, 0.040821, -0.499888, -0.426745, -0.486614]
  [-0.322439, 0.040821, -0.499888, -0.426735, -0.48661]
  [-0.322445, 0.040821, -0.499888, -0.426721, -0.486622]
  [-0.322442, 0.040821, -0.499888, -0.426744, -0.486599]
  [-0.322443, 0.040821, -0.499888, -0.426707, -0.486611]
  [-0.322444, 0.040821, -0.499888, -0.426741, -0.486629]
  [-0.322441, 0.040821, -0.499888, -0.42672, -0.486598]
  [-0.322439, 0.040821, -0.499888, -0.426746, -0.486614]
  [-0.322441, 0.040821, -0.499888, -0.426724, -0.486621]
  [-0.322441, 0.040821, -0.499888, -0.426729, -0.4866]
  [-0.322442, 0.040821, -0.499888, -0.426734, -0.486608]
  [-0.322442, 0.040821, -0.499888, -0.426743, -0.486602]
  [-0.322441, 0.040821, -0.499888, -0.426743, -0.486642]
  [-0.322445, 0.040821, -0.499888, -0.426735, -0.486596]
  [-0.32244, 0.040821, -0.499888, -0.426717, -0.486598]
  [-0.322441, 0.040821, -0.499888, -0.426737, -0.4866]
  [-0.32244, 0.040821, -0.499888, -0.426744, -0.486601]
  [-0.322439, 0.040821, -0.499888, -0.426708, -0.4866]
  [-0.322444, 0.040821, -0.499888, -0.42671, -0.486639]
  [-0.32244, 0.040821, -0.499888, -0.426709, -0.486646]
  [-0.322439, 0.040821, -0.499888, -0.426711, -0.486604]
  [-0.322444, 0.040821, -0.499888, -0.426718, -0.486625]
  [-0.322442, 0.040821, -0.499888, -0.426745, -0.486628]
  [-0.322442, 0.040821, -0.499888, -0.426721, -0.486644]
  [-0.322441, 0.040821, -0.499888, -0.426749, -0.48662]
  [-0.32244, 0.040821, -0.499888, -0.426748, -0.48663]
  [-0.322444, 0.040821, -0.499888, -0.426744, -0.486629]
  [-0.322441, 0.040821, -0.499888, -0.426729, -0.486632]
  [-0.322444, 0.040821, -0.499888, -0.426738, -0.486608]
  [-0.322441, 0.040821, -0.499888, -0.426731, -0.486624]
  [-0.32244, 0.040821, -0.499888, -0.426726, -0.486609]
  [-0.322442, 0.040821, -0.499888, -0.426723, -0.486619]
  [-0.32244, 0.040821, -0.499888, -0.426741, -0.486596]
  [-0.322442, 0.040821, -0.499888, -0.426744, -0.486608]
  [-0.322441, 0.040821, -0.499888, -0.426738, -0.486594]
  [-0.322441, 0.040821, -0.499888, -0.426724, -0.486605]
  [-0.322442, 0.040821, -0.499888, -0.426719, -0.486616]
  [-0.32244, 0.040821, -0.499888, -0.426748, -0.486633]
  [-0.322441, 0.040821, -0.499888, -0.426738, -0.486637]
  [-0.322442, 0.040821, -0.499888, -0.42671, -0.486627]
  [-0.322441, 0.040821, -0.499888, -0.426713, -0.486639]
  [-0.322441, 0.040821, -0.499888, -0.426742, -0.486626]
  [-0.322445, 0.040821, -0.499888, -0.42675, -0.486639]
  [-0.322443, 0.040821, -0.499888, -0.426725, -0.486622]
  [-0.322439, 0.040821, -0.499888, -0.426706, -0.48662]
  [-0.322443, 0.040821, -0.499888, -0.426721, -0.486596]
  [-0.322445, 0.040821, -0.499888, -0.426725, -0.486603]
  [-0.322441, 0.040821, -0.499888, -0.426746, -0.486602]
  [-0.322444, 0.040821, -0.499888, -0.426707, -0.486619]
  [-0.322442, 0.040821, -0.499888, -0.426739, -0.486603]
  [-0.322442, 0.040821, -0.499888, -0.426719, -0.486618]
  [-0.322442, 0.040821, -0.499888, -0.426716, -0.486603]
  [-0.32244, 0.040821, -0.499888, -0.426722, -0.486644]
  [-0.322442, 0.040821, -0.499888, -0.426718, -0.48663]
  [-0.322445, 0.040821, -0.499888, -0.426726, -0.486596]
  [-0.322443, 0.040821, -0.499888, -0.42672, -0.486631]
  [-0.322443, 0.040821, -0.499888, -0.426742, -0.486636]
  [-0.322445, 0.040821, -0.499888, -0.426739, -0.486596]
  [-0.32244, 0.040821, -0.499888, -0.426739, -0.48664]
  [-0.322444, 0.040821, -0.499888, -0.42672, -0.486593]
  [-0.322441, 0.040821, -0.499888, -0.426731, -0.486632]
  [-0.322443, 0.040821, -0.499888, -0.426734, -0.486606]
  [-0.322441, 0.040821, -0.499888, -0.42672, -0.486629]
  [-0.32244, 0.040821, -0.499888, -0.426706, -0.486593]
  [-0.322441, 0.040821, -0.499888, -0.426733, -0.486603]
  [-0.32244, 0.040821, -0.499888, -0.426741, -0.486637]
  [-0.322441, 0.040821, -0.499888, -0.42675, -0.486625]
  [-0.32244, 0.040821, -0.499888, -0.426749, -0.486635]
  [-0.32244, 0.040821, -0.499888, -0.426731, -0.486641]
  [-0.322441, 0.040821, -0.499888, -0.426736, -0.486621]
  [-0.322442, 0.040821, -0.499888, -0.426719, -0.486592]
  [-0.322443, 0.040821, -0.499888, -0.426735, -0.486631]
  [-0.322443, 0.040821, -0.499888, -0.426732, -0.486603]
  [-0.322442, 0.040821, -0.499888, -0.42675, -0.486595]
  [-0.322441, 0.040821, -0.499888, -0.426713, -0.486605]
  [-0.322444, 0.040821, -0.499888, -0.426746, -0.486603]
  [-0.322444, 0.040821, -0.499888, -0.426707, -0.486634]
  [-0.322443, 0.040821, -0.499888, -0.426718, -0.486626]
  [-0.322442, 0.040821, -0.499888, -0.426724, -0.486624]
  [-0.32244, 0.040821, -0.499888, -0.426734, -0.486616]
  [-0.322442, 0.040821, -0.499888, -0.426707, -0.48664]
  [-0.322445, 0.040821, -0.499888, -0.426737, -0.486643]
  [-0.322439, 0.040821, -0.499888, -0.42674, -0.486597]
  [-0.322441, 0.040821, -0.499888, -0.426722, -0.486637]
  [-0.322445, 0.040821, -0.499888, -0.426741, -0.486624]
  [-0.322445, 0.040821, -0.499888, -0.426717, -0.486633]
  [-0.322442, 0.040821, -0.499888, -0.426728, -0.486599]
  [-0.322443, 0.040821, -0.499888, -0.426743, -0.486597]
  [-0.322441, 0.040821, -0.499888, -0.426728, -0.486605]
  [-0.322441, 0.040821, -0.499888, -0.426741, -0.486629]
  [-0.322441, 0.040821, -0.499888, -0.426715, -0.486601]
  [-0.322444, 0.040821, -0.499888, -0.426711, -0.486645]
  [-0.322442, 0.040821, -0.499888, -0.426737, -0.486645]
  [-0.322445, 0.040821, -0.499888, -0.426713, -0.48664]
  [-0.322442, 0.040821, -0.499888, -0.426745, -0.486636]
  [-0.32244, 0.040821, -0.499888, -0.426732, -0.486614]
  [-0.322442, 0.040821, -0.499888, -0.426718, -0.486626]
  [-0.322442, 0.040821, -0.499888, -0.426728, -0.486632]
  [-0.32244, 0.040821, -0.499888, -0.426715, -0.486638]
  [-0.322444, 0.040821, -0.499888, -0.426743, -0.486631]
  [-0.322439, 0.040821, -0.499888, -0.426726, -0.486617]
  [-0.32244, 0.040821, -0.499888, -0.426721, -0.486626]
  [-0.322439, 0.040821, -0.499888, -0.426717, -0.486601]
  [-0.322441, 0.040821, -0.499888, -0.426724, -0.48664]
  [-0.322439, 0.040821, -0.499888, -0.426723, -0.486629]
  [-0.322444, 0.040821, -0.499888, -0.42671, -0.486622]
  [-0.322444, 0.040821, -0.499888, -0.426718, -0.486639]
  [-0.32244, 0.040821, -0.499888, -0.426732, -0.486601]
  [-0.322444, 0.040821, -0.499888, -0.426724, -0.486596]
  [-0.322444, 0.040821, -0.499888, -0.426747, -0.486606]
  [-0.322443, 0.040821, -0.499888, -0.426748, -0.486625]
  [-0.322441, 0.040821, -0.499888, -0.426733, -0.486596]
  [-0.322444, 0.040821, -0.499888, -0.426737, -0.486627]
  [-0.322442, 0.040821, -0.499888, -0.426709, -0.486616]
  [-0.322444, 0.040821, -0.499888, -0.426734, -0.486642]
  [-0.322444, 0.040821, -0.499888, -0.426739, -0.486599]
  [-0.322445, 0.040821, -0.499888, -0.426726, -0.486629]
  [-0.32244, 0.040821, -0.499888, -0.42675, -0.486643]
  [-0.322444, 0.040821, -0.499888, -0.426706, -0.486627]
  [-0.322442, 0.040821, -0.499888, -0.42671, -0.486638]
  [-0.32244, 0.040821, -0.499888, -0.42675, -0.486644]
  [-0.32244, 0.040821, -0.499888, -0.42675, -0.486642]
  [-0.322117, 0.05141, -0.499899, -0.301399, -0.431448]
  [-0.323053, 0.051707, -0.499778, -0.372574, -0.433426]
  [-0.321907, 0.055076, -0.499512, -0.257075, -0.29762]
  [-0.322019, 0.052179, -0.49996, -0.259469, -0.436571]
  [-0.323182, 0.040987, -0.499472, -0.248836, -0.270645]
  [-0.321819, 0.052354, -0.499665, -0.361332, -0.406187]
  [-0.324119, 0.060719, -0.499437, -0.425561, -0.19253]
  [-0.321967, 0.056684, -0.499393, -0.491434, -0.364992]
  [-0.322087, 0.048852, -0.499679, -0.301393, -0.214987]
  [-0.323498, 0.053947, -0.499651, -0.373641, -0.280587]
  [-0.322078, 0.043323, -0.499444, -0.481019, -0.480411]
  [-0.321882, 0.054367, -0.499694, -0.348808, -0.382587]
  [-0.321993, 0.033695, -0.499387, -0.290912, -0.186108]
  [-0.322829, 0.036051, -0.499264, -0.41785, -0.474717]
  [-0.323122, 0.034713, -0.499909, -0.241947, -0.273969]
  [-0.324163, 0.032472, -0.499298, -0.246966, -0.29673]
  [-0.322595, 0.037082, -0.499386, -0.306469, -0.240304]
  [-0.322327, 0.060786, -0.499992, -0.394296, -0.169203]
  [-0.323085, 0.044077, -0.499854, -0.397382, -0.462961]
  [-0.322094, 0.057252, -0.499803, -0.23944, -0.254292]
  [-0.324218, 0.062772, -0.49992, -0.396053, -0.441811]
  [-0.322582, 0.035418, -0.499701, -0.311081, -0.199577]
  [-0.322127, 0.039818, -0.499775, -0.370541, -0.239299]
  [-0.321926, 0.051276, -0.499841, -0.368793, -0.444314]
  [-0.322779, 0.041531, -0.499995, -0.38452, -0.280567]
  [-0.323086, 0.043683, -0.499358, -0.471458, -0.365382]
  [-0.32361, 0.042523, -0.499967, -0.359128, -0.469986]
  [-0.322294, 0.033746, -0.499465, -0.347638, -0.239631]
  [-0.322808, 0.032669, -0.499988, -0.246772, -0.355913]
  [-0.322773, 0.036331, -0.499451, -0.344902, -0.193095]
  [-0.322261, 0.034134, -0.49999, -0.442369, -0.179626]
  [-0.322266, 0.03714, -0.499759, -0.432894, -0.413093]
  [-0.323965, 0.063358, -0.499502, -0.299875, -0.361862]
  [-0.323725, 0.035532, -0.499755, -0.274303, -0.378555]
  [-0.322361, 0.043444, -0.499495, -0.445053, -0.499991]
  [-0.322985, 0.044501, -0.49964, -0.475031, -0.43941]
  [-0.32234, 0.061157, -0.499821, -0.3923, -0.278595]
  [-0.323664, 0.058865, -0.499454, -0.488926, -0.27278]
  [-0.322214, 0.03675, -0.499277, -0.299171, -0.400949]
  [-0.324208, 0.037106, -0.499569, -0.496855, -0.315958]
  [-0.321851, 0.057969, -0.499773, -0.497955, -0.348213]
  [-0.323235, 0.061474, -0.499542, -0.459198, -0.303637]
  [-0.32206, 0.05485, -0.49961, -0.324536, -0.21544]
  [-0.323858, 0.046576, -0.499295, -0.486998, -0.467696]
  [-0.323795, 0.042702, -0.499839, -0.479886, -0.285255]
  [-0.323509, 0.063552, -0.499717, -0.409666, -0.299159]
  [-0.324097, 0.041657, -0.499594, -0.337439, -0.175348]
  [-0.322568, 0.036187, -0.499294, -0.258079, -0.332059]
  [-0.323855, 0.060645, -0.499568, -0.309538, -0.282629]
  [-0.32263, 0.052057, -0.499226, -0.36622, -0.498067]
  [-0.322474, 0.053279, -0.499374, -0.248682, -0.324821]
  [-0.322807, 0.051277, -0.499498, -0.416936, -0.474929]
  [-0.324228, 0.054826, -0.499888, -0.435796, -0.231818]
  [-0.321914, 0.045605, -0.499776, -0.341102, -0.189491]
  [-0.322007, 0.057591, -0.49997, -0.307325, -0.36229]
  [-0.323016, 0.059948, -0.499565, -0.478683, -0.478761]
  [-0.323804, 0.039889, -0.499921, -0.239252, -0.368768]
  [-0.321929, 0.062277, -0.499595, -0.227641, -0.297236]
  [-0.32299, 0.050516, -0.499911, -0.253104, -0.21975]
  [-0.324248, 0.047688, -0.499931, -0.439575, -0.423254]
  [-0.323871, 0.040724, -0.499866, -0.365858, -0.493384]
  [-0.321954, 0.054879, -0.499763, -0.283815, -0.394936]
  [-0.32315, 0.039293, -0.49959, -0.472084, -0.26378]
  [-0.322461, 0.063206, -0.499857, -0.268142, -0.188724]
  [-0.323178, 0.039312, -0.499303, -0.424657, -0.249296]
  [-0.321808, 0.03719, -0.499867, -0.275925, -0.416043]
  [-0.323344, 0.058564, -0.499676, -0.242804, -0.461531]
  [-0.324044, 0.045014, -0.499646, -0.374896, -0.201758]
  [-0.322114, 0.057757, -0.499304, -0.486206, -0.285423]
  [-0.323879, 0.036858, -0.49951, -0.31752, -0.227419]
  [-0.323975, 0.033488, -0.499335, -0.40368, -0.193597]
  [-0.321957, 0.059465, -0.49927, -0.369068, -0.40252]
  [-0.322546, 0.040898, -0.499803, -0.288264, -0.211146]
  [-0.322655, 0.048121, -0.499273, -0.255353, -0.245361]
  [-0.323715, 0.054652, -0.499514, -0.281545, -0.237695]
  [-0.321907, 0.042124, -0.499739, -0.243693, -0.444998]
  [-0.322401, 0.045155, -0.499205, -0.423422, -0.287774]
  [-0.324268, 0.061907, -0.499299, -0.305747, -0.365177]
  [-0.32402, 0.060938, -0.499924, -0.252121, -0.167366]
  [-0.323248, 0.056471, -0.499979, -0.460687, -0.277707]
  [-0.322892, 0.034179, -0.499487, -0.363869, -0.37821]
  [-0.321808, 0.043204, -0.499395, -0.312321, -0.344473]
  [-0.323537, 0.051003, -0.49986, -0.496248, -0.373917]
  [-0.323869, 0.03478, -0.499935, -0.31695, -0.420821]
  [-0.323591, 0.034501, -0.499578, -0.264629, -0.390953]
  [-0.32227, 0.045173, -0.499799, -0.343897, -0.479281]
  [-0.323476, 0.050891, -0.499414, -0.33967, -0.426227]
  [-0.322424, 0.040904, -0.499793, -0.258679, -0.29261]
  [-0.322947, 0.062967, -0.499918, -0.334448, -0.265183]
  [-0.323148, 0.044823, -0.499854, -0.323443, -0.358092]
  [-0.322134, 0.033909, -0.499819, -0.468125, -0.24872]
  [-0.322266, 0.044121, -0.499473, -0.440308, -0.447755]
  [-0.324091, 0.045633, -0.499709, -0.347443, -0.356039]
  [-0.322694, 0.03586, -0.499273, -0.369214, -0.453447]
  [-0.32219, 0.057685, -0.49957, -0.236931, -0.276724]
  [-0.323818, 0.054214, -0.499268, -0.30351, -0.358374]
  [-0.322291, 0.054469, -0.499931, -0.268782, -0.425843]
  [-0.322739, 0.045186, -0.499561, -0.453726, -0.200733]
  [-0.323721, 0.049895, -0.499885, -0.448978, -0.167305]
  [-0.323962, 0.036129, -0.499703, -0.348616, -0.448167]
  [-0.322834, 0.040351, -0.499209, -0.354409, -0.219564]
  [-0.322572, 0.05591, -0.499388, -0.418855, -0.280295]
  [-0.324269, 0.045451, -0.499321, -0.382659, -0.411322]
  [-0.323263, 0.060635, -0.499771, -0.237598, -0.439128]
  [-0.322879, 0.058692, -0.499392, -0.327213, -0.273153]
  [-0.322788, 0.038859, -0.499451, -0.465867, -0.370567]
  [-0.323114, 0.044867, -0.499774, -0.488054, -0.338885]
  [-0.323325, 0.050592, -0.499905, -0.364434, -0.233246]
  [-0.322387, 0.044634, -0.49944, -0.47156, -0.490909]
  [-0.324027, 0.054288, -0.499481, -0.253839, -0.375279]
  [-0.323808, 0.047283, -0.499765, -0.299713, -0.260759]
  [-0.322601, 0.038529, -0.499369, -0.41819, -0.259945]
  [-0.322432, 0.042916, -0.499961, -0.367518, -0.168791]
  [-0.322542, 0.06071, -0.499919, -0.411138, -0.495781]
  [-0.32304, 0.046203, -0.499892, -0.480563, -0.473733]
  [-0.322856, 0.057862, -0.499692, -0.316146, -0.26424]
  [-0.323938, 0.037709, -0.49931, -0.423245, -0.355561]
  [-0.322132, 0.040548, -0.499515, -0.230051, -0.486432]
  [-0.322523, 0.062298, -0.499835, -0.490084, -0.425139]
  [-0.324143, 0.051829, -0.499742, -0.27653, -0.212102]
  [-0.324185, 0.044292, -0.499236, -0.255706, -0.430334]
  [-0.322413, 0.042304, -0.499345, -0.271669, -0.177912]
  [-0.322434, 0.051715, -0.499544, -0.303982, -0.431623]
  [-0.323477, 0.060923, -0.499933, -0.451337, -0.353531]
  [-0.324121, 0.056882, -0.499409, -0.469799, -0.385448]
  [-0.32201, 0.038921, -0.49993, -0.392984, -0.174244]
  [-0.323594, 0.061784, -0.499439, -0.306292, -0.369914]
  [-0.322323, 0.062653, -0.499374, -0.287887, -0.485316]
  [-0.322982, 0.059782, -0.499315, -0.241495, -0.467828]
  [-0.322717, 0.040199, -0.499496, -0.414963, -0.240522]
  [-0.323402, 0.034069, -0.499722, -0.320581, -0.210802]
  [-0.322914, 0.042056, -0.499601, -0.35152, -0.269589]
  [-0.322021, 0.033954, -0.49997, -0.487695, -0.412501]
  [-0.323576, 0.032646, -0.499658, -0.300603, -0.335231]
  [-0.32328, 0.057349, -0.499892, -0.281813, -0.446517]
  [-0.322376, 0.036559, -0.499307, -0.479486, -0.171051]
  [-0.321837, 0.040781, -0.499373, -0.263803, -0.167876]
  [-0.324002, 0.057365, -0.499851, -0.376272, -0.457109]
  [-0.323405, 0.033763, -0.499811, -0.234827, -0.449458]
  [-0.323847, 0.051467, -0.499847, -0.493528, -0.473699]
  [-0.321933, 0.061193, -0.499792, -0.451118, -0.287844]
  [-0.324025, 0.058905, -0.499727, -0.366256, -0.239951]
  [-0.322503, 0.060943, -0.499895, -0.364744, -0.492861]
  [-0.322635, 0.045646, -0.499338, -0.435671, -0.344435]
  [-0.323408, 0.047028, -0.499238, -0.481811, -0.41235]
  [-0.322033, 0.039247, -0.49931, -0.452008, -0.187173]
  [-0.322252, 0.046707, -0.499991, -0.428967, -0.420769]
  [-0.324205, 0.061276, -0.49989, -0.301217, -0.428311]
  [-0.323983, 0.042159, -0.499768, -0.481594, -0.349501]
  [-0.323184, 0.056639, -0.499465, -0.433059, -0.322618]
  [-0.322356, 0.043376, -0.499493, -0.463603, -0.49996]
  [-0.322355, 0.043706, -0.499493, -0.448194, -0.499976]
  [-0.322352, 0.043708, -0.499492, -0.463488, -0.499969]
  [-0.322348, 0.04361, -0.499493, -0.444976, -0.499983]
  [-0.322355, 0.043707, -0.499492, -0.444077, -0.499992]
  [-0.322354, 0.043515, -0.499493, -0.450833, -0.499976]
  [-0.32235, 0.043385, -0.499494, -0.450828, -0.49999]
  [-0.322348, 0.043602, -0.499494, -0.465941, -0.49998]
  [-0.32236, 0.043498, -0.499494, -0.445026, -0.499957]
  [-0.322356, 0.043676, -0.499498, -0.464273, -0.49998]
  [-0.32235, 0.043716, -0.499497, -0.461953, -0.499978]
  [-0.322358, 0.043371, -0.499498, -0.442982, -0.49996]
  [-0.32236, 0.043571, -0.499493, -0.446698, -0.49995]
  [-0.322356, 0.04365, -0.499497, -0.447955, -0.499963]
  [-0.32236, 0.043698, -0.499496, -0.445611, -0.499983]
  [-0.32236, 0.04374, -0.499494, -0.455143, -0.49996]
  [-0.322363, 0.04333, -0.499494, -0.462231, -0.49998]
  [-0.322357, 0.043358, -0.499495, -0.464812, -0.49996]
  [-0.322355, 0.043651, -0.499497, -0.44375, -0.499976]
  [-0.322356, 0.043495, -0.499493, -0.448414, -0.499948]
  [-0.322359, 0.043539, -0.499497, -0.461035, -0.499982]
  [-0.322356, 0.043335, -0.499492, -0.462612, -0.499974]
  [-0.322362, 0.043401, -0.499494, -0.456643, -0.49995]
  [-0.322364, 0.043368, -0.499497, -0.460888, -0.499959]
  [-0.322364, 0.043345, -0.499497, -0.461316, -0.499998]
  [-0.322358, 0.043452, -0.499496, -0.449872, -0.499974]
  [-0.322364, 0.04366, -0.499497, -0.444166, -0.499972]
  [-0.322349, 0.043345, -0.499495, -0.459528, -0.499966]
  [-0.322352, 0.043731, -0.499496, -0.449882, -0.499983]
  [-0.322349, 0.043342, -0.499494, -0.457158, -0.49999]
  [-0.322353, 0.043622, -0.499493, -0.464669, -0.499978]
  [-0.322355, 0.043365, -0.499495, -0.458355, -0.499977]
  [-0.322353, 0.043381, -0.499492, -0.452415, -0.499964]
  [-0.322358, 0.043575, -0.499493, -0.464092, -0.499991]
  [-0.32235, 0.043365, -0.499495, -0.442842, -0.499958]
  [-0.322363, 0.043442, -0.499496, -0.452876, -0.499973]
  [-0.322356, 0.043616, -0.499497, -0.459521, -0.499954]
  [-0.322358, 0.043637, -0.499494, -0.457576, -0.499964]
  [-0.322363, 0.043478, -0.499495, -0.460605, -0.499969]
  [-0.32236, 0.043726, -0.499498, -0.447404, -0.49999]
  [-0.322364, 0.043552, -0.499497, -0.459407, -0.499985]
  [-0.322355, 0.043635, -0.499493, -0.463037, -0.49995]
  [-0.322353, 0.043629, -0.499496, -0.464698, -0.499957]
  [-0.322355, 0.043641, -0.499496, -0.451937, -0.499964]
  [-0.32236, 0.043377, -0.499493, -0.461357, -0.499958]
  [-0.322361, 0.043696, -0.499497, -0.452584, -0.499962]
  [-0.322361, 0.043329, -0.499493, -0.462312, -0.499971]
  [-0.322363, 0.043344, -0.499496, -0.452892, -0.499971]
  [-0.32236, 0.043377, -0.499493, -0.444207, -0.499979]
  [-0.322361, 0.043448, -0.499495, -0.46297, -0.499951]
  [-0.322348, 0.043478, -0.499498, -0.45375, -0.499991]
  [-0.322361, 0.043678, -0.499494, -0.463325, -0.499984]
  [-0.322355, 0.043697, -0.499492, -0.447986, -0.499962]
  [-0.322362, 0.043733, -0.499497, -0.462489, -0.499963]
  [-0.322364, 0.043607, -0.499495, -0.455478, -0.499969]
  [-0.32236, 0.043524, -0.499495, -0.462831, -0.499963]
  [-0.322349, 0.043431, -0.499493, -0.462852, -0.499965]
  [-0.322355, 0.043552, -0.499496, -0.461406, -0.499984]
  [-0.322357, 0.043432, -0.499495, -0.463584, -0.499946]
  [-0.322363, 0.043574, -0.499497, -0.44568, -0.499977]
  [-0.322352, 0.04366, -0.499493, -0.449843, -0.499974]
  [-0.322352, 0.043339, -0.499494, -0.465824, -0.499945]
  [-0.322365, 0.043653, -0.499492, -0.464479, -0.499968]
  [-0.322359, 0.043426, -0.499496, -0.453399, -0.499992]
  [-0.322359, 0.043643, -0.499496, -0.453232, -0.499947]
  [-0.322354, 0.043624, -0.499497, -0.452006, -0.499993]
  [-0.322348, 0.043486, -0.499493, -0.461734, -0.499975]
  [-0.322352, 0.043523, -0.499493, -0.458324, -0.499963]
  [-0.322357, 0.043365, -0.499492, -0.450254, -0.499947]
  [-0.32236, 0.04344, -0.499497, -0.445559, -0.499988]
  [-0.32235, 0.04351, -0.499496, -0.443664, -0.499957]
  [-0.32236, 0.043475, -0.499498, -0.445324, -0.49996]
  [-0.322356, 0.043681, -0.499493, -0.465921, -0.499967]
  [-0.322348, 0.043423, -0.499497, -0.460064, -0.499978]
  [-0.322363, 0.043692, -0.499497, -0.443318, -0.499992]
  [-0.322352, 0.043647, -0.499493, -0.451617, -0.499988]
  [-0.322357, 0.043752, -0.499496, -0.450552, -0.499988]
  [-0.322353, 0.043466, -0.499497, -0.450592, -0.499981]
  [-0.322349, 0.043357, -0.499496, -0.461764, -0.499979]
  [-0.322352, 0.043747, -0.499497, -0.458944, -0.499982]
  [-0.322358, 0.043733, -0.499497, -0.457254, -0.499953]
  [-0.322352, 0.043513, -0.499496, -0.443897, -0.499961]
  [-0.322359, 0.043707, -0.499496, -0.449374, -0.499966]
  [-0.322355, 0.043673, -0.499493, -0.460535, -0.499955]
  [-0.322355, 0.043445, -0.499493, -0.462411, -0.499948]
  [-0.322352, 0.043483, -0.499497, -0.463791, -0.49999]
  [-0.322351, 0.043569, -0.499495, -0.446412, -0.499963]
  [-0.322354, 0.043544, -0.499493, -0.449836, -0.499982]
  [-0.322349, 0.043754, -0.499492, -0.448853, -0.499967]
  [-0.322354, 0.043667, -0.499496, -0.451063, -0.499992]
  [-0.32236, 0.043715, -0.499495, -0.450043, -0.499978]
  [-0.322354, 0.04358, -0.499494, -0.445467, -0.499999]
  [-0.32236, 0.043514, -0.499497, -0.445035, -0.499951]
  [-0.322354, 0.043479, -0.499493, -0.45748, -0.499955]
  [-0.322348, 0.043381, -0.499493, -0.465799, -0.499975]
  [-0.322352, 0.043331, -0.499496, -0.453363, -0.499962]
  [-0.322351, 0.043392, -0.499498, -0.461906, -0.499964]
  [-0.322362, 0.043686, -0.499492, -0.451651, -0.499985]
  [-0.322363, 0.043581, -0.499498, -0.451371, -0.499963]
  [-0.322362, 0.04351, -0.499498, -0.465373, -0.499979]
  [-0.322358, 0.043678, -0.499496, -0.444244, -0.499978]
  [-0.322362, 0.043369, -0.499494, -0.456135, -0.499958]
  [-0.322365, 0.043328, -0.499494, -0.449893, -0.499956]
  [-0.322356, 0.043459, -0.499496, -0.462406, -0.499963]
  [-0.322363, 0.043391, -0.499496, -0.45587, -0.499951]
  [-0.322364, 0.043546, -0.499494, -0.46015, -0.499967]
  [-0.322364, 0.043467, -0.499496, -0.461206, -0.499956]
  [-0.322356, 0.043588, -0.499495, -0.464342, -0.499984]
  [-0.322347, 0.043482, -0.499497, -0.447635, -0.49996]
  [-0.322355, 0.043436, -0.499495, -0.45774, -0.499977]
  [-0.32236, 0.04377, -0.499496, -0.450711, -0.499968]
  [-0.322354, 0.043555, -0.499494, -0.447664, -0.499965]
  [-0.32236, 0.043496, -0.499494, -0.46358, -0.499969]
  [-0.322357, 0.043674, -0.499493, -0.447069, -0.499973]
  [-0.322352, 0.043385, -0.499495, -0.453408, -0.499979]
  [-0.322348, 0.043756, -0.499495, -0.446196, -0.499966]
  [-0.322364, 0.043449, -0.499496, -0.448905, -0.499982]
  [-0.32236, 0.043746, -0.499493, -0.444621, -0.499985]
  [-0.322356, 0.043345, -0.499492, -0.44728, -0.499988]
  [-0.322361, 0.043453, -0.499494, -0.454169, -0.499987]
  [-0.322363, 0.043692, -0.499498, -0.44867, -0.499961]
  [-0.322351, 0.043746, -0.499495, -0.442939, -0.499988]
  [-0.322363, 0.043508, -0.499493, -0.455512, -0.499963]
  [-0.322361, 0.04376, -0.499493, -0.449189, -0.499993]
  [-0.322355, 0.043564, -0.499498, -0.464306, -0.499957]
  [-0.322351, 0.043535, -0.499497, -0.448234, -0.499965]
  [-0.322365, 0.043464, -0.499496, -0.45448, -0.499984]
  [-0.322355, 0.043333, -0.499496, -0.458759, -0.499973]
  [-0.322353, 0.043457, -0.499496, -0.448045, -0.499994]
  [-0.322359, 0.043521, -0.499497, -0.452482, -0.499965]
  [-0.322358, 0.043346, -0.499497, -0.444709, -0.499957]
  [-0.322359, 0.043732, -0.499496, -0.457347, -0.499998]
  [-0.322351, 0.043424, -0.499495, -0.461664, -0.499962]
  [-0.322358, 0.043618, -0.499494, -0.452349, -0.499951]
  [-0.322365, 0.043671, -0.499497, -0.445362, -0.499956]
  [-0.322362, 0.04356, -0.499497, -0.449812, -0.499988]
  [-0.322355, 0.043744, -0.499495, -0.452637, -0.499965]
  [-0.322352, 0.043584, -0.499497, -0.45478, -0.499962]
  [-0.322352, 0.043571, -0.499497, -0.460922, -0.499976]
  [-0.322348, 0.043606, -0.499494, -0.45009, -0.499983]
  [-0.322349, 0.043682, -0.499493, -0.461581, -0.499959]
  [-0.32236, 0.043524, -0.499494, -0.462832, -0.499984]
  [-0.322357, 0.043353, -0.499497, -0.446002, -0.499966]
  [-0.322351, 0.043746, -0.499494, -0.462999, -0.499976]
  [-0.322349, 0.043454, -0.499492, -0.465547, -0.499959]
  [-0.322361, 0.043482, -0.499495, -0.449383, -0.499994]
  [-0.322357, 0.043419, -0.499492, -0.455608, -0.499996]
  [-0.322362, 0.043474, -0.499495, -0.465123, -0.499968]
  [-0.322356, 0.043332, -0.499494, -0.450885, -0.499979]
  [-0.322364, 0.043348, -0.499498, -0.458985, -0.499947]
  [-0.322352, 0.043337, -0.499494, -0.465868, -0.499945]
  [-0.322352, 0.043327, -0.499494, -0.465847, -0.499945]
  [-0.322352, 0.04333, -0.499494, -0.466037, -0.499945]
  [-0.322352, 0.043338, -0.499494, -0.466106, -0.499945]
  [-0.322352, 0.043327, -0.499494, -0.466178, -0.499945]
  [-0.322352, 0.043332, -0.499494, -0.466255, -0.499945]
  [-0.322352, 0.043329, -0.499494, -0.466192, -0.499945]
  [-0.322352, 0.043336, -0.499494, -0.466072, -0.499945]
  [-0.322352, 0.043334, -0.499494, -0.466017, -0.499945]
  [-0.322352, 0.043333, -0.499494, -0.466262, -0.499945]
  [-0.322352, 0.04333, -0.499494, -0.466166, -0.499945]
  [-0.322352, 0.043335, -0.499494, -0.466114, -0.499945]
  [-0.322352, 0.043338, -0.499494, -0.46583, -0.499945]
  [-0.322352, 0.043334, -0.499494, -0.466294, -0.499945]
  [-0.322352, 0.043336, -0.499494, -0.465904, -0.499945]
  [-0.322352, 0.043328, -0.499494, -0.465849, -0.499945]
  [-0.322352, 0.043332, -0.499494, -0.466062, -0.499945]
  [-0.322352, 0.043338, -0.499494, -0.465958, -0.499945]
  [-0.322352, 0.043327, -0.499494, -0.465987, -0.499945]
  [-0.322352, 0.043335, -0.499494, -0.465888, -0.499945]
  [-0.322352, 0.043335, -0.499494, -0.466282, -0.499945]
  [-0.322352, 0.04334, -0.499494, -0.465986, -0.499945]
  [-0.322352, 0.04334, -0.499494, -0.465833, -0.499945]
  [-0.322352, 0.043339, -0.499494, -0.465845, -0.499945]
  [-0.322352, 0.043332, -0.499494, -0.46623, -0.499945]
  [-0.322352, 0.043332, -0.499494, -0.46587, -0.499945]
  [-0.322352, 0.043333, -0.499494, -0.466068, -0.499945]
  [-0.322352, 0.043339, -0.499494, -0.466056, -0.499945]
  [-0.322352, 0.043329, -0.499494, -0.466177, -0.499945]
  [-0.322352, 0.043328, -0.499494, -0.465854, -0.499945]
  [-0.322352, 0.04333, -0.499494, -0.466009, -0.499945]
  [-0.322352, 0.043335, -0.499494, -0.4661, -0.499945]
  [-0.322352, 0.043328, -0.499494, -0.466065, -0.499945]
  [-0.322352, 0.043336, -0.499494, -0.466059, -0.499945]
  [-0.322352, 0.043334, -0.499494, -0.466039, -0.499945]
  [-0.322352, 0.043339, -0.499494, -0.466002, -0.499945]
  [-0.322352, 0.043329, -0.499494, -0.465966, -0.499945]
  [-0.322352, 0.04333, -0.499494, -0.46582, -0.499945]
  [-0.322352, 0.04333, -0.499494, -0.465891, -0.499945]
  [-0.322352, 0.043338, -0.499494, -0.46619, -0.499945]
  [-0.322352, 0.043337, -0.499494, -0.465974, -0.499945]
  [-0.322352, 0.043331, -0.499494, -0.466089, -0.499945]
  [-0.322352, 0.043336, -0.499494, -0.465923, -0.499945]
  [-0.322352, 0.043331, -0.499494, -0.466243, -0.499945]
  [-0.322352, 0.043334, -0.499494, -0.466002, -0.499945]
  [-0.322352, 0.043336, -0.499494, -0.466179, -0.499945]
  [-0.322352, 0.043327, -0.499494, -0.466079, -0.499945]
  [-0.322352, 0.043331, -0.499494, -0.465952, -0.499945]
  [-0.322352, 0.043326, -0.499494, -0.465917, -0.499945]
  [-0.322352, 0.043326, -0.499494, -0.466206, -0.499945]
  [-0.322352, 0.04334, -0.499494, -0.465808, -0.499945]
  [-0.322352, 0.043328, -0.499494, -0.465899, -0.499945]
  [-0.322352, 0.04334, -0.499494, -0.466262, -0.499945]
  [-0.322352, 0.043339, -0.499494, -0.466032, -0.499945]
  [-0.322352, 0.043326, -0.499494, -0.466155, -0.499945]
  [-0.322352, 0.043331, -0.499494, -0.465938, -0.499945]
  [-0.322352, 0.043338, -0.499494, -0.466071, -0.499945]
  [-0.322352, 0.043332, -0.499494, -0.46598, -0.499945]
  [-0.322352, 0.043327, -0.499494, -0.466253, -0.499945]
  [-0.322352, 0.043337, -0.499494, -0.466192, -0.499945]
  [-0.322352, 0.043338, -0.499494, -0.466059, -0.499945]
  [-0.322352, 0.043333, -0.499494, -0.465945, -0.499945]
  [-0.322352, 0.043327, -0.499494, -0.466061, -0.499945]
  [-0.322352, 0.043328, -0.499494, -0.465983, -0.499945]
  [-0.322352, 0.043333, -0.499494, -0.465875, -0.499945]
  [-0.322352, 0.04333, -0.499494, -0.465979, -0.499945]
  [-0.322352, 0.043328, -0.499494, -0.465927, -0.499945]
  [-0.322352, 0.043339, -0.499494, -0.466172, -0.499945]
  [-0.322352, 0.043326, -0.499494, -0.465955, -0.499945]
  [-0.322352, 0.043333, -0.499494, -0.465877, -0.499945]
  [-0.322352, 0.043332, -0.499494, -0.466226, -0.499945]
  [-0.322352, 0.043336, -0.499494, -0.466253, -0.499945]
  [-0.322352, 0.043335, -0.499494, -0.46606, -0.499945]
  [-0.322352, 0.043334, -0.499494, -0.465938, -0.499945]
  [-0.322352, 0.04333, -0.499494, -0.466207, -0.499945]
  [-0.322352, 0.043332, -0.499494, -0.465872, -0.499945]
  [-0.322352, 0.043334, -0.499494, -0.466008, -0.499945]
  [-0.322352, 0.043339, -0.499494, -0.466179, -0.499945]
  [-0.322352, 0.043336, -0.499494, -0.465944, -0.499945]
  [-0.322352, 0.043338, -0.499494, -0.46606, -0.499945]
  [-0.322352, 0.043337, -0.499494, -0.46581, -0.499945]
  [-0.322352, 0.043331, -0.499494, -0.465948, -0.499945]
  [-0.322352, 0.043338, -0.499494, -0.465861, -0.499945]
  [-0.322352, 0.043327, -0.499494, -0.465972, -0.499945]
  [-0.322352, 0.043338, -0.499494, -0.465991, -0.499945]
  [-0.322352, 0.043327, -0.499494, -0.465898, -0.499945]
  [-0.322352, 0.04333, -0.499494, -0.46612, -0.499945]
  [-0.322352, 0.043331, -0.499494, -0.466232, -0.499945]
  [-0.322352, 0.043336, -0.499494, -0.466043, -0.499945]
  [-0.322352, 0.043329, -0.499494, -0.46586, -0.499945]
  [-0.322352, 0.043329, -0.499494, -0.466191, -0.499945]
  [-0.322352, 0.043333, -0.499494, -0.466155, -0.499945]
  [-0.322352, 0.043326, -0.499494, -0.46615, -0.499945]
  [-0.322352, 0.043339, -0.499494, -0.465989, -0.499945]
  [-0.322352, 0.04333, -0.499494, -0.466204, -0.499945]
  [-0.322352, 0.043334, -0.499494, -0.466028, -0.499945]
  [-0.322352, 0.043331, -0.499494, -0.465993, -0.499945]
  [-0.322352, 0.043334, -0.499494, -0.465841, -0.499945]
  [-0.322352, 0.043331, -0.499494, -0.466214, -0.499945]
  [-0.322352, 0.04333, -0.499494, -0.466137, -0.499945]
  [-0.322352, 0.043337, -0.499494, -0.465952, -0.499945]
  [-0.322352, 0.043332, -0.499494, -0.466101, -0.499945]
  [-0.322352, 0.043335, -0.499494, -0.466105, -0.499945]
  [-0.322352, 0.043337, -0.499494, -0.466217, -0.499945]
  [-0.322352, 0.043331, -0.499494, -0.46606, -0.499945]
  [-0.322352, 0.043329, -0.499494, -0.465914, -0.499945]
  [-0.322352, 0.043326, -0.499494, -0.466109, -0.499945]
  [-0.322352, 0.043333, -0.499494, -0.466058, -0.499945]
  [-0.322352, 0.043329, -0.499494, -0.466203, -0.499945]
  [-0.322352, 0.043333, -0.499494, -0.465917, -0.499945]
  [-0.322352, 0.043337, -0.499494, -0.466279, -0.499945]
  [-0.322352, 0.043332, -0.499494, -0.466023, -0.499945]
  [-0.322352, 0.043337, -0.499494, -0.466291, -0.499945]
  [-0.322352, 0.043331, -0.499494, -0.466157, -0.499945]
  [-0.322352, 0.04333, -0.499494, -0.46602, -0.499945]
  [-0.322352, 0.043339, -0.499494, -0.466273, -0.499945]
  [-0.322352, 0.043327, -0.499494, -0.466237, -0.499945]
  [-0.322352, 0.043336, -0.499494, -0.465996, -0.499945]
  [-0.322352, 0.043336, -0.499494, -0.466091, -0.499945]
  [-0.322352, 0.043339, -0.499494, -0.466167, -0.499945]
  [-0.322352, 0.043331, -0.499494, -0.465852, -0.499945]
  [-0.322352, 0.043327, -0.499494, -0.465895, -0.499945]
  [-0.322352, 0.043334, -0.499494, -0.466143, -0.499945]
  [-0.322352, 0.04333, -0.499494, -0.466228, -0.499945]
  [-0.322352, 0.043327, -0.499494, -0.466174, -0.499945]
  [-0.322352, 0.043328, -0.499494, -0.465884, -0.499945]
  [-0.322352, 0.043339, -0.499494, -0.466024, -0.499945]
  [-0.322352, 0.043327, -0.499494, -0.46618, -0.499945]
  [-0.322352, 0.043338, -0.499494, -0.465853, -0.499945]
  [-0.322352, 0.043329, -0.499494, -0.465925, -0.499945]
  [-0.322352, 0.043327, -0.499494, -0.466278, -0.499945]
  [-0.322352, 0.043332, -0.499494, -0.466176, -0.499945]
  [-0.322352, 0.043339, -0.499494, -0.466209, -0.499945]
  [-0.322352, 0.043338, -0.499494, -0.466132, -0.499945]
  [-0.322352, 0.04333, -0.499494, -0.466273, -0.499945]
  [-0.322352, 0.043336, -0.499494, -0.46592, -0.499945]
  [-0.322352, 0.043337, -0.499494, -0.46627, -0.499945]
  [-0.322352, 0.043329, -0.499494, -0.466162, -0.499945]
  [-0.322352, 0.043331, -0.499494, -0.466284, -0.499945]
  [-0.322352, 0.043329, -0.499494, -0.465865, -0.499945]
  [-0.322352, 0.043328, -0.499494, -0.465947, -0.499945]
  [-0.322352, 0.043332, -0.499494, -0.466047, -0.499945]
  [-0.322352, 0.043336, -0.499494, -0.466119, -0.499945]
  [-0.322352, 0.04333, -0.499494, -0.466173, -0.499945]
  [-0.322352, 0.04334, -0.499494, -0.466047, -0.499945]
  [-0.322352, 0.043336, -0.499494, -0.466187, -0.499945]
  [-0.322352, 0.043328, -0.499494, -0.465943, -0.499945]
  [-0.322352, 0.043335, -0.499494, -0.465823, -0.499945]
  [-0.322352, 0.043328, -0.499494, -0.46624, -0.499945]
  [-0.322352, 0.043334, -0.499494, -0.465906, -0.499945]
  [-0.322352, 0.043326, -0.499494, -0.466278, -0.499945]
  [-0.322352, 0.043327, -0.499494, -0.466279, -0.499945]
  [-0.322352, 0.043326, -0.499494, -0.466279, -0.499945]
  [-0.323786, 0.042975, -0.499891, -0.317102, -0.466812]
  [-0.322084, 0.038806, -0.499695, -0.355708, -0.24967]
  [-0.324031, 0.053197, -0.499481, -0.398801, -0.239837]
  [-0.323165, 0.047955, -0.499527, -0.400004, -0.238007]
  [-0.322736, 0.043232, -0.499539, -0.338388, -0.467421]
  [-0.323896, 0.041462, -0.499994, -0.421508, -0.232988]
  [-0.322662, 0.054715, -0.499363, -0.284055, -0.251545]
  [-0.321943, 0.049811, -0.499529, -0.261929, -0.221028]
  [-0.324105, 0.057423, -0.499628, -0.424555, -0.447768]
  [-0.322355, 0.043811, -0.499599, -0.384097, -0.181781]
  [-0.323541, 0.052838, -0.499692, -0.314672, -0.46007]
  [-0.322932, 0.032468, -0.499697, -0.421226, -0.447841]
  [-0.323938, 0.060387, -0.499372, -0.338054, -0.274979]
  [-0.322447, 0.048794, -0.499307, -0.412414, -0.424311]
  [-0.322132, 0.059276, -0.499233, -0.264303, -0.326399]
  [-0.324013, 0.031922, -0.499945, -0.246621, -0.45056]
  [-0.323872, 0.039079, -0.499514, -0.263409, -0.224512]
  [-0.323654, 0.053805, -0.499966, -0.415354, -0.357475]
  [-0.323701, 0.047906, -0.499398, -0.402939, -0.275238]
  [-0.322884, 0.051269, -0.49934, -0.396652, -0.247038]
  [-0.323605, 0.035347, -0.499767, -0.357492, -0.240824]
  [-0.322407, 0.041992, -0.499831, -0.421034, -0.20161]
  [-0.322553, 0.057342, -0.499849, -0.269929, -0.470297]
  [-0.324021, 0.032762, -0.49991, -0.315568, -0.431985]
  [-0.324204, 0.048942, -0.499392, -0.282291, -0.373025]
  [-0.322451, 0.039039, -0.499603, -0.265964, -0.388098]
  [-0.324171, 0.052428, -0.499637, -0.290903, -0.27019]
  [-0.321832, 0.037457, -0.49998, -0.239391, -0.488375]
  [-0.322654, 0.048568, -0.499727, -0.347045, -0.461215]
  [-0.323075, 0.035547, -0.499497, -0.392132, -0.466044]
  [-0.322313, 0.032896, -0.499689, -0.27901, -0.30996]
  [-0.32366, 0.035449, -0.499684, -0.4942, -0.391002]
  [-0.321929, 0.057332, -0.499825, -0.326671, -0.193825]
  [-0.323416, 0.06318, -0.499727, -0.460919, -0.318651]
  [-0.324036, 0.056682, -0.49975, -0.415148, -0.22716]
  [-0.323574, 0.038064, -0.499302, -0.36794, -0.20456]
  [-0.322962, 0.053061, -0.49994, -0.455393, -0.218424]
  [-0.322386, 0.039627, -0.499431, -0.282684, -0.470571]
  [-0.322351, 0.058925, -0.499931, -0.472755, -0.262187]
  [-0.322752, 0.047873, -0.499775, -0.254571, -0.325778]
  [-0.322365, 0.059494, -0.499656, -0.49865, -0.214957]
  [-0.323016, 0.055239, -0.499377, -0.339483, -0.401827]
  [-0.324256, 0.052099, -0.499748, -0.24287, -0.385661]
  [-0.323532, 0.033504, -0.499619, -0.49759, -0.266349]
  [-0.322115, 0.058795, -0.499245, -0.343186, -0.436885]
  [-0.324133, 0.059771, -0.499347, -0.441442, -0.195196]
  [-0.322432, 0.044036, -0.499745, -0.283453, -0.468845]
  [-0.322219, 0.054009, -0.499821, -0.246484, -0.280639]
  [-0.322854, 0.03981, -0.499586, -0.345689, -0.423617]
  [-0.322413, 0.052582, -0.499728, -0.260567, -0.302097]
  [-0.323244, 0.044359, -0.499706, -0.390491, -0.430796]
  [-0.32324, 0.056123, -0.499719, -0.319193, -0.376647]
  [-0.322367, 0.04849, -0.499418, -0.357375, -0.294099]
  [-0.322892, 0.047817, -0.499649, -0.445661, -0.174135]
  [-0.322954, 0.042992, -0.499205, -0.39583, -0.420878]
  [-0.323887, 0.034073, -0.499719, -0.327085, -0.326514]
  [-0.3225, 0.049858, -0.499876, -0.397875, -0.370646]
  [-0.324162, 0.055359, -0.499271, -0.459191, -0.29285]
  [-0.322654, 0.054292, -0.499449, -0.447213, -0.320965]
  [-0.321953, 0.059032, -0.499698, -0.334923, -0.428606]
  [-0.321896, 0.032749, -0.499804, -0.250458, -0.331709]
  [-0.324262, 0.033787, -0.499438, -0.307678, -0.410532]
  [-0.323878, 0.049526, -0.49932, -0.29748, -0.334627]
  [-0.323325, 0.043046, -0.499943, -0.303584, -0.17418]
  [-0.322784, 0.039603, -0.499566, -0.352403, -0.317274]
  [-0.324204, 0.052651, -0.499959, -0.418228, -0.189061]
  [-0.323968, 0.045506, -0.499722, -0.320699, -0.49169]
  [-0.322589, 0.040398, -0.499535, -0.370416, -0.294033]
  [-0.32269, 0.043053, -0.499326, -0.264285, -0.262752]
  [-0.323057, 0.038072, -0.499714, -0.24567, -0.307252]
  [-0.32267, 0.037877, -0.499924, -0.301317, -0.466731]
  [-0.321926, 0.050638, -0.499221, -0.370237, -0.363683]
  [-0.323468, 0.049124, -0.499834, -0.33339, -0.247984]
  [-0.323981, 0.039069, -0.49938, -0.359132, -0.319945]
  [-0.323313, 0.041167, -0.499712, -0.413384, -0.399577]
  [-0.322676, 0.054456, -0.49948, -0.258656, -0.411928]
  [-0.323682, 0.048331, -0.499481, -0.416102, -0.169541]
  [-0.32386, 0.039826, -0.499249, -0.395024, -0.306269]
  [-0.322568, 0.048292, -0.499949, -0.489612, -0.187014]
  [-0.322556, 0.053841, -0.499714, -0.266308, -0.498912]
  [-0.322638, 0.052157, -0.499506, -0.378476, -0.492065]
  [-0.322328, 0.043652, -0.499805, -0.244223, -0.33104]
  [-0.322304, 0.045374, -0.499765, -0.400592, -0.290031]
  [-0.323756, 0.058102, -0.499629, -0.331471, -0.486789]
  [-0.324046, 0.056383, -0.499648, -0.38874, -0.457178]
  [-0.323015, 0.036353, -0.499613, -0.466557, -0.170668]
  [-0.321918, 0.03823, -0.499685, -0.437513, -0.425704]
  [-0.322047, 0.044952, -0.499624, -0.316372, -0.287691]
  [-0.323615, 0.032748, -0.499609, -0.37142, -0.191202]
  [-0.323138, 0.063182, -0.499981, -0.386626, -0.356604]
  [-0.322593, 0.050271, -0.499638, -0.3867, -0.168208]
  [-0.3234, 0.038097, -0.49929, -0.400948, -0.332638]
  [-0.323175, 0.039114, -0.499905, -0.316535, -0.209936]
  [-0.322388, 0.063193, -0.499773, -0.232374, -0.40907]
  [-0.322823, 0.043931, -0.499735, -0.491474, -0.246793]
  [-0.324166, 0.044672, -0.499698, -0.276399, -0.256807]
  [-0.32383, 0.05072, -0.499657, -0.304738, -0.450352]
  [-0.323085, 0.053282, -0.499943, -0.388876, -0.289848]
  [-0.322631, 0.060066, -0.49955, -0.271309, -0.197007]
  [-0.322142, 0.054487, -0.499964, -0.292734, -0.495308]
  [-0.322904, 0.032907, -0.499805, -0.319049, -0.426395]
  [-0.322882, 0.056984, -0.499656, -0.33629, -0.175253]
  [-0.323777, 0.046397, -0.499718, -0.448816, -0.485478]
  [-0.323184, 0.059673, -0.499586, -0.251258, -0.345398]
  [-0.322184, 0.042802, -0.499356, -0.338117, -0.404606]
  [-0.322567, 0.052793, -0.499934, -0.330571, -0.411307]
  [-0.323252, 0.039399, -0.49924, -0.447385, -0.190142]
  [-0.321833, 0.035629, -0.499568, -0.494872, -0.408477]
  [-0.322976, 0.048124, -0.499656, -0.254436, -0.302993]
  [-0.323822, 0.051681, -0.499887, -0.361731, -0.401616]
  [-0.322904, 0.04166, -0.499831, -0.394302, -0.199566]
  [-0.32288, 0.060724, -0.49992, -0.464319, -0.248722]
  [-0.324021, 0.05619, -0.499976, -0.427668, -0.34578]
  [-0.322573, 0.062223, -0.499576, -0.27937, -0.277543]
  [-0.323524, 0.050793, -0.499834, -0.267297, -0.358053]
  [-0.322901, 0.039648, -0.499945, -0.259714, -0.455481]
  [-0.32202, 0.040413, -0.499355, -0.392896, -0.342463]
  [-0.323846, 0.062484, -0.499231, -0.257979, -0.190786]
  [-0.321963, 0.046977, -0.499226, -0.382348, -0.342155]
  [-0.32197, 0.058144, -0.499895, -0.354822, -0.302259]
  [-0.324208, 0.053464, -0.499658, -0.380002, -0.307129]
  [-0.32318, 0.063428, -0.499562, -0.292382, -0.428396]
  [-0.323481, 0.043452, -0.499207, -0.478834, -0.35483]
  [-0.324105, 0.062356, -0.499839, -0.339037, -0.430235]
  [-0.322515, 0.039781, -0.499235, -0.270739, -0.194038]
  [-0.32415, 0.045693, -0.499327, -0.285228, -0.420324]
  [-0.322416, 0.043324, -0.49977, -0.241737, -0.494539]
  [-0.323258, 0.06077, -0.499443, -0.277973, -0.256992]
  [-0.323582, 0.033257, -0.499922, -0.300713, -0.334504]
  [-0.323122, 0.058309, -0.499885, -0.410508, -0.37518]
  [-0.323068, 0.038552, -0.499898, -0.374524, -0.316133]
  [-0.323005, 0.047038, -0.499633, -0.423912, -0.410793]
  [-0.322498, 0.051818, -0.499446, -0.341993, -0.399865]
  [-0.32231, 0.043733, -0.499252, -0.433822, -0.329409]
  [-0.321835, 0.051321, -0.49985, -0.474888, -0.181551]
  [-0.323324, 0.03719, -0.499659, -0.382571, -0.425092]
  [-0.322626, 0.058859, -0.499408, -0.447152, -0.212561]
  [-0.323452, 0.034356, -0.499675, -0.376331, -0.174614]
  [-0.322793, 0.06356, -0.499458, -0.375081, -0.341034]
  [-0.324127, 0.035131, -0.499967, -0.358871, -0.363571]
  [-0.322632, 0.037752, -0.499745, -0.293591, -0.307282]
  [-0.323899, 0.05162, -0.499494, -0.425588, -0.401985]
  [-0.321979, 0.054342, -0.499682, -0.425791, -0.3512]
  [-0.322833, 0.054619, -0.499773, -0.287077, -0.347637]
  [-0.323767, 0.032633, -0.499808, -0.268625, -0.255622]
  [-0.323963, 0.048947, -0.499433, -0.329015, -0.301016]
  [-0.323365, 0.035898, -0.49999, -0.295271, -0.493432]
  [-0.32185, 0.037604, -0.49993, -0.487903, -0.459727]
  [-0.323866, 0.034432, -0.499977, -0.457101, -0.197339]
  [-0.322935, 0.050462, -0.499269, -0.464999, -0.369459]
  [-0.323751, 0.046451, -0.49972, -0.44882, -0.47973]
  [-0.323786, 0.046342, -0.499718, -0.449622, -0.481006]
  [-0.323775, 0.046449, -0.499718, -0.44875, -0.478856]
  [-0.323756, 0.046245, -0.499716, -0.449148, -0.480929]
  [-0.32379, 0.046318, -0.49972, -0.448379, -0.487415]
  [-0.323765, 0.046207, -0.49972, -0.449202, -0.480395]
  [-0.323788, 0.046261, -0.499717, -0.448996, -0.480065]
  [-0.323752, 0.046219, -0.49972, -0.448586, -0.485916]
  [-0.323766, 0.046208, -0.49972, -0.448764, -0.478337]
  [-0.323783, 0.046329, -0.499718, -0.449553, -0.488066]
  [-0.323749, 0.046402, -0.499719, -0.449546, -0.488658]
  [-0.323759, 0.046331, -0.499718, -0.449604, -0.481585]
  [-0.32376, 0.046433, -0.499718, -0.449097, -0.483859]
  [-0.323791, 0.046404, -0.499717, -0.448912, -0.478866]
  [-0.323756, 0.046203, -0.499717, -0.449076, -0.480126]
  [-0.323755, 0.0463, -0.499717, -0.448856, -0.480175]
  [-0.323796, 0.046234, -0.49972, -0.44926, -0.480521]
  [-0.323772, 0.046412, -0.499717, -0.448745, -0.477204]
  [-0.323751, 0.046475, -0.499716, -0.448246, -0.476131]
  [-0.323744, 0.046403, -0.499718, -0.448276, -0.485588]
  [-0.323747, 0.046341, -0.499719, -0.449459, -0.481119]
  [-0.32377, 0.046373, -0.499717, -0.448604, -0.480938]
  [-0.323776, 0.046441, -0.499718, -0.448823, -0.477193]
  [-0.32379, 0.046361, -0.499717, -0.447921, -0.478556]
  [-0.323768, 0.046371, -0.499719, -0.448472, -0.485319]
  [-0.323779, 0.046341, -0.499717, -0.449592, -0.483165]
  [-0.323772, 0.046444, -0.499717, -0.447991, -0.48225]
  [-0.323764, 0.0464, -0.499718, -0.448121, -0.477294]
  [-0.323767, 0.04644, -0.499716, -0.448102, -0.487096]
  [-0.323766, 0.046455, -0.499718, -0.448318, -0.480237]
  [-0.323789, 0.046381, -0.49972, -0.448427, -0.488979]
  [-0.32377, 0.046342, -0.499718, -0.448381, -0.485294]
  [-0.323775, 0.046481, -0.499717, -0.449296, -0.479815]
  [-0.323765, 0.046352, -0.499718, -0.448192, -0.479697]
  [-0.323755, 0.046269, -0.499718, -0.44902, -0.478097]
  [-0.323747, 0.046277, -0.499717, -0.448895, -0.47654]
  [-0.323755, 0.046359, -0.499718, -0.448067, -0.482043]
  [-0.323756, 0.046331, -0.499718, -0.449641, -0.478241]
  [-0.323758, 0.046285, -0.499719, -0.448736, -0.478248]
  [-0.323778, 0.046288, -0.499719, -0.449179, -0.480398]
  [-0.323776, 0.046384, -0.499717, -0.449488, -0.480446]
  [-0.323785, 0.046237, -0.499717, -0.448542, -0.483695]
  [-0.323786, 0.046458, -0.499717, -0.449212, -0.486542]
  [-0.323788, 0.046321, -0.499716, -0.448783, -0.488073]
  [-0.323764, 0.046299, -0.499717, -0.449498, -0.477511]
  [-0.323762, 0.046237, -0.499719, -0.449632, -0.487098]
  [-0.323765, 0.046393, -0.49972, -0.448696, -0.477017]
  [-0.32377, 0.046352, -0.499718, -0.448629, -0.483869]
  [-0.323785, 0.046243, -0.499718, -0.448107, -0.48583]
  [-0.323742, 0.04639, -0.499719, -0.448149, -0.478517]
  [-0.323789, 0.046357, -0.499718, -0.449158, -0.477729]
  [-0.323781, 0.046273, -0.49972, -0.449331, -0.480079]
  [-0.323775, 0.046321, -0.49972, -0.448859, -0.482786]
  [-0.323776, 0.046478, -0.499718, -0.448348, -0.477295]
  [-0.323748, 0.046433, -0.49972, -0.449388, -0.476994]
  [-0.323752, 0.046334, -0.499719, -0.448284, -0.484925]
  [-0.323754, 0.046291, -0.499717, -0.448862, -0.486672]
  [-0.323796, 0.046331, -0.499717, -0.449273, -0.478308]
  [-0.323744, 0.046223, -0.499719, -0.44871, -0.486515]
  [-0.32376, 0.046325, -0.499717, -0.44806, -0.482977]
  [-0.323789, 0.046274, -0.499718, -0.448512, -0.475547]
  [-0.323741, 0.046422, -0.499718, -0.448255, -0.484311]
  [-0.323789, 0.046235, -0.499717, -0.448407, -0.483729]
  [-0.323785, 0.046473, -0.499719, -0.448451, -0.482468]
  [-0.323783, 0.046346, -0.499718, -0.449563, -0.479155]
  [-0.323771, 0.046374, -0.499717, -0.448365, -0.488596]
  [-0.323783, 0.046343, -0.499718, -0.449348, -0.483662]
  [-0.323776, 0.046355, -0.49972, -0.448351, -0.487571]
  [-0.323764, 0.046277, -0.499719, -0.448524, -0.483887]
  [-0.323781, 0.046316, -0.499719, -0.449442, -0.482162]
  [-0.323775, 0.046218, -0.499718, -0.448196, -0.48143]
  [-0.323797, 0.046446, -0.499717, -0.448294, -0.484078]
  [-0.323796, 0.046213, -0.499719, -0.449128, -0.4866]
  [-0.323789, 0.046327, -0.49972, -0.449458, -0.47663]
  [-0.323793, 0.046275, -0.49972, -0.448724, -0.482511]
  [-0.32378, 0.046271, -0.499717, -0.447982, -0.485286]
  [-0.323748, 0.046267, -0.49972, -0.448988, -0.475918]
  [-0.323769, 0.046203, -0.499716, -0.448284, -0.481861]
  [-0.323754, 0.046375, -0.499717, -0.44838, -0.481525]
  [-0.323756, 0.046296, -0.49972, -0.449642, -0.476097]
  [-0.323747, 0.046245, -0.499717, -0.449232, -0.478143]
  [-0.323781, 0.046297, -0.499716, -0.447915, -0.48499]
  [-0.323777, 0.046458, -0.499717, -0.447972, -0.48329]
  [-0.323787, 0.046211, -0.499717, -0.447944, -0.47838]
  [-0.323743, 0.046441, -0.499716, -0.449089, -0.483487]
  [-0.323758, 0.046345, -0.499717, -0.448157, -0.476658]
  [-0.323763, 0.046303, -0.499717, -0.449261, -0.480834]
  [-0.323752, 0.04631, -0.499718, -0.44935, -0.476014]
  [-0.323785, 0.046334, -0.499717, -0.448592, -0.484643]
  [-0.323742, 0.046489, -0.499716, -0.449304, -0.478511]
  [-0.323782, 0.046392, -0.499717, -0.449596, -0.477131]
  [-0.323777, 0.046307, -0.499718, -0.448836, -0.475728]
  [-0.323781, 0.04621, -0.499718, -0.448949, -0.481535]
  [-0.32375, 0.046455, -0.499717, -0.448106, -0.48033]
  [-0.323794, 0.046292, -0.499716, -0.449216, -0.480019]
  [-0.323753, 0.046309, -0.499719, -0.448724, -0.486393]
  [-0.32377, 0.046307, -0.499717, -0.449565, -0.482566]
  [-0.323741, 0.046257, -0.499719, -0.448787, -0.482884]
  [-0.323789, 0.046289, -0.49972, -0.448187, -0.488318]
  [-0.323756, 0.046389, -0.499718, -0.448698, -0.482253]
  [-0.323774, 0.046287, -0.499717, -0.44818, -0.479576]
  [-0.323786, 0.046291, -0.49972, -0.447906, -0.481126]
  [-0.323759, 0.04633, -0.499717, -0.449114, -0.47887]
  [-0.32375, 0.046328, -0.499717, -0.448959, -0.475611]
  [-0.323749, 0.04645, -0.49972, -0.449138, -0.477782]
  [-0.323774, 0.046374, -0.499719, -0.448097, -0.488589]
  [-0.323776, 0.046238, -0.499716, -0.448002, -0.483472]
  [-0.323795, 0.046355, -0.499716, -0.449172, -0.487506]
  [-0.323775, 0.046446, -0.499717, -0.449122, -0.477495]
  [-0.323781, 0.046327, -0.499717, -0.449378, -0.478772]
  [-0.323756, 0.046204, -0.499719, -0.448891, -0.48349]
  [-0.323786, 0.046459, -0.49972, -0.449148, -0.480328]
  [-0.323783, 0.046332, -0.499719, -0.448271, -0.480744]
  [-0.32379, 0.046401, -0.499719, -0.449259, -0.478883]
  [-0.323772, 0.046215, -0.499717, -0.448427, -0.484064]
  [-0.323787, 0.046278, -0.499719, -0.448365, -0.487603]
  [-0.323774, 0.046425, -0.499718, -0.448943, -0.488398]
  [-0.32376, 0.046282, -0.499719, -0.448192, -0.479987]
  [-0.323779, 0.046246, -0.499716, -0.449128, -0.482279]
  [-0.323771, 0.046346, -0.49972, -0.448915, -0.488122]
  [-0.323772, 0.046338, -0.499717, -0.448676, -0.486401]
  [-0.323779, 0.046291, -0.499719, -0.44893, -0.48325]
  [-0.323778, 0.046403, -0.499719, -0.448902, -0.484612]
  [-0.323776, 0.046253, -0.499718, -0.44939, -0.475553]
  [-0.323756, 0.046287, -0.49972, -0.448473, -0.481889]
  [-0.323758, 0.046241, -0.499719, -0.449429, -0.485887]
  [-0.323746, 0.046392, -0.499718, -0.448274, -0.48393]
  [-0.323785, 0.046425, -0.499718, -0.448228, -0.481466]
  [-0.323782, 0.046361, -0.499717, -0.44811, -0.487108]
  [-0.323771, 0.04644, -0.49972, -0.449025, -0.47722]
  [-0.323758, 0.046372, -0.499716, -0.448794, -0.4772]
  [-0.323759, 0.046216, -0.499717, -0.448363, -0.483483]
  [-0.323761, 0.046224, -0.499716, -0.448079, -0.488909]
  [-0.323763, 0.046363, -0.499719, -0.44889, -0.478932]
  [-0.323785, 0.046411, -0.499719, -0.449233, -0.483903]
  [-0.323754, 0.046441, -0.499717, -0.449307, -0.483394]
  [-0.323795, 0.046396, -0.499716, -0.448652, -0.47751]
  [-0.323777, 0.046315, -0.499719, -0.449372, -0.488153]
  [-0.323752, 0.046284, -0.499717, -0.447933, -0.484204]
  [-0.323788, 0.046198, -0.499716, -0.449635, -0.486238]
  [-0.323792, 0.046468, -0.49972, -0.448463, -0.478682]
  [-0.32375, 0.046348, -0.499718, -0.448821, -0.48781]
  [-0.32376, 0.046268, -0.499717, -0.44882, -0.483974]
  [-0.323767, 0.046404, -0.499717, -0.449289, -0.476448]
  [-0.323762, 0.046484, -0.499718, -0.448592, -0.485692]
  [-0.323752, 0.046306, -0.499716, -0.448519, -0.48628]
  [-0.323785, 0.046277, -0.499716, -0.448191, -0.488637]
  [-0.323747, 0.046326, -0.499718, -0.448544, -0.483783]
  [-0.323772, 0.046476, -0.499717, -0.448602, -0.478072]
  [-0.32378, 0.046473, -0.499718, -0.448588, -0.488178]
  [-0.323762, 0.046226, -0.499716, -0.448086, -0.488909]
  [-0.323762, 0.046228, -0.499716, -0.448061, -0.488908]
  [-0.323762, 0.046225, -0.499716, -0.448062, -0.488982]
  [-0.323762, 0.046227, -0.499716, -0.448065, -0.488957]
  [-0.323761, 0.046228, -0.499716, -0.44808, -0.488984]
  [-0.323761, 0.046224, -0.499716, -0.44807, -0.488911]
  [-0.323761, 0.046223, -0.499716, -0.448091, -0.488999]
  [-0.323761, 0.046229, -0.499716, -0.448083, -0.489014]
  [-0.323761, 0.046223, -0.499716, -0.44806, -0.489001]
  [-0.323762, 0.046228, -0.499716, -0.448069, -0.488932]
  [-0.323761, 0.04623, -0.499716, -0.448083, -0.48901]
  [-0.323762, 0.046225, -0.499716, -0.448066, -0.48901]
  [-0.323761, 0.046224, -0.499716, -0.448071, -0.488957]
  [-0.323761, 0.046229, -0.499716, -0.448058, -0.489013]
  [-0.323762, 0.046223, -0.499716, -0.448064, -0.488928]
  [-0.323762, 0.046226, -0.499716, -0.44807, -0.488952]
  [-0.323761, 0.04623, -0.499716, -0.448068, -0.488993]
  [-0.323761, 0.046222, -0.499716, -0.448075, -0.488999]
  [-0.323761, 0.046224, -0.499716, -0.448057, -0.488952]
  [-0.323762, 0.046222, -0.499716, -0.448075, -0.48896]
  [-0.323761, 0.046226, -0.499716, -0.448058, -0.489006]
  [-0.323762, 0.046224, -0.499716, -0.448072, -0.488984]
  [-0.323762, 0.046228, -0.499716, -0.448079, -0.488954]
  [-0.323761, 0.046228, -0.499716, -0.448062, -0.488947]
  [-0.323761, 0.046227, -0.499716, -0.448077, -0.488938]
  [-0.323761, 0.046226, -0.499716, -0.448065, -0.488976]
  [-0.323762, 0.046223, -0.499716, -0.44809, -0.48897]
  [-0.323761, 0.046223, -0.499716, -0.44806, -0.488993]
  [-0.323761, 0.046224, -0.499716, -0.448072, -0.488959]
  [-0.323761, 0.046227, -0.499716, -0.448076, -0.488983]
  [-0.323762, 0.046226, -0.499716, -0.448091, -0.489001]
  [-0.323762, 0.046228, -0.499716, -0.448075, -0.488985]
  [-0.323762, 0.046228, -0.499716, -0.448087, -0.488944]
  [-0.323761, 0.046222, -0.499716, -0.448073, -0.488956]
  [-0.323762, 0.046227, -0.499716, -0.448089, -0.488938]
  [-0.323761, 0.046227, -0.499716, -0.448079, -0.489005]
  [-0.323761, 0.046225, -0.499716, -0.448084, -0.488954]
  [-0.323761, 0.046224, -0.499716, -0.448062, -0.488918]
  [-0.323762, 0.046224, -0.499716, -0.448058, -0.488956]
  [-0.323762, 0.046224, -0.499716, -0.448074, -0.488987]
  [-0.323762, 0.046229, -0.499716, -0.448071, -0.488994]
  [-0.323762, 0.046228, -0.499716, -0.448069, -0.488935]
  [-0.323762, 0.046222, -0.499716, -0.448058, -0.488987]
  [-0.323762, 0.046222, -0.499716, -0.448077, -0.488972]
  [-0.323761, 0.046227, -0.499716, -0.448077, -0.488954]
  [-0.323761, 0.046225, -0.499716, -0.448069, -0.488928]
  [-0.323761, 0.046226, -0.499716, -0.448067, -0.488914]
  [-0.323761, 0.046225, -0.499716, -0.448081, -0.48896]
  [-0.323761, 0.046227, -0.499716, -0.448079, -0.488937]
  [-0.323761, 0.046228, -0.499716, -0.448079, -0.488915]
  [-0.323762, 0.046226, -0.499716, -0.448088, -0.488974]
  [-0.323761, 0.046226, -0.499716, -0.448066, -0.489013]
  [-0.323761, 0.046222, -0.499716, -0.448072, -0.488912]
  [-0.323762, 0.046227, -0.499716, -0.448079, -0.488974]
  [-0.323761, 0.046222, -0.499716, -0.448071, -0.488991]
  [-0.323762, 0.046223, -0.499716, -0.448061, -0.488952]
  [-0.323762, 0.046224, -0.499716, -0.448072, -0.488978]
  [-0.323761, 0.046226, -0.499716, -0.448069, -0.48891]
  [-0.323761, 0.046223, -0.499716, -0.44807, -0.488982]
  [-0.323761, 0.046225, -0.499716, -0.44809, -0.488943]
  [-0.323762, 0.046226, -0.499716, -0.448082, -0.488963]
  [-0.323762, 0.046222, -0.499716, -0.448083, -0.488977]
  [-0.323762, 0.046229, -0.499716, -0.448081, -0.489008]
  [-0.323762, 0.046227, -0.499716, -0.448077, -0.488911]
  [-0.323761, 0.046228, -0.499716, -0.448086, -0.488908]
  [-0.323761, 0.046227, -0.499716, -0.448072, -0.488974]
  [-0.323761, 0.046228, -0.499716, -0.448067, -0.488916]
  [-0.323762, 0.04623, -0.499716, -0.448063, -0.48898]
  [-0.323761, 0.046224, -0.499716, -0.448061, -0.488937]
  [-0.323762, 0.046227, -0.499716, -0.448068, -0.488924]
  [-0.323762, 0.046223, -0.499716, -0.448074, -0.488995]
  [-0.323762, 0.046229, -0.499716, -0.448083, -0.488993]
  [-0.323762, 0.046228, -0.499716, -0.448086, -0.488938]
  [-0.323761, 0.046225, -0.499716, -0.448058, -0.488996]
  [-0.323762, 0.04623, -0.499716, -0.448078, -0.48892]
  [-0.323761, 0.046228, -0.499716, -0.448071, -0.488971]
  [-0.323762, 0.046223, -0.499716, -0.448073, -0.488954]
  [-0.323762, 0.046229, -0.499716, -0.448088, -0.488984]
  [-0.323762, 0.046223, -0.499716, -0.448072, -0.488978]
  [-0.323761, 0.046229, -0.499716, -0.448058, -0.488992]
  [-0.323761, 0.04623, -0.499716, -0.448069, -0.488981]
  [-0.323761, 0.046228, -0.499716, -0.448079, -0.48896]
  [-0.323761, 0.046229, -0.499716, -0.448069, -0.489015]
  [-0.323762, 0.046227, -0.499716, -0.448084, -0.488957]
  [-0.323762, 0.046229, -0.499716, -0.448076, -0.488921]
  [-0.323761, 0.046228, -0.499716, -0.448073, -0.488992]
  [-0.323761, 0.046229, -0.499716, -0.448065, -0.488943]
  [-0.323761, 0.046226, -0.499716, -0.44806, -0.488939]
  [-0.323762, 0.046226, -0.499716, -0.448064, -0.488961]
  [-0.323761, 0.046225, -0.499716, -0.44806, -0.489003]
  [-0.323761, 0.046222, -0.499716, -0.44806, -0.489011]
  [-0.323762, 0.046223, -0.499716, -0.448059, -0.488997]
  [-0.323762, 0.046228, -0.499716, -0.448086, -0.488935]
  [-0.323762, 0.046225, -0.499716, -0.448073, -0.488931]
  [-0.323762, 0.046223, -0.499716, -0.448075, -0.488972]
  [-0.323762, 0.046225, -0.499716, -0.448071, -0.488921]
  [-0.323762, 0.046227, -0.499716, -0.44806, -0.488913]
  [-0.323761, 0.046229, -0.499716, -0.448087, -0.488989]
  [-0.323761, 0.046226, -0.499716, -0.448061, -0.488957]
  [-0.323762, 0.046224, -0.499716, -0.448084, -0.488928]
  [-0.323762, 0.046227, -0.499716, -0.448084, -0.488954]
  [-0.323762, 0.046225, -0.499716, -0.448075, -0.488923]
  [-0.323762, 0.046223, -0.499716, -0.448063, -0.488944]
  [-0.323762, 0.046227, -0.499716, -0.448072, -0.488972]
  [-0.323762, 0.046227, -0.499716, -0.448069, -0.488936]
  [-0.323762, 0.046224, -0.499716, -0.448084, -0.488914]
  [-0.323762, 0.046226, -0.499716, -0.448092, -0.488947]
  [-0.323761, 0.046224, -0.499716, -0.448069, -0.488921]
  [-0.323761, 0.046224, -0.499716, -0.44806, -0.488968]
  [-0.323761, 0.046228, -0.499716, -0.448057, -0.48894]
  [-0.323762, 0.046223, -0.499716, -0.448068, -0.488996]
  [-0.323761, 0.046223, -0.499716, -0.448073, -0.488961]
  [-0.323761, 0.046228, -0.499716, -0.448078, -0.489006]
  [-0.323761, 0.04623, -0.499716, -0.448071, -0.488941]
  [-0.323761, 0.046222, -0.499716, -0.448058, -0.488989]
  [-0.323761, 0.046225, -0.499716, -0.448061, -0.488998]
  [-0.323761, 0.046223, -0.499716, -0.448085, -0.488977]
  [-0.323762, 0.046226, -0.499716, -0.448057, -0.488957]
  [-0.323762, 0.046224, -0.499716, -0.44808, -0.489008]
  [-0.323762, 0.046226, -0.499716, -0.448088, -0.488918]
  [-0.323761, 0.046227, -0.499716, -0.448074, -0.488993]
  [-0.323761, 0.046222, -0.499716, -0.44807, -0.488925]
  [-0.323762, 0.046223, -0.499716, -0.448081, -0.488931]
  [-0.323761, 0.046227, -0.499716, -0.448076, -0.488974]
  [-0.323762, 0.046228, -0.499716, -0.448058, -0.488917]
  [-0.323762, 0.046228, -0.499716, -0.448072, -0.488913]
  [-0.323762, 0.046222, -0.499716, -0.448091, -0.488976]
  [-0.323762, 0.046223, -0.499716, -0.448073, -0.488925]
  [-0.323761, 0.046228, -0.499716, -0.448069, -0.488925]
  [-0.323762, 0.046228, -0.499716, -0.44808, -0.488912]
  [-0.323762, 0.046227, -0.499716, -0.448067, -0.488947]
  [-0.323761, 0.046222, -0.499716, -0.44807, -0.489002]
  [-0.323761, 0.046225, -0.499716, -0.448058, -0.488951]
  [-0.323761, 0.046224, -0.499716, -0.448066, -0.489015]
  [-0.323762, 0.046228, -0.499716, -0.448066, -0.488994]
  [-0.323761, 0.046225, -0.499716, -0.448064, -0.488934]
  [-0.323761, 0.046226, -0.499716, -0.448067, -0.488997]
  [-0.323762, 0.046225, -0.499716, -0.448084, -0.488925]
  [-0.323761, 0.046224, -0.499716, -0.448084, -0.48899]
  [-0.323761, 0.046224, -0.499716, -0.448076, -0.488942]
  [-0.323761, 0.046224, -0.499716, -0.448072, -0.489012]
  [-0.323761, 0.046223, -0.499716, -0.448087, -0.489012]
  [-0.323762, 0.046226, -0.499716, -0.448068, -0.488957]
  [-0.323761, 0.046222, -0.499716, -0.44806, -0.488973]
  [-0.323762, 0.046227, -0.499716, -0.448062, -0.489007]
  [-0.323761, 0.046224, -0.499716, -0.448085, -0.489017]
  [-0.323761, 0.046223, -0.499716, -0.448085, -0.488988]
  [-0.323761, 0.04623, -0.499716, -0.448091, -0.488957]
  [-0.323761, 0.04623, -0.499716, -0.448066, -0.489016]
  [-0.323762, 0.046223, -0.499716, -0.448077, -0.488975]
  [-0.323761, 0.046224, -0.499716, -0.448086, -0.489017]
