Status: violated
Adversarial inputs found:
  [-0.322012, 0.046973, -0.499327, -0.44256, -0.293596]
  [-0.322378, 0.045349, -0.499571, -0.263356, -0.408395]
  [-0.324029, 0.047929, -0.499387, -0.290998, -0.236705]
  [-0.323185, 0.060332, -0.499221, -0.377604, -0.497767]
  [-0.324023, 0.032836, -0.499746, -0.337041, -0.316225]
  [-0.32295, 0.036531, -0.499268, -0.246006, -0.318595]
  [-0.324189, 0.063053, -0.499344, -0.263583, -0.261421]
  [-0.324097, 0.048105, -0.499482, -0.394134, -0.168717]
  [-0.322443, 0.032945, -0.499995, -0.277851, -0.331324]
  [-0.322144, 0.046155, -0.4998, -0.450336, -0.21346]
  [-0.322217, 0.056471, -0.499998, -0.239293, -0.251787]
  [-0.322792, 0.05427, -0.4993, -0.35448, -0.222913]
  [-0.32231, 0.037699, -0.49997, -0.458378, -0.171607]
  [-0.32423, 0.03264, -0.499826, -0.294695, -0.180205]
  [-0.323671, 0.043845, -0.499276, -0.431339, -0.324488]
  [-0.321867, 0.052635, -0.499579, -0.301086, -0.275406]
  [-0.32201, 0.055164, -0.499247, -0.445977, -0.472733]
  [-0.323091, 0.03622, -0.499537, -0.348367, -0.246905]
  [-0.321935, 0.056015, -0.499904, -0.22863, -0.262489]
  [-0.323169, 0.059244, -0.499852, -0.456224, -0.453452]
  [-0.324049, 0.043126, -0.499621, -0.27896, -0.355475]
  [-0.323036, 0.048106, -0.499364, -0.30704, -0.304048]
  [-0.322384, 0.038816, -0.499626, -0.325535, -0.183244]
  [-0.32357, 0.037477, -0.499598, -0.267036, -0.240983]
  [-0.32384, 0.048989, -0.499885, -0.247205, -0.264228]
  [-0.32217, 0.056533, -0.499299, -0.328716, -0.264753]
  [-0.324092, 0.049541, -0.49924, -0.408265, -0.456208]
  [-0.322467, 0.046649, -0.499226, -0.329856, -0.287585]
  [-0.323081, 0.03724, -0.4996, -0.30628, -0.30479]
  [-0.321891, 0.060253, -0.499812, -0.382824, -0.291345]
  [-0.322367, 0.061049, -0.499574, -0.422513, -0.265462]
  [-0.322125, 0.053719, -0.499465, -0.305972, -0.312538]
  [-0.324235, 0.043458, -0.499278, -0.344085, -0.436943]
  [-0.32237, 0.056811, -0.499701, -0.45594, -0.330893]
  [-0.323686, 0.048109, -0.499426, -0.343163, -0.283158]
  [-0.323822, 0.033219, -0.499527, -0.27837, -0.304341]
  [-0.323541, 0.040401, -0.499362, -0.263057, -0.480101]
  [-0.322768, 0.06151, -0.499869, -0.393447, -0.172613]
  [-0.321891, 0.037514, -0.499704, -0.335612, -0.467804]
  [-0.32304, 0.040593, -0.499267, -0.464594, -0.333738]
  [-0.322928, 0.051595, -0.499996, -0.391475, -0.422069]
  [-0.323798, 0.053377, -0.499877, -0.361494, -0.252873]
  [-0.323927, 0.057458, -0.499563, -0.260309, -0.246057]
  [-0.322613, 0.046974, -0.499248, -0.486415, -0.393826]
  [-0.321883, 0.0601, -0.499955, -0.428679, -0.494611]
  [-0.323952, 0.048057, -0.499544, -0.495594, -0.283573]
  [-0.323409, 0.044233, -0.499301, -0.275091, -0.497361]
  [-0.323258, 0.034652, -0.499972, -0.375519, -0.409501]
  [-0.323246, 0.049307, -0.499972, -0.338743, -0.321066]
  [-0.322319, 0.058546, -0.499751, -0.264257, -0.324248]
  [-0.323467, 0.051016, -0.499369, -0.455234, -0.472617]
  [-0.32409, 0.042893, -0.499956, -0.230966, -0.35427]
  [-0.324159, 0.036905, -0.499406, -0.422438, -0.444083]
  [-0.323431, 0.041063, -0.499848, -0.230581, -0.249046]
  [-0.323532, 0.050659, -0.499405, -0.297978, -0.364407]
  [-0.322231, 0.037752, -0.499337, -0.286342, -0.403239]
  [-0.322968, 0.061388, -0.499371, -0.45869, -0.232696]
  [-0.32366, 0.045333, -0.499856, -0.351869, -0.222201]
  [-0.322678, 0.048656, -0.499404, -0.409181, -0.402609]
  [-0.323321, 0.041772, -0.499242, -0.34133, -0.402137]
  [-0.321929, 0.054663, -0.49963, -0.462549, -0.173152]
  [-0.32393, 0.049802, -0.499683, -0.322668, -0.445233]
  [-0.324077, 0.03839, -0.499229, -0.433585, -0.381231]
  [-0.323714, 0.042128, -0.499941, -0.311449, -0.38526]
  [-0.323246, 0.054131, -0.499376, -0.251034, -0.366932]
  [-0.32322, 0.031942, -0.499238, -0.267932, -0.335626]
  [-0.324238, 0.037171, -0.499456, -0.29278, -0.471518]
  [-0.322516, 0.035316, -0.499469, -0.354548, -0.272678]
  [-0.322451, 0.041269, -0.49976, -0.359243, -0.416483]
  [-0.322088, 0.048182, -0.499264, -0.275352, -0.213544]
  [-0.323779, 0.054222, -0.499641, -0.229382, -0.191358]
  [-0.322727, 0.033727, -0.499892, -0.499737, -0.174099]
  [-0.323306, 0.053896, -0.499884, -0.356147, -0.180867]
  [-0.322104, 0.051012, -0.499832, -0.239203, -0.420143]
  [-0.322292, 0.037895, -0.499897, -0.356147, -0.254882]
  [-0.322846, 0.059584, -0.499791, -0.373464, -0.401495]
  [-0.322386, 0.038745, -0.499308, -0.326013, -0.381064]
  [-0.32264, 0.044837, -0.499215, -0.244949, -0.479122]
  [-0.323246, 0.059737, -0.499233, -0.39489, -0.273047]
  [-0.323525, 0.042186, -0.499231, -0.308452, -0.334144]
  [-0.322652, 0.055091, -0.499493, -0.45531, -0.244549]
  [-0.323137, 0.037938, -0.499745, -0.389192, -0.343192]
  [-0.32388, 0.059943, -0.499738, -0.2628, -0.416919]
  [-0.323584, 0.05197, -0.499603, -0.433171, -0.176281]
  [-0.323458, 0.039301, -0.499365, -0.369889, -0.259669]
  [-0.323417, 0.036381, -0.499902, -0.285594, -0.476381]
  [-0.322185, 0.039786, -0.499363, -0.360237, -0.462595]
  [-0.323666, 0.049374, -0.49983, -0.248104, -0.334954]
  [-0.323397, 0.052804, -0.499754, -0.287596, -0.29526]
  [-0.322804, 0.033996, -0.499404, -0.373659, -0.262563]
  [-0.32343, 0.038329, -0.499274, -0.286305, -0.213654]
  [-0.32306, 0.033592, -0.499434, -0.455948, -0.273632]
  [-0.323642, 0.053294, -0.49957, -0.445027, -0.227233]
  [-0.322318, 0.054159, -0.49991, -0.322481, -0.221368]
  [-0.322107, 0.0321, -0.49932, -0.473315, -0.250947]
  [-0.322633, 0.054742, -0.499947, -0.306916, -0.489916]
  [-0.323146, 0.032258, -0.499995, -0.314732, -0.238674]
  [-0.323512, 0.037149, -0.499235, -0.253055, -0.330256]
  [-0.324058, 0.040244, -0.499278, -0.239587, -0.202483]
  [-0.324054, 0.04909, -0.499776, -0.475686, -0.467925]
  [-0.323104, 0.037572, -0.499571, -0.342229, -0.259178]
  [-0.323589, 0.049925, -0.499318, -0.499521, -0.289546]
  [-0.323765, 0.062246, -0.499933, -0.258581, -0.411439]
  [-0.322058, 0.059822, -0.499442, -0.255333, -0.495727]
  [-0.323062, 0.046135, -0.499963, -0.280341, -0.173014]
  [-0.322391, 0.06318, -0.499619, -0.295464, -0.226687]
  [-0.323007, 0.05985, -0.499498, -0.311772, -0.295389]
  [-0.32402, 0.040153, -0.499393, -0.473236, -0.409516]
  [-0.323631, 0.045156, -0.499955, -0.417048, -0.290995]
  [-0.322257, 0.043841, -0.499511, -0.454667, -0.264759]
  [-0.32315, 0.045828, -0.499906, -0.417566, -0.44385]
  [-0.323942, 0.059346, -0.499716, -0.460984, -0.430947]
  [-0.32346, 0.048712, -0.499942, -0.347583, -0.191332]
  [-0.322536, 0.059402, -0.499669, -0.283096, -0.439716]
  [-0.32352, 0.047867, -0.499855, -0.416657, -0.324081]
  [-0.321978, 0.036814, -0.499318, -0.358008, -0.343556]
  [-0.32404, 0.050513, -0.499986, -0.438537, -0.434682]
  [-0.323022, 0.043958, -0.499743, -0.252211, -0.308815]
  [-0.323507, 0.054776, -0.499577, -0.389475, -0.289522]
  [-0.323318, 0.062064, -0.499354, -0.305857, -0.402464]
  [-0.323535, 0.033369, -0.499987, -0.320869, -0.431118]
  [-0.323942, 0.058548, -0.499726, -0.292684, -0.363382]
  [-0.322038, 0.048276, -0.499312, -0.31352, -0.470247]
  [-0.321914, 0.033498, -0.499922, -0.34797, -0.375422]
  [-0.323282, 0.038065, -0.499866, -0.273402, -0.341932]
  [-0.323403, 0.052334, -0.499406, -0.405363, -0.287328]
  [-0.323946, 0.050409, -0.499351, -0.358895, -0.462374]
  [-0.321863, 0.047915, -0.499217, -0.303611, -0.198704]
  [-0.323302, 0.057456, -0.499974, -0.495669, -0.428057]
  [-0.322107, 0.035572, -0.499572, -0.244616, -0.233388]
  [-0.323996, 0.050782, -0.499777, -0.427201, -0.194106]
  [-0.323455, 0.041434, -0.499897, -0.414052, -0.29448]
  [-0.322584, 0.052895, -0.499317, -0.45312, -0.30171]
  [-0.321834, 0.036828, -0.499296, -0.277221, -0.187713]
  [-0.322361, 0.042472, -0.499242, -0.362788, -0.339013]
  [-0.322689, 0.058713, -0.499338, -0.453442, -0.28152]
  [-0.322627, 0.05123, -0.499647, -0.275931, -0.358832]
  [-0.323368, 0.042883, -0.499563, -0.439168, -0.469533]
  [-0.323031, 0.063572, -0.499357, -0.276399, -0.468667]
  [-0.322329, 0.041203, -0.499294, -0.385681, -0.393299]
  [-0.324057, 0.050146, -0.499517, -0.335008, -0.282164]
  [-0.322782, 0.052022, -0.499793, -0.476327, -0.471153]
  [-0.322044, 0.062409, -0.499369, -0.289972, -0.470125]
  [-0.322985, 0.050017, -0.499426, -0.292575, -0.278544]
  [-0.322954, 0.053186, -0.499257, -0.387425, -0.187181]
  [-0.322968, 0.05054, -0.499403, -0.454862, -0.414779]
  [-0.323267, 0.061148, -0.499437, -0.474799, -0.457359]
  [-0.323183, 0.061147, -0.499512, -0.351607, -0.192227]
  [-0.323858, 0.054683, -0.499787, -0.2388, -0.274771]
  [-0.3228, 0.043055, -0.499217, -0.419307, -0.402927]
  [-0.323378, 0.042906, -0.499563, -0.438609, -0.470945]
  [-0.323376, 0.043036, -0.499565, -0.437591, -0.469742]
  [-0.32337, 0.042914, -0.499562, -0.438455, -0.469259]
  [-0.323366, 0.042741, -0.499565, -0.439158, -0.470958]
  [-0.32337, 0.04295, -0.499564, -0.437928, -0.470969]
  [-0.323372, 0.04289, -0.499563, -0.438201, -0.470628]
  [-0.323374, 0.042843, -0.499562, -0.438771, -0.471364]
  [-0.323379, 0.042893, -0.499563, -0.438021, -0.469128]
  [-0.323367, 0.042767, -0.499566, -0.437849, -0.469813]
  [-0.323367, 0.043107, -0.499565, -0.439919, -0.46914]
  [-0.323375, 0.043032, -0.499562, -0.439733, -0.470622]
  [-0.323376, 0.04291, -0.499557, -0.439899, -0.470471]
  [-0.323378, 0.042995, -0.499558, -0.438915, -0.469122]
  [-0.323377, 0.04288, -0.499562, -0.438482, -0.469992]
  [-0.323377, 0.042913, -0.499557, -0.438944, -0.469989]
  [-0.323379, 0.043074, -0.499565, -0.439781, -0.470748]
  [-0.323379, 0.043022, -0.499567, -0.43736, -0.470372]
  [-0.323366, 0.042824, -0.49956, -0.440204, -0.471121]
  [-0.323375, 0.042923, -0.49956, -0.439802, -0.470388]
  [-0.323367, 0.043017, -0.499562, -0.437384, -0.470105]
  [-0.323371, 0.042964, -0.499561, -0.438513, -0.470213]
  [-0.323374, 0.042938, -0.499561, -0.439643, -0.470422]
  [-0.323371, 0.042879, -0.49956, -0.439134, -0.469235]
  [-0.323375, 0.043068, -0.499566, -0.439938, -0.470254]
  [-0.323367, 0.042805, -0.499562, -0.439482, -0.469137]
  [-0.32338, 0.042954, -0.499562, -0.439118, -0.471095]
  [-0.323373, 0.042949, -0.499562, -0.439642, -0.470228]
  [-0.323378, 0.042955, -0.499562, -0.438903, -0.469426]
  [-0.323367, 0.042775, -0.499563, -0.439256, -0.471345]
  [-0.323376, 0.042825, -0.499562, -0.439734, -0.469323]
  [-0.32338, 0.043049, -0.499562, -0.439553, -0.470356]
  [-0.323371, 0.042937, -0.499562, -0.437911, -0.470344]
  [-0.32338, 0.042759, -0.499562, -0.438186, -0.469649]
  [-0.323367, 0.042706, -0.499562, -0.437987, -0.470253]
  [-0.323372, 0.043064, -0.499558, -0.437907, -0.469727]
  [-0.323367, 0.04271, -0.499561, -0.437899, -0.46922]
  [-0.323372, 0.042866, -0.499557, -0.440184, -0.470542]
  [-0.323367, 0.042826, -0.499562, -0.438411, -0.470323]
  [-0.323377, 0.042688, -0.499563, -0.438192, -0.470785]
  [-0.323373, 0.042906, -0.49956, -0.438283, -0.470682]
  [-0.323371, 0.042888, -0.499562, -0.439864, -0.47088]
  [-0.323366, 0.042754, -0.499561, -0.437826, -0.469135]
  [-0.323379, 0.042792, -0.499564, -0.43885, -0.469923]
  [-0.323375, 0.043025, -0.499567, -0.439338, -0.471015]
  [-0.323375, 0.042921, -0.499566, -0.439873, -0.469779]
  [-0.323367, 0.042984, -0.499559, -0.438854, -0.469682]
  [-0.323378, 0.043101, -0.49956, -0.438908, -0.47111]
  [-0.323376, 0.042946, -0.499557, -0.43822, -0.469147]
  [-0.323378, 0.042738, -0.499565, -0.439983, -0.469292]
  [-0.32337, 0.043093, -0.499562, -0.437749, -0.47029]
  [-0.32337, 0.043065, -0.499566, -0.439698, -0.471106]
  [-0.323376, 0.042732, -0.499564, -0.440331, -0.470894]
  [-0.32337, 0.042818, -0.499566, -0.438759, -0.470955]
  [-0.323377, 0.043028, -0.499566, -0.439939, -0.471279]
  [-0.323376, 0.042982, -0.499563, -0.438042, -0.469685]
  [-0.323373, 0.043073, -0.499559, -0.437658, -0.470502]
  [-0.323372, 0.042978, -0.49956, -0.439348, -0.469843]
  [-0.323374, 0.042884, -0.49956, -0.439712, -0.469569]
  [-0.323379, 0.042809, -0.499563, -0.437375, -0.46919]
  [-0.323369, 0.042925, -0.499561, -0.438031, -0.469466]
  [-0.323376, 0.04285, -0.499559, -0.439165, -0.470409]
  [-0.323368, 0.042833, -0.499559, -0.439543, -0.471073]
  [-0.323371, 0.042735, -0.499558, -0.437993, -0.470628]
  [-0.323366, 0.042942, -0.49956, -0.439079, -0.469633]
  [-0.323371, 0.043114, -0.499565, -0.438934, -0.469435]
  [-0.323375, 0.042752, -0.49956, -0.440196, -0.469309]
  [-0.323379, 0.043087, -0.499566, -0.438792, -0.469545]
  [-0.323369, 0.042698, -0.499559, -0.438946, -0.469585]
  [-0.323369, 0.042745, -0.499565, -0.438997, -0.469653]
  [-0.32338, 0.042774, -0.499565, -0.43861, -0.469531]
  [-0.323372, 0.042939, -0.499561, -0.437398, -0.469928]
  [-0.323374, 0.043025, -0.499563, -0.438208, -0.471358]
  [-0.323378, 0.042679, -0.499566, -0.439934, -0.470607]
  [-0.323379, 0.042914, -0.499559, -0.440481, -0.469844]
  [-0.323371, 0.043004, -0.499562, -0.439348, -0.469228]
  [-0.323375, 0.042816, -0.499557, -0.439544, -0.47075]
  [-0.323375, 0.042964, -0.499557, -0.438554, -0.469684]
  [-0.323377, 0.043034, -0.499559, -0.439458, -0.470057]
  [-0.323375, 0.043013, -0.499558, -0.439969, -0.471178]
  [-0.32338, 0.042834, -0.499563, -0.439981, -0.469302]
  [-0.323373, 0.042822, -0.499561, -0.439376, -0.471353]
  [-0.323371, 0.042843, -0.499561, -0.437492, -0.470039]
  [-0.323375, 0.042948, -0.499561, -0.438634, -0.470678]
  [-0.323374, 0.043097, -0.499561, -0.438328, -0.46985]
  [-0.323379, 0.042827, -0.499565, -0.440436, -0.471313]
  [-0.323379, 0.043112, -0.499567, -0.438723, -0.471034]
  [-0.323379, 0.043048, -0.499565, -0.438377, -0.470174]
  [-0.323375, 0.042899, -0.499563, -0.437472, -0.470131]
  [-0.323374, 0.042782, -0.499563, -0.43978, -0.470903]
  [-0.32338, 0.042703, -0.499566, -0.439606, -0.471215]
  [-0.323377, 0.042983, -0.499562, -0.440418, -0.469386]
  [-0.323371, 0.042855, -0.499565, -0.440097, -0.47045]
  [-0.323375, 0.0429, -0.499564, -0.437403, -0.47079]
  [-0.32338, 0.043099, -0.499564, -0.437442, -0.470107]
  [-0.32338, 0.04281, -0.499566, -0.43987, -0.469858]
  [-0.323372, 0.042695, -0.499561, -0.437656, -0.470447]
  [-0.323375, 0.042813, -0.499566, -0.439721, -0.469953]
  [-0.323378, 0.042871, -0.499567, -0.439035, -0.471123]
  [-0.323376, 0.043068, -0.499562, -0.440459, -0.470176]
  [-0.323375, 0.043095, -0.49956, -0.437746, -0.47104]
  [-0.323368, 0.043074, -0.499559, -0.43913, -0.469867]
  [-0.323366, 0.042878, -0.499566, -0.440468, -0.469984]
  [-0.323379, 0.042702, -0.499565, -0.437376, -0.470973]
  [-0.323376, 0.043051, -0.499558, -0.439958, -0.469851]
  [-0.323368, 0.043103, -0.499566, -0.439124, -0.469868]
  [-0.323369, 0.042968, -0.499562, -0.43933, -0.470474]
  [-0.323377, 0.042788, -0.499557, -0.43784, -0.469155]
  [-0.323377, 0.042903, -0.499563, -0.439408, -0.469735]
  [-0.323376, 0.0431, -0.499559, -0.439382, -0.470365]
  [-0.323379, 0.042684, -0.499562, -0.437379, -0.469321]
  [-0.323381, 0.043069, -0.49956, -0.440445, -0.470321]
  [-0.323376, 0.043013, -0.499561, -0.438373, -0.470708]
  [-0.323374, 0.042716, -0.499558, -0.439024, -0.470729]
  [-0.323377, 0.043104, -0.499559, -0.43746, -0.469801]
  [-0.323379, 0.043114, -0.499563, -0.43886, -0.47062]
  [-0.323372, 0.04276, -0.499559, -0.439279, -0.470214]
  [-0.323379, 0.042703, -0.499561, -0.437668, -0.469807]
  [-0.323378, 0.042868, -0.499558, -0.437591, -0.46977]
  [-0.323373, 0.042824, -0.499566, -0.43791, -0.471246]
  [-0.323376, 0.042717, -0.499562, -0.437644, -0.469248]
  [-0.323367, 0.043047, -0.49956, -0.438676, -0.470741]
  [-0.32337, 0.043058, -0.499562, -0.439676, -0.470129]
  [-0.323368, 0.042821, -0.499567, -0.43795, -0.470286]
  [-0.323376, 0.042781, -0.499563, -0.438622, -0.470668]
  [-0.323373, 0.04271, -0.499566, -0.437355, -0.469671]
  [-0.323379, 0.042881, -0.499563, -0.440137, -0.469138]
  [-0.323368, 0.043103, -0.499563, -0.438925, -0.470617]
  [-0.323376, 0.0427, -0.499561, -0.439501, -0.470515]
  [-0.323381, 0.042708, -0.499558, -0.438797, -0.47055]
  [-0.323369, 0.042733, -0.499565, -0.437515, -0.471255]
  [-0.323372, 0.043003, -0.499562, -0.437969, -0.47092]
  [-0.323379, 0.043049, -0.499562, -0.439844, -0.470193]
  [-0.323376, 0.042958, -0.499558, -0.438719, -0.471036]
  [-0.32338, 0.042942, -0.499564, -0.439429, -0.469808]
  [-0.323371, 0.042831, -0.499557, -0.438765, -0.470364]
  [-0.323378, 0.043007, -0.499558, -0.43947, -0.470316]
  [-0.323375, 0.043043, -0.499565, -0.437857, -0.469932]
  [-0.323367, 0.042785, -0.499561, -0.439153, -0.469841]
  [-0.323373, 0.042741, -0.499564, -0.439576, -0.470264]
  [-0.323368, 0.043111, -0.499557, -0.440403, -0.46933]
  [-0.32337, 0.043032, -0.499565, -0.440086, -0.469494]
  [-0.323369, 0.04302, -0.499559, -0.440326, -0.469536]
  [-0.323378, 0.042707, -0.499558, -0.437898, -0.471379]
  [-0.323369, 0.042989, -0.49956, -0.44038, -0.470098]
  [-0.323372, 0.042741, -0.499557, -0.440191, -0.469255]
  [-0.323374, 0.042979, -0.499567, -0.438752, -0.470268]
  [-0.323376, 0.042854, -0.499566, -0.438431, -0.470647]
  [-0.323375, 0.042957, -0.49956, -0.437516, -0.47103]
  [-0.323376, 0.043007, -0.499558, -0.439308, -0.46996]
  [-0.323369, 0.042885, -0.499557, -0.438288, -0.471027]
  [-0.323379, 0.042827, -0.499565, -0.440488, -0.471334]
  [-0.323379, 0.042828, -0.499565, -0.440461, -0.471365]
  [-0.323379, 0.042828, -0.499565, -0.440458, -0.471372]
  [-0.323379, 0.042827, -0.499565, -0.440433, -0.471346]
  [-0.323379, 0.042828, -0.499565, -0.44047, -0.471371]
  [-0.323379, 0.042827, -0.499565, -0.440494, -0.471343]
  [-0.323379, 0.042827, -0.499565, -0.440475, -0.471371]
  [-0.323379, 0.042828, -0.499565, -0.440462, -0.471371]
  [-0.323379, 0.042828, -0.499565, -0.440442, -0.471333]
  [-0.323379, 0.042827, -0.499565, -0.440497, -0.471338]
  [-0.323379, 0.042827, -0.499565, -0.440429, -0.47132]
  [-0.323379, 0.042827, -0.499565, -0.440467, -0.471332]
  [-0.323379, 0.042828, -0.499565, -0.440465, -0.471313]
  [-0.323379, 0.042827, -0.499565, -0.440464, -0.471335]
  [-0.323379, 0.042827, -0.499565, -0.440502, -0.471319]
  [-0.323379, 0.042828, -0.499565, -0.440473, -0.471314]
  [-0.323379, 0.042827, -0.499565, -0.440477, -0.471348]
  [-0.323379, 0.042828, -0.499565, -0.440435, -0.471312]
  [-0.323379, 0.042828, -0.499565, -0.440491, -0.471315]
  [-0.323379, 0.042827, -0.499565, -0.440459, -0.471349]
  [-0.323379, 0.042828, -0.499565, -0.440472, -0.471337]
  [-0.323379, 0.042827, -0.499565, -0.440454, -0.471355]
  [-0.323379, 0.042828, -0.499565, -0.440458, -0.471348]
  [-0.323379, 0.042827, -0.499565, -0.440496, -0.471335]
  [-0.323379, 0.042828, -0.499565, -0.440467, -0.471375]
  [-0.323379, 0.042828, -0.499565, -0.440488, -0.471357]
  [-0.323379, 0.042828, -0.499565, -0.440496, -0.471337]
  [-0.323379, 0.042827, -0.499565, -0.440491, -0.471318]
  [-0.323379, 0.042827, -0.499565, -0.440498, -0.471366]
  [-0.323379, 0.042828, -0.499565, -0.440497, -0.471335]
  [-0.323379, 0.042828, -0.499565, -0.440445, -0.471379]
  [-0.323379, 0.042828, -0.499565, -0.440474, -0.471355]
  [-0.323379, 0.042828, -0.499565, -0.440432, -0.471317]
  [-0.323379, 0.042827, -0.499565, -0.440499, -0.471376]
  [-0.323379, 0.042828, -0.499565, -0.440433, -0.471369]
  [-0.323379, 0.042828, -0.499565, -0.440474, -0.471321]
  [-0.323379, 0.042828, -0.499565, -0.440459, -0.471354]
  [-0.323379, 0.042828, -0.499565, -0.440471, -0.471326]
  [-0.323379, 0.042828, -0.499565, -0.440486, -0.471322]
  [-0.323379, 0.042827, -0.499565, -0.440459, -0.471315]
  [-0.323379, 0.042827, -0.499565, -0.440502, -0.471335]
  [-0.323379, 0.042828, -0.499565, -0.440444, -0.471327]
  [-0.323379, 0.042828, -0.499565, -0.440489, -0.471318]
  [-0.323379, 0.042828, -0.499565, -0.440486, -0.471367]
  [-0.323379, 0.042827, -0.499565, -0.440476, -0.471353]
  [-0.323379, 0.042827, -0.499565, -0.440469, -0.471317]
  [-0.323379, 0.042827, -0.499565, -0.440461, -0.471353]
  [-0.323379, 0.042828, -0.499565, -0.440502, -0.471335]
  [-0.323379, 0.042827, -0.499565, -0.440479, -0.471376]
  [-0.323379, 0.042828, -0.499565, -0.440478, -0.471342]
  [-0.323379, 0.042827, -0.499565, -0.440461, -0.471321]
  [-0.323379, 0.042828, -0.499565, -0.440496, -0.471348]
  [-0.323379, 0.042827, -0.499565, -0.440437, -0.471316]
  [-0.323379, 0.042827, -0.499565, -0.440476, -0.471335]
  [-0.323379, 0.042828, -0.499565, -0.44044, -0.471319]
  [-0.323379, 0.042827, -0.499565, -0.440504, -0.471343]
  [-0.323379, 0.042828, -0.499565, -0.440476, -0.471313]
  [-0.323379, 0.042828, -0.499565, -0.44044, -0.471326]
  [-0.323379, 0.042828, -0.499565, -0.440447, -0.471346]
  [-0.323379, 0.042828, -0.499565, -0.440499, -0.471366]
  [-0.323379, 0.042828, -0.499565, -0.440448, -0.471349]
  [-0.323379, 0.042827, -0.499565, -0.440472, -0.471353]
  [-0.323379, 0.042827, -0.499565, -0.440459, -0.471371]
  [-0.323379, 0.042827, -0.499565, -0.440479, -0.471345]
  [-0.323379, 0.042828, -0.499565, -0.440476, -0.471368]
  [-0.323379, 0.042827, -0.499565, -0.440443, -0.471377]
  [-0.323379, 0.042828, -0.499565, -0.440489, -0.47138]
  [-0.323379, 0.042828, -0.499565, -0.440463, -0.471365]
  [-0.323379, 0.042828, -0.499565, -0.440439, -0.471331]
  [-0.323379, 0.042828, -0.499565, -0.440435, -0.471343]
  [-0.323379, 0.042827, -0.499565, -0.440482, -0.471318]
  [-0.323379, 0.042828, -0.499565, -0.440443, -0.471322]
  [-0.323379, 0.042827, -0.499565, -0.440455, -0.47132]
  [-0.323379, 0.042828, -0.499565, -0.440472, -0.471357]
  [-0.323379, 0.042827, -0.499565, -0.440485, -0.471314]
  [-0.323379, 0.042827, -0.499565, -0.440496, -0.471322]
  [-0.323379, 0.042827, -0.499565, -0.440439, -0.471329]
  [-0.323379, 0.042827, -0.499565, -0.440461, -0.47132]
  [-0.323379, 0.042828, -0.499565, -0.4405, -0.471334]
  [-0.323379, 0.042828, -0.499565, -0.440464, -0.47136]
  [-0.323379, 0.042827, -0.499565, -0.440497, -0.471312]
  [-0.323379, 0.042827, -0.499565, -0.440484, -0.471343]
  [-0.323379, 0.042828, -0.499565, -0.440427, -0.471319]
  [-0.323379, 0.042827, -0.499565, -0.440432, -0.471366]
  [-0.323379, 0.042827, -0.499565, -0.440468, -0.471313]
  [-0.323379, 0.042828, -0.499565, -0.440448, -0.471313]
  [-0.323379, 0.042828, -0.499565, -0.440431, -0.471344]
  [-0.323379, 0.042828, -0.499565, -0.440456, -0.471371]
  [-0.323379, 0.042828, -0.499565, -0.440455, -0.471371]
  [-0.323379, 0.042828, -0.499565, -0.440444, -0.471332]
  [-0.323379, 0.042827, -0.499565, -0.440449, -0.471333]
  [-0.323379, 0.042827, -0.499565, -0.440485, -0.471359]
  [-0.323379, 0.042828, -0.499565, -0.4405, -0.471356]
  [-0.323379, 0.042827, -0.499565, -0.440461, -0.471339]
  [-0.323379, 0.042827, -0.499565, -0.440502, -0.471359]
  [-0.323379, 0.042828, -0.499565, -0.440482, -0.471345]
  [-0.323379, 0.042828, -0.499565, -0.440454, -0.471334]
  [-0.323379, 0.042827, -0.499565, -0.440426, -0.471348]
  [-0.323379, 0.042827, -0.499565, -0.440442, -0.471379]
  [-0.323379, 0.042828, -0.499565, -0.440494, -0.471319]
  [-0.323379, 0.042828, -0.499565, -0.440468, -0.47135]
  [-0.323379, 0.042828, -0.499565, -0.440456, -0.471381]
  [-0.323379, 0.042828, -0.499565, -0.440496, -0.471351]
  [-0.323379, 0.042827, -0.499565, -0.440466, -0.471322]
  [-0.323379, 0.042828, -0.499565, -0.440453, -0.471373]
  [-0.323379, 0.042828, -0.499565, -0.440445, -0.471314]
  [-0.323379, 0.042828, -0.499565, -0.440502, -0.471337]
  [-0.323379, 0.042828, -0.499565, -0.440436, -0.471328]
  [-0.323379, 0.042828, -0.499565, -0.440439, -0.471318]
  [-0.323379, 0.042828, -0.499565, -0.440459, -0.471312]
  [-0.323379, 0.042828, -0.499565, -0.44044, -0.471362]
  [-0.323379, 0.042827, -0.499565, -0.440487, -0.471337]
  [-0.323379, 0.042827, -0.499565, -0.440484, -0.471372]
  [-0.323379, 0.042827, -0.499565, -0.44044, -0.471342]
  [-0.323379, 0.042827, -0.499565, -0.440427, -0.471367]
  [-0.323379, 0.042828, -0.499565, -0.440494, -0.471329]
  [-0.323379, 0.042827, -0.499565, -0.440472, -0.471373]
  [-0.323379, 0.042828, -0.499565, -0.440463, -0.471312]
  [-0.323379, 0.042828, -0.499565, -0.440483, -0.471347]
  [-0.323379, 0.042828, -0.499565, -0.440463, -0.471378]
  [-0.323379, 0.042827, -0.499565, -0.440472, -0.471316]
  [-0.323379, 0.042828, -0.499565, -0.44049, -0.471354]
  [-0.323379, 0.042827, -0.499565, -0.440505, -0.471355]
  [-0.323379, 0.042828, -0.499565, -0.440449, -0.471332]
  [-0.323379, 0.042827, -0.499565, -0.440503, -0.471338]
  [-0.323379, 0.042827, -0.499565, -0.440431, -0.471379]
  [-0.323379, 0.042827, -0.499565, -0.440503, -0.471322]
  [-0.323379, 0.042828, -0.499565, -0.440431, -0.47132]
  [-0.323379, 0.042828, -0.499565, -0.440476, -0.471344]
  [-0.323379, 0.042828, -0.499565, -0.440506, -0.471372]
  [-0.323379, 0.042827, -0.499565, -0.440433, -0.471338]
  [-0.323379, 0.042828, -0.499565, -0.440434, -0.471343]
  [-0.323379, 0.042827, -0.499565, -0.440453, -0.471364]
  [-0.323379, 0.042827, -0.499565, -0.440427, -0.471319]
  [-0.323379, 0.042828, -0.499565, -0.440504, -0.471343]
  [-0.323379, 0.042827, -0.499565, -0.440438, -0.471373]
  [-0.323379, 0.042827, -0.499565, -0.440502, -0.471341]
  [-0.323379, 0.042827, -0.499565, -0.440475, -0.471344]
  [-0.323379, 0.042827, -0.499565, -0.440482, -0.471349]
  [-0.323379, 0.042828, -0.499565, -0.4405, -0.471355]
  [-0.323379, 0.042827, -0.499565, -0.440457, -0.471378]
  [-0.323379, 0.042827, -0.499565, -0.440492, -0.471351]
  [-0.323379, 0.042827, -0.499565, -0.440474, -0.471374]
  [-0.323379, 0.042828, -0.499565, -0.440469, -0.471361]
  [-0.323379, 0.042828, -0.499565, -0.440436, -0.471366]
  [-0.323379, 0.042828, -0.499565, -0.440476, -0.471328]
  [-0.323379, 0.042828, -0.499565, -0.440465, -0.471318]
  [-0.323379, 0.042828, -0.499565, -0.44046, -0.471333]
  [-0.323379, 0.042828, -0.499565, -0.440498, -0.47134]
  [-0.323379, 0.042827, -0.499565, -0.440467, -0.471313]
  [-0.323379, 0.042827, -0.499565, -0.440499, -0.471379]
  [-0.323379, 0.042827, -0.499565, -0.440499, -0.471377]
  [-0.323379, 0.042827, -0.499565, -0.440499, -0.471378]
  [-0.323379, 0.042827, -0.499565, -0.440499, -0.47138]
  [-0.323379, 0.042827, -0.499565, -0.440499, -0.471381]
  [-0.32345, 0.044761, -0.499285, -0.230187, -0.241401]
  [-0.323235, 0.049729, -0.499227, -0.498221, -0.237359]
  [-0.322457, 0.046454, -0.499816, -0.455678, -0.454843]
  [-0.32338, 0.049517, -0.499377, -0.431322, -0.29842]
  [-0.3241, 0.057936, -0.499273, -0.47831, -0.182648]
  [-0.324064, 0.049113, -0.49924, -0.49648, -0.258271]
  [-0.322158, 0.036697, -0.499235, -0.473439, -0.496698]
  [-0.322048, 0.06325, -0.499615, -0.385766, -0.27573]
  [-0.324035, 0.063196, -0.499348, -0.454266, -0.398831]
  [-0.324149, 0.033345, -0.499288, -0.354163, -0.26858]
  [-0.323805, 0.060986, -0.499437, -0.408007, -0.324575]
  [-0.323759, 0.054846, -0.49938, -0.412357, -0.225739]
  [-0.324253, 0.056675, -0.499443, -0.458216, -0.309746]
  [-0.323697, 0.048615, -0.4994, -0.33302, -0.18265]
  [-0.323976, 0.036913, -0.499601, -0.312505, -0.369922]
  [-0.323381, 0.049936, -0.499604, -0.322892, -0.45054]
  [-0.322584, 0.03265, -0.499982, -0.280342, -0.449127]
  [-0.324273, 0.038022, -0.499559, -0.433276, -0.331389]
  [-0.323789, 0.05024, -0.499222, -0.316313, -0.475396]
  [-0.322006, 0.036096, -0.499757, -0.422499, -0.494821]
  [-0.322632, 0.060256, -0.499966, -0.48805, -0.424812]
  [-0.323906, 0.054949, -0.499965, -0.455811, -0.465569]
  [-0.321983, 0.054907, -0.49966, -0.287873, -0.453783]
  [-0.323501, 0.051019, -0.499651, -0.286715, -0.213574]
  [-0.323909, 0.036838, -0.49975, -0.241634, -0.238745]
  [-0.322181, 0.062564, -0.499809, -0.487949, -0.16745]
  [-0.323426, 0.052979, -0.499806, -0.384314, -0.290817]
  [-0.323455, 0.042984, -0.499551, -0.424067, -0.280236]
  [-0.321912, 0.061259, -0.499771, -0.242015, -0.274109]
  [-0.323801, 0.060257, -0.499235, -0.336262, -0.221229]
  [-0.323625, 0.053744, -0.49927, -0.411316, -0.184992]
  [-0.322274, 0.032125, -0.499989, -0.279226, -0.239507]
  [-0.322773, 0.038684, -0.49996, -0.338106, -0.424663]
  [-0.323075, 0.040738, -0.499742, -0.407049, -0.373985]
  [-0.322018, 0.058531, -0.499542, -0.409062, -0.406079]
  [-0.32422, 0.048695, -0.499571, -0.287225, -0.298164]
  [-0.323164, 0.033951, -0.499492, -0.435671, -0.166841]
  [-0.323754, 0.044467, -0.499907, -0.448785, -0.241965]
  [-0.323287, 0.03987, -0.499401, -0.477249, -0.496631]
  [-0.32388, 0.033324, -0.499428, -0.471293, -0.328379]
  [-0.322974, 0.061753, -0.499538, -0.357241, -0.29192]
  [-0.322531, 0.037473, -0.49963, -0.273641, -0.451899]
  [-0.323898, 0.056231, -0.499304, -0.429599, -0.416139]
  [-0.322832, 0.042276, -0.499756, -0.359924, -0.345364]
  [-0.322426, 0.050993, -0.49959, -0.37744, -0.418686]
  [-0.324019, 0.058743, -0.499763, -0.32114, -0.174872]
  [-0.324058, 0.061725, -0.499266, -0.402617, -0.453215]
  [-0.323737, 0.04484, -0.499482, -0.347873, -0.345517]
  [-0.324003, 0.054101, -0.499673, -0.248238, -0.468517]
  [-0.323369, 0.062471, -0.499849, -0.330548, -0.418611]
  [-0.324179, 0.058398, -0.499309, -0.310392, -0.418062]
  [-0.323572, 0.049402, -0.499837, -0.24205, -0.350545]
  [-0.321827, 0.060822, -0.499704, -0.423124, -0.358679]
  [-0.322735, 0.05067, -0.499582, -0.25917, -0.356345]
  [-0.322893, 0.053936, -0.499619, -0.381524, -0.398554]
  [-0.322668, 0.039023, -0.499896, -0.274097, -0.452647]
  [-0.322458, 0.05327, -0.499339, -0.432433, -0.186946]
  [-0.323103, 0.062638, -0.499461, -0.242397, -0.191293]
  [-0.322858, 0.048133, -0.499635, -0.366844, -0.209259]
  [-0.322801, 0.047615, -0.499827, -0.2372, -0.173024]
  [-0.322881, 0.032528, -0.499702, -0.473031, -0.313142]
  [-0.322508, 0.060386, -0.49982, -0.360995, -0.251892]
  [-0.32401, 0.052968, -0.499858, -0.341122, -0.462742]
  [-0.323099, 0.041934, -0.49936, -0.425025, -0.179114]
  [-0.322028, 0.035302, -0.499566, -0.301486, -0.30405]
  [-0.321899, 0.062327, -0.499737, -0.42583, -0.41035]
  [-0.32294, 0.043368, -0.499943, -0.491718, -0.465437]
  [-0.322706, 0.053039, -0.499504, -0.418336, -0.378847]
  [-0.323996, 0.038853, -0.49967, -0.437688, -0.33767]
  [-0.322878, 0.045242, -0.499552, -0.376677, -0.168975]
  [-0.322834, 0.051987, -0.499379, -0.331518, -0.290085]
  [-0.323319, 0.037157, -0.499979, -0.276146, -0.201073]
  [-0.323802, 0.045032, -0.49923, -0.445165, -0.18772]
  [-0.322552, 0.034021, -0.499986, -0.43856, -0.217354]
  [-0.324108, 0.043084, -0.499685, -0.266426, -0.396069]
  [-0.32339, 0.057332, -0.499726, -0.439092, -0.239316]
  [-0.32185, 0.047869, -0.499822, -0.487093, -0.453908]
  [-0.323576, 0.038601, -0.499864, -0.457564, -0.320338]
  [-0.32184, 0.048711, -0.499642, -0.336752, -0.338614]
  [-0.323067, 0.046847, -0.499414, -0.314412, -0.172422]
  [-0.321794, 0.054881, -0.499992, -0.368669, -0.403039]
  [-0.321803, 0.033186, -0.4995, -0.297152, -0.477505]
  [-0.322403, 0.050511, -0.499484, -0.482595, -0.280498]
  [-0.323104, 0.047542, -0.499966, -0.29755, -0.427623]
  [-0.322671, 0.042282, -0.499465, -0.31506, -0.473317]
  [-0.32376, 0.032988, -0.499769, -0.427061, -0.316067]
  [-0.322027, 0.041421, -0.499283, -0.258433, -0.222461]
  [-0.321838, 0.035438, -0.499444, -0.385965, -0.34743]
  [-0.322856, 0.043846, -0.499852, -0.432907, -0.452721]
  [-0.323559, 0.033023, -0.499793, -0.244347, -0.180128]
  [-0.324074, 0.03943, -0.499431, -0.407007, -0.200985]
  [-0.323098, 0.048908, -0.49938, -0.3619, -0.167419]
  [-0.322159, 0.0439, -0.499283, -0.355172, -0.174189]
  [-0.323166, 0.045417, -0.499876, -0.390219, -0.342421]
  [-0.32364, 0.037267, -0.499404, -0.386858, -0.320362]
  [-0.323816, 0.053776, -0.499875, -0.42579, -0.451136]
  [-0.324075, 0.039897, -0.499925, -0.377588, -0.270418]
  [-0.323502, 0.040807, -0.499236, -0.333236, -0.329394]
  [-0.323687, 0.058078, -0.499358, -0.426744, -0.354083]
  [-0.322221, 0.050537, -0.499726, -0.412364, -0.193946]
  [-0.322926, 0.04479, -0.499559, -0.230937, -0.41899]
  [-0.323284, 0.049138, -0.499789, -0.450711, -0.490199]
  [-0.323096, 0.058274, -0.499988, -0.233009, -0.386882]
  [-0.324161, 0.063393, -0.49943, -0.3074, -0.328371]
  [-0.323941, 0.043931, -0.499955, -0.447861, -0.471471]
  [-0.323503, 0.040661, -0.499767, -0.438463, -0.347416]
  [-0.323862, 0.037586, -0.49942, -0.356809, -0.370208]
  [-0.323784, 0.036981, -0.499981, -0.301333, -0.3432]
  [-0.323016, 0.054015, -0.499609, -0.357525, -0.337006]
  [-0.323905, 0.043614, -0.499575, -0.435079, -0.359208]
  [-0.322538, 0.042714, -0.499219, -0.328135, -0.236407]
  [-0.323254, 0.032061, -0.499815, -0.2994, -0.219061]
  [-0.323606, 0.062631, -0.499558, -0.394443, -0.182282]
  [-0.323879, 0.045941, -0.499333, -0.30094, -0.459741]
  [-0.323399, 0.04486, -0.499379, -0.487871, -0.328354]
  [-0.323327, 0.05842, -0.499728, -0.484609, -0.215094]
  [-0.32197, 0.037449, -0.499788, -0.362226, -0.319086]
  [-0.323904, 0.045569, -0.499935, -0.489478, -0.460202]
  [-0.322564, 0.061296, -0.499621, -0.267161, -0.469088]
  [-0.32282, 0.040877, -0.499775, -0.275865, -0.2421]
  [-0.322524, 0.04644, -0.499529, -0.491872, -0.417078]
  [-0.322444, 0.036098, -0.499221, -0.3729, -0.458604]
  [-0.322992, 0.03749, -0.499984, -0.258395, -0.294228]
  [-0.323295, 0.051453, -0.49966, -0.448053, -0.244279]
  [-0.322971, 0.040509, -0.499942, -0.438716, -0.437844]
  [-0.321869, 0.050014, -0.499848, -0.405863, -0.243521]
  [-0.322699, 0.043392, -0.499287, -0.477086, -0.475998]
  [-0.323003, 0.050077, -0.499839, -0.462767, -0.351174]
  [-0.322823, 0.055592, -0.499246, -0.28669, -0.179512]
  [-0.323988, 0.052836, -0.499548, -0.287148, -0.497007]
  [-0.322049, 0.053023, -0.499212, -0.38759, -0.261755]
  [-0.322304, 0.059048, -0.499818, -0.406373, -0.263907]
  [-0.32409, 0.05264, -0.499681, -0.402216, -0.37218]
  [-0.322943, 0.043354, -0.499278, -0.490686, -0.330086]
  [-0.32346, 0.037862, -0.499784, -0.271808, -0.42281]
  [-0.323296, 0.050772, -0.499435, -0.434869, -0.213994]
  [-0.32272, 0.054167, -0.499456, -0.270403, -0.202906]
  [-0.322978, 0.040631, -0.499423, -0.458929, -0.400093]
  [-0.323279, 0.036387, -0.499732, -0.464994, -0.333103]
  [-0.322637, 0.062223, -0.499378, -0.348243, -0.171557]
  [-0.323419, 0.053146, -0.499656, -0.317739, -0.244488]
  [-0.323087, 0.060608, -0.499697, -0.479521, -0.403631]
  [-0.322116, 0.037175, -0.499641, -0.347746, -0.276786]
  [-0.323225, 0.060948, -0.49966, -0.310836, -0.337344]
  [-0.322106, 0.050304, -0.499365, -0.300415, -0.398818]
  [-0.323027, 0.044327, -0.499636, -0.255926, -0.438612]
  [-0.323301, 0.055336, -0.499737, -0.256589, -0.241145]
  [-0.322415, 0.055604, -0.499676, -0.343353, -0.327795]
  [-0.323473, 0.045141, -0.499367, -0.430754, -0.208703]
  [-0.323086, 0.0332, -0.499287, -0.470512, -0.399873]
  [-0.322127, 0.036596, -0.49923, -0.475004, -0.496167]
  [-0.322153, 0.036612, -0.499236, -0.475921, -0.496853]
  [-0.322136, 0.036811, -0.499236, -0.474617, -0.491904]
  [-0.322118, 0.036849, -0.499233, -0.473473, -0.499718]
  [-0.322133, 0.036704, -0.499233, -0.474288, -0.497939]
  [-0.322143, 0.036659, -0.499234, -0.474706, -0.492403]
  [-0.322128, 0.03656, -0.499229, -0.47509, -0.497643]
  [-0.32214, 0.036547, -0.499234, -0.47464, -0.49399]
  [-0.322157, 0.036682, -0.499234, -0.47388, -0.494519]
  [-0.322139, 0.036622, -0.499234, -0.476544, -0.492417]
  [-0.322149, 0.036764, -0.499231, -0.475671, -0.494885]
  [-0.322116, 0.036548, -0.499235, -0.474294, -0.495124]
  [-0.322146, 0.036583, -0.499231, -0.476162, -0.499896]
  [-0.322134, 0.036616, -0.499236, -0.47451, -0.491203]
  [-0.322149, 0.036723, -0.499231, -0.47372, -0.499694]
  [-0.322136, 0.03673, -0.499233, -0.476442, -0.499526]
  [-0.322122, 0.036683, -0.499228, -0.474478, -0.494071]
  [-0.322124, 0.036583, -0.499231, -0.475025, -0.498915]
  [-0.322131, 0.036631, -0.499231, -0.476569, -0.490672]
  [-0.322115, 0.036634, -0.499229, -0.476706, -0.498592]
  [-0.322124, 0.03663, -0.499236, -0.47622, -0.4917]
  [-0.322125, 0.036839, -0.499233, -0.476495, -0.49916]
  [-0.322146, 0.036854, -0.499233, -0.474701, -0.497456]
  [-0.322114, 0.036666, -0.499236, -0.476437, -0.498546]
  [-0.322112, 0.036569, -0.499235, -0.473939, -0.491916]
  [-0.322151, 0.036651, -0.499232, -0.476111, -0.497207]
  [-0.322156, 0.036713, -0.499232, -0.476529, -0.493927]
  [-0.322124, 0.03669, -0.499236, -0.475591, -0.4979]
  [-0.322141, 0.03673, -0.499233, -0.473814, -0.492445]
  [-0.322152, 0.036631, -0.499233, -0.474761, -0.497834]
  [-0.322145, 0.036776, -0.499234, -0.475187, -0.495654]
  [-0.322139, 0.036829, -0.499235, -0.476772, -0.493851]
  [-0.322115, 0.036745, -0.499234, -0.474637, -0.499275]
  [-0.322144, 0.036618, -0.499236, -0.475374, -0.499321]
  [-0.322115, 0.03673, -0.499231, -0.474609, -0.498596]
  [-0.322114, 0.036688, -0.49923, -0.474465, -0.495438]
  [-0.322121, 0.036807, -0.499228, -0.476053, -0.492311]
  [-0.322159, 0.036697, -0.499232, -0.476073, -0.495714]
  [-0.322117, 0.036687, -0.499231, -0.475164, -0.499176]
  [-0.322137, 0.036819, -0.499234, -0.47597, -0.497719]
  [-0.322119, 0.036688, -0.49923, -0.475443, -0.498945]
  [-0.322133, 0.036819, -0.499235, -0.47472, -0.494694]
  [-0.322133, 0.036564, -0.499234, -0.47446, -0.495613]
  [-0.322123, 0.036686, -0.49923, -0.474466, -0.493402]
  [-0.322146, 0.036603, -0.499234, -0.473384, -0.490928]
  [-0.32212, 0.036565, -0.499228, -0.474542, -0.493175]
  [-0.322115, 0.036774, -0.499235, -0.473421, -0.494064]
  [-0.322145, 0.036684, -0.499231, -0.475986, -0.490611]
  [-0.322127, 0.036892, -0.499231, -0.473788, -0.496448]
  [-0.322141, 0.036786, -0.499229, -0.475894, -0.491951]
  [-0.32214, 0.036765, -0.49923, -0.474033, -0.492837]
  [-0.322109, 0.036745, -0.499235, -0.475283, -0.497268]
  [-0.32211, 0.03675, -0.499234, -0.473771, -0.498437]
  [-0.322157, 0.036756, -0.49923, -0.474585, -0.497687]
  [-0.322154, 0.03678, -0.499228, -0.473884, -0.491276]
  [-0.322124, 0.036632, -0.499232, -0.474501, -0.493259]
  [-0.322144, 0.036693, -0.49923, -0.474038, -0.499173]
  [-0.322143, 0.036581, -0.499233, -0.475827, -0.494021]
  [-0.322129, 0.036863, -0.49923, -0.475245, -0.49957]
  [-0.322141, 0.036564, -0.499232, -0.476622, -0.495242]
  [-0.32215, 0.036892, -0.499233, -0.473934, -0.491276]
  [-0.322158, 0.036796, -0.499231, -0.473762, -0.497748]
  [-0.322116, 0.036593, -0.499233, -0.473408, -0.499361]
  [-0.322154, 0.036601, -0.499228, -0.476501, -0.497962]
  [-0.322111, 0.036757, -0.499229, -0.475052, -0.499684]
  [-0.322157, 0.036728, -0.499228, -0.475696, -0.494919]
  [-0.32215, 0.036889, -0.499232, -0.475732, -0.494217]
  [-0.322128, 0.036563, -0.499228, -0.474846, -0.492731]
  [-0.322135, 0.036786, -0.49923, -0.475735, -0.49605]
  [-0.322128, 0.036664, -0.499232, -0.474209, -0.499525]
  [-0.322112, 0.036706, -0.499235, -0.47516, -0.49977]
  [-0.322129, 0.036582, -0.499236, -0.475777, -0.491727]
  [-0.322112, 0.03678, -0.499231, -0.475578, -0.497222]
  [-0.322113, 0.03659, -0.499234, -0.475683, -0.49688]
  [-0.322145, 0.036798, -0.499235, -0.47609, -0.494177]
  [-0.322117, 0.036848, -0.499234, -0.474802, -0.498098]
  [-0.322134, 0.036676, -0.499236, -0.474073, -0.49249]
  [-0.322112, 0.036634, -0.499231, -0.473536, -0.496036]
  [-0.322136, 0.036712, -0.499232, -0.476826, -0.495187]
  [-0.322158, 0.036812, -0.499232, -0.475303, -0.498175]
  [-0.32213, 0.036863, -0.499229, -0.473686, -0.495531]
  [-0.32214, 0.036837, -0.49923, -0.474509, -0.493783]
  [-0.322123, 0.036589, -0.499233, -0.474488, -0.493174]
  [-0.322138, 0.036761, -0.499234, -0.473417, -0.496583]
  [-0.322127, 0.036703, -0.499233, -0.47566, -0.491725]
  [-0.322131, 0.036841, -0.499234, -0.474065, -0.493151]
  [-0.322157, 0.036657, -0.499233, -0.474305, -0.490708]
  [-0.322119, 0.036555, -0.499229, -0.474351, -0.492641]
  [-0.32211, 0.036797, -0.499235, -0.47441, -0.492806]
  [-0.322151, 0.036845, -0.499231, -0.475392, -0.497076]
  [-0.322122, 0.036627, -0.499235, -0.476752, -0.491123]
  [-0.322121, 0.036878, -0.499232, -0.474023, -0.495735]
  [-0.322157, 0.036747, -0.499233, -0.476162, -0.493881]
  [-0.322126, 0.036792, -0.499228, -0.476316, -0.496634]
  [-0.322153, 0.036738, -0.499228, -0.474725, -0.496797]
  [-0.322152, 0.036564, -0.49923, -0.474499, -0.49214]
  [-0.322132, 0.036567, -0.499233, -0.474608, -0.492896]
  [-0.322138, 0.03686, -0.499233, -0.474465, -0.498223]
  [-0.322116, 0.036635, -0.499231, -0.476289, -0.49106]
  [-0.322119, 0.036699, -0.499236, -0.4734, -0.499667]
  [-0.322137, 0.036838, -0.499236, -0.476327, -0.498371]
  [-0.322155, 0.036771, -0.499235, -0.474937, -0.491154]
  [-0.322135, 0.03681, -0.499235, -0.475421, -0.497453]
  [-0.322136, 0.036622, -0.499232, -0.475524, -0.498737]
  [-0.322152, 0.036771, -0.49923, -0.476048, -0.497896]
  [-0.322147, 0.036832, -0.499231, -0.474533, -0.490916]
  [-0.322158, 0.036599, -0.499236, -0.476598, -0.496839]
  [-0.322146, 0.036548, -0.499234, -0.473407, -0.49112]
  [-0.322135, 0.036725, -0.499233, -0.474687, -0.498341]
  [-0.322154, 0.036607, -0.499231, -0.474163, -0.495199]
  [-0.32213, 0.036726, -0.49923, -0.474062, -0.49646]
  [-0.322135, 0.036633, -0.499232, -0.475466, -0.498317]
  [-0.322128, 0.036662, -0.499231, -0.47408, -0.492836]
  [-0.322154, 0.03663, -0.499233, -0.476108, -0.492223]
  [-0.322114, 0.036689, -0.499235, -0.474773, -0.498461]
  [-0.322147, 0.036885, -0.499235, -0.474642, -0.491197]
  [-0.322126, 0.036869, -0.499229, -0.473806, -0.492921]
  [-0.322152, 0.036792, -0.499232, -0.476508, -0.492142]
  [-0.322118, 0.036719, -0.499234, -0.474771, -0.496581]
  [-0.322145, 0.03675, -0.499236, -0.474385, -0.494016]
  [-0.322111, 0.036745, -0.499229, -0.474629, -0.495343]
  [-0.322136, 0.036812, -0.49923, -0.474299, -0.496427]
  [-0.322121, 0.036693, -0.49923, -0.47532, -0.497448]
  [-0.322144, 0.036884, -0.499234, -0.476651, -0.493473]
  [-0.322137, 0.036644, -0.499235, -0.476394, -0.499821]
  [-0.32211, 0.036557, -0.499235, -0.476623, -0.491595]
  [-0.322143, 0.036795, -0.499232, -0.475805, -0.493286]
  [-0.322115, 0.03672, -0.499232, -0.476212, -0.491233]
  [-0.322133, 0.036741, -0.499231, -0.476174, -0.494172]
  [-0.322109, 0.036541, -0.499231, -0.47345, -0.496008]
  [-0.322138, 0.036686, -0.499236, -0.474783, -0.495821]
  [-0.322115, 0.036796, -0.499233, -0.476463, -0.499671]
  [-0.322146, 0.036815, -0.499228, -0.474576, -0.49551]
  [-0.322115, 0.036773, -0.49923, -0.474489, -0.499387]
  [-0.322143, 0.036825, -0.499233, -0.47516, -0.497516]
  [-0.322153, 0.03687, -0.49923, -0.47372, -0.491312]
  [-0.322123, 0.036784, -0.499236, -0.474395, -0.499183]
  [-0.322156, 0.036579, -0.49923, -0.476824, -0.493434]
  [-0.322125, 0.036842, -0.499231, -0.476189, -0.495993]
  [-0.322138, 0.036803, -0.499233, -0.475345, -0.494511]
  [-0.322117, 0.036896, -0.499228, -0.475692, -0.496797]
  [-0.32215, 0.036747, -0.499232, -0.474272, -0.496978]
  [-0.32215, 0.036578, -0.499234, -0.475256, -0.496511]
  [-0.322132, 0.036814, -0.499232, -0.475495, -0.493857]
  [-0.322117, 0.036681, -0.499236, -0.474495, -0.497743]
  [-0.322157, 0.036708, -0.499234, -0.474848, -0.497334]
  [-0.322115, 0.036569, -0.499235, -0.476824, -0.492103]
  [-0.322145, 0.036619, -0.499236, -0.47494, -0.494649]
  [-0.322156, 0.036809, -0.49923, -0.475227, -0.494995]
  [-0.322156, 0.036764, -0.499228, -0.475871, -0.496682]
  [-0.322148, 0.036586, -0.499231, -0.476162, -0.499906]
  [-0.322148, 0.036586, -0.499231, -0.476159, -0.49997]
  [-0.322147, 0.036588, -0.499231, -0.476164, -0.499894]
  [-0.322148, 0.036584, -0.499231, -0.476162, -0.499929]
  [-0.322146, 0.036584, -0.499231, -0.476157, -0.49988]
  [-0.322146, 0.036588, -0.499231, -0.47616, -0.499874]
  [-0.322147, 0.036588, -0.499231, -0.476156, -0.499973]
  [-0.322146, 0.036582, -0.499231, -0.476155, -0.499918]
  [-0.322147, 0.036584, -0.499231, -0.476154, -0.499895]
  [-0.322148, 0.036583, -0.499231, -0.476154, -0.499981]
  [-0.322146, 0.036589, -0.499231, -0.476161, -0.499976]
  [-0.322148, 0.036583, -0.499231, -0.476157, -0.499924]
  [-0.322147, 0.036582, -0.499231, -0.476161, -0.499917]
  [-0.322146, 0.036583, -0.499231, -0.476156, -0.499929]
  [-0.322148, 0.036587, -0.499231, -0.476163, -0.499958]
  [-0.322148, 0.036583, -0.499231, -0.476164, -0.499958]
  [-0.322146, 0.036583, -0.499231, -0.476157, -0.499871]
  [-0.322147, 0.036587, -0.499231, -0.476157, -0.499941]
  [-0.322148, 0.036585, -0.499231, -0.47616, -0.499985]
  [-0.322147, 0.036587, -0.499231, -0.476159, -0.499893]
  [-0.322146, 0.036589, -0.499231, -0.476156, -0.499946]
  [-0.322148, 0.036585, -0.499231, -0.476161, -0.499902]
  [-0.322149, 0.036583, -0.499231, -0.476164, -0.499885]
  [-0.322146, 0.036588, -0.499231, -0.476161, -0.499966]
  [-0.322149, 0.036587, -0.499231, -0.476161, -0.499979]
  [-0.322148, 0.036586, -0.499231, -0.476158, -0.499914]
  [-0.322148, 0.036589, -0.499231, -0.476161, -0.499921]
  [-0.322148, 0.036586, -0.499231, -0.476158, -0.499994]
  [-0.322147, 0.036584, -0.499231, -0.476163, -0.499904]
  [-0.322147, 0.036587, -0.499231, -0.47616, -0.499983]
  [-0.322149, 0.036585, -0.499231, -0.476164, -0.499867]
  [-0.322146, 0.036589, -0.499231, -0.476156, -0.49988]
  [-0.322147, 0.036584, -0.499231, -0.476162, -0.499992]
  [-0.322148, 0.036582, -0.499231, -0.476155, -0.499876]
  [-0.322147, 0.036586, -0.499231, -0.476163, -0.499891]
  [-0.322148, 0.036588, -0.499231, -0.476161, -0.499915]
  [-0.322147, 0.036588, -0.499231, -0.476163, -0.499916]
  [-0.322147, 0.036585, -0.499231, -0.476157, -0.499889]
  [-0.322147, 0.036588, -0.499231, -0.476156, -0.499897]
  [-0.322147, 0.03659, -0.499231, -0.476158, -0.499906]
  [-0.322149, 0.036587, -0.499231, -0.476157, -0.499922]
  [-0.322147, 0.036589, -0.499231, -0.476155, -0.499964]
  [-0.322146, 0.036584, -0.499231, -0.476161, -0.499984]
  [-0.322148, 0.036587, -0.499231, -0.476154, -0.499974]
  [-0.322149, 0.036589, -0.499231, -0.476161, -0.49996]
  [-0.322148, 0.036583, -0.499231, -0.476164, -0.499978]
  [-0.322148, 0.036584, -0.499231, -0.476155, -0.499921]
  [-0.322146, 0.036588, -0.499231, -0.476162, -0.499968]
  [-0.322147, 0.036589, -0.499231, -0.476164, -0.499976]
  [-0.322149, 0.036587, -0.499231, -0.47616, -0.499956]
  [-0.322147, 0.036585, -0.499231, -0.476156, -0.499955]
  [-0.322148, 0.03659, -0.499231, -0.476159, -0.499895]
  [-0.322149, 0.036584, -0.499231, -0.476164, -0.499993]
  [-0.322146, 0.036586, -0.499231, -0.476164, -0.499931]
  [-0.322146, 0.036586, -0.499231, -0.476163, -0.499958]
  [-0.322148, 0.036589, -0.499231, -0.476158, -0.499945]
  [-0.322147, 0.036586, -0.499231, -0.476161, -0.499927]
  [-0.322148, 0.036583, -0.499231, -0.476156, -0.499931]
  [-0.322147, 0.036587, -0.499231, -0.476156, -0.49997]
  [-0.322149, 0.036583, -0.499231, -0.476162, -0.499884]
  [-0.322147, 0.036584, -0.499231, -0.476161, -0.499898]
  [-0.322146, 0.036583, -0.499231, -0.476158, -0.499946]
  [-0.322147, 0.036584, -0.499231, -0.476163, -0.499919]
  [-0.322146, 0.036587, -0.499231, -0.476155, -0.499976]
  [-0.322148, 0.036586, -0.499231, -0.47616, -0.499871]
  [-0.322148, 0.036586, -0.499231, -0.476156, -0.499944]
  [-0.322147, 0.03659, -0.499231, -0.476161, -0.499882]
  [-0.322146, 0.036586, -0.499231, -0.476157, -0.499966]
  [-0.322148, 0.036584, -0.499231, -0.476158, -0.499919]
  [-0.322147, 0.036586, -0.499231, -0.476162, -0.499893]
  [-0.322148, 0.036583, -0.499231, -0.476158, -0.499872]
  [-0.322148, 0.036588, -0.499231, -0.476162, -0.499887]
  [-0.322148, 0.036586, -0.499231, -0.476162, -0.499881]
  [-0.322147, 0.036585, -0.499231, -0.476163, -0.499915]
  [-0.322146, 0.036589, -0.499231, -0.476155, -0.499951]
  [-0.322149, 0.036587, -0.499231, -0.476163, -0.499888]
  [-0.322148, 0.036585, -0.499231, -0.476158, -0.4999]
  [-0.322148, 0.036587, -0.499231, -0.476163, -0.499914]
  [-0.322149, 0.036584, -0.499231, -0.476155, -0.499978]
  [-0.322147, 0.036589, -0.499231, -0.476158, -0.499937]
  [-0.322149, 0.036587, -0.499231, -0.476163, -0.499973]
  [-0.322147, 0.036589, -0.499231, -0.476161, -0.499866]
  [-0.322147, 0.036587, -0.499231, -0.476162, -0.499921]
  [-0.322146, 0.036583, -0.499231, -0.476163, -0.499872]
  [-0.322148, 0.036585, -0.499231, -0.476156, -0.499902]
  [-0.322148, 0.036583, -0.499231, -0.476157, -0.499982]
  [-0.322148, 0.036582, -0.499231, -0.476155, -0.499896]
  [-0.322148, 0.03659, -0.499231, -0.476157, -0.499888]
  [-0.322148, 0.036588, -0.499231, -0.476158, -0.499926]
  [-0.322147, 0.036585, -0.499231, -0.476156, -0.499897]
  [-0.322148, 0.036585, -0.499231, -0.476161, -0.499911]
  [-0.322149, 0.036589, -0.499231, -0.476155, -0.499992]
  [-0.322148, 0.036586, -0.499231, -0.476161, -0.499893]
  [-0.322147, 0.036585, -0.499231, -0.476157, -0.499977]
  [-0.322148, 0.036584, -0.499231, -0.476159, -0.499896]
  [-0.322148, 0.036586, -0.499231, -0.476158, -0.499954]
  [-0.322147, 0.036586, -0.499231, -0.476156, -0.499875]
  [-0.322146, 0.036584, -0.499231, -0.476161, -0.499891]
  [-0.322148, 0.036582, -0.499231, -0.476159, -0.49996]
  [-0.322149, 0.03659, -0.499231, -0.476161, -0.499997]
  [-0.322148, 0.036583, -0.499231, -0.476158, -0.499944]
  [-0.322147, 0.036589, -0.499231, -0.476159, -0.499948]
  [-0.322147, 0.036586, -0.499231, -0.476162, -0.499982]
  [-0.322149, 0.036585, -0.499231, -0.476157, -0.49997]
  [-0.322147, 0.036584, -0.499231, -0.476159, -0.499892]
  [-0.322147, 0.036585, -0.499231, -0.476164, -0.499999]
  [-0.322146, 0.036586, -0.499231, -0.476156, -0.499952]
  [-0.322148, 0.036588, -0.499231, -0.47616, -0.499889]
  [-0.322149, 0.036586, -0.499231, -0.476159, -0.49999]
  [-0.322148, 0.036586, -0.499231, -0.476155, -0.499927]
  [-0.322149, 0.036587, -0.499231, -0.476163, -0.499869]
  [-0.322146, 0.03659, -0.499231, -0.476162, -0.499871]
  [-0.322149, 0.036588, -0.499231, -0.476161, -0.499976]
  [-0.322147, 0.036587, -0.499231, -0.476163, -0.499921]
  [-0.322148, 0.036587, -0.499231, -0.476159, -0.499978]
  [-0.322147, 0.03659, -0.499231, -0.476156, -0.499945]
  [-0.322149, 0.036584, -0.499231, -0.476163, -0.499951]
  [-0.322148, 0.036588, -0.499231, -0.476158, -0.49987]
  [-0.322146, 0.036585, -0.499231, -0.476156, -0.499947]
  [-0.322147, 0.036586, -0.499231, -0.476158, -0.499933]
  [-0.322148, 0.036588, -0.499231, -0.476157, -0.499886]
  [-0.322146, 0.036587, -0.499231, -0.476162, -0.499878]
  [-0.322148, 0.036583, -0.499231, -0.476162, -0.499949]
  [-0.322148, 0.036583, -0.499231, -0.476158, -0.499913]
  [-0.322148, 0.036589, -0.499231, -0.476159, -0.499994]
  [-0.322147, 0.036587, -0.499231, -0.476156, -0.499938]
  [-0.322147, 0.036588, -0.499231, -0.476156, -0.499922]
  [-0.322147, 0.036584, -0.499231, -0.476156, -0.49999]
  [-0.322148, 0.036589, -0.499231, -0.476163, -0.499999]
  [-0.322147, 0.036584, -0.499231, -0.476162, -0.499889]
  [-0.322148, 0.036588, -0.499231, -0.476157, -0.499981]
  [-0.322147, 0.036588, -0.499231, -0.476156, -0.499906]
  [-0.322147, 0.036587, -0.499231, -0.476157, -0.499874]
  [-0.322147, 0.036586, -0.499231, -0.476157, -0.499941]
  [-0.322147, 0.036584, -0.499231, -0.476164, -0.499979]
  [-0.322148, 0.036585, -0.499231, -0.476163, -0.499925]
  [-0.322148, 0.036586, -0.499231, -0.476156, -0.499946]
  [-0.322146, 0.036585, -0.499231, -0.476157, -0.499889]
  [-0.322147, 0.036584, -0.499231, -0.476164, -0.499962]
  [-0.322148, 0.036589, -0.499231, -0.476159, -0.499911]
  [-0.322148, 0.036589, -0.499231, -0.476156, -0.499912]
  [-0.322146, 0.036587, -0.499231, -0.476162, -0.499971]
  [-0.322148, 0.036584, -0.499231, -0.476156, -0.499867]
  [-0.322147, 0.036585, -0.499231, -0.47616, -0.499903]
  [-0.322147, 0.036586, -0.499231, -0.47616, -0.499984]
  [-0.322148, 0.036587, -0.499231, -0.476162, -0.499942]
  [-0.322149, 0.03659, -0.499231, -0.47616, -0.499922]
  [-0.322149, 0.036586, -0.499231, -0.476162, -0.499919]
  [-0.322146, 0.036583, -0.499231, -0.476155, -0.499945]
  [-0.322149, 0.036589, -0.499231, -0.476164, -0.499979]
  [-0.322147, 0.036585, -0.499231, -0.476164, -0.499995]
  [-0.322147, 0.036585, -0.499231, -0.476164, -0.499997]
  [-0.322147, 0.036585, -0.499231, -0.476164, -0.499998]
  [-0.322147, 0.036585, -0.499231, -0.476164, -0.499996]
  [-0.322147, 0.036585, -0.499231, -0.476164, -0.499994]
  [-0.322147, 0.036585, -0.499231, -0.476164, -0.5]
