Status: violated
Adversarial inputs found:
  [-0.323249, 0.042195, -0.499872, -0.408462, -0.375788]
  [-0.323207, 0.041262, -0.499844, -0.339859, -0.334857]
  [-0.323949, 0.062718, -0.499389, -0.402679, -0.260429]
  [-0.321927, 0.056258, -0.499635, -0.377125, -0.342689]
  [-0.321992, 0.050015, -0.499259, -0.474475, -0.349593]
  [-0.323107, 0.046904, -0.499446, -0.463273, -0.174943]
  [-0.324018, 0.062095, -0.499597, -0.46371, -0.373348]
  [-0.323761, 0.057938, -0.499434, -0.403089, -0.243766]
  [-0.322015, 0.040554, -0.499389, -0.419591, -0.414444]
  [-0.323702, 0.054739, -0.499307, -0.395045, -0.247223]
  [-0.323305, 0.039315, -0.49929, -0.299663, -0.394768]
  [-0.322084, 0.057834, -0.499871, -0.417591, -0.214125]
  [-0.322083, 0.062209, -0.499671, -0.245708, -0.212357]
  [-0.322842, 0.062899, -0.499407, -0.243814, -0.376663]
  [-0.322487, 0.056464, -0.499698, -0.461735, -0.48905]
  [-0.323371, 0.057081, -0.499842, -0.421006, -0.340811]
  [-0.323702, 0.053621, -0.499642, -0.263086, -0.415359]
  [-0.322687, 0.034813, -0.499971, -0.330183, -0.475923]
  [-0.323249, 0.040549, -0.499626, -0.393892, -0.499745]
  [-0.323324, 0.047352, -0.499912, -0.44359, -0.182777]
  [-0.322284, 0.061375, -0.499859, -0.429205, -0.292426]
  [-0.324046, 0.054902, -0.499806, -0.252103, -0.439707]
  [-0.323241, 0.057765, -0.499605, -0.274583, -0.433315]
  [-0.321851, 0.059129, -0.499225, -0.237695, -0.220997]
  [-0.323712, 0.062145, -0.499417, -0.483266, -0.489693]
  [-0.322926, 0.056165, -0.499328, -0.451444, -0.31739]
  [-0.323927, 0.058426, -0.499386, -0.264271, -0.465219]
  [-0.323495, 0.058667, -0.499656, -0.492358, -0.181321]
  [-0.321927, 0.050185, -0.499302, -0.48152, -0.492214]
  [-0.322336, 0.038194, -0.4995, -0.26593, -0.392557]
  [-0.32347, 0.039454, -0.499766, -0.381564, -0.241874]
  [-0.324209, 0.034171, -0.499647, -0.283352, -0.483674]
  [-0.323533, 0.045046, -0.499837, -0.381511, -0.245253]
  [-0.322579, 0.061811, -0.499274, -0.250339, -0.330822]
  [-0.322215, 0.041551, -0.499727, -0.498876, -0.238894]
  [-0.322916, 0.03668, -0.49957, -0.274448, -0.228101]
  [-0.323081, 0.047703, -0.499448, -0.427821, -0.200076]
  [-0.322572, 0.059813, -0.499268, -0.387129, -0.267253]
  [-0.321849, 0.033791, -0.499239, -0.370642, -0.448996]
  [-0.324093, 0.041736, -0.499769, -0.320669, -0.428944]
  [-0.321882, 0.062846, -0.499206, -0.267687, -0.485995]
  [-0.322744, 0.048687, -0.499313, -0.417733, -0.376615]
  [-0.323604, 0.055191, -0.499618, -0.299956, -0.430559]
  [-0.323179, 0.052237, -0.499429, -0.344428, -0.496566]
  [-0.323364, 0.043715, -0.499295, -0.231809, -0.476598]
  [-0.322094, 0.060179, -0.499508, -0.255861, -0.342839]
  [-0.323707, 0.05465, -0.499867, -0.277344, -0.485755]
  [-0.322319, 0.058778, -0.49972, -0.346621, -0.294478]
  [-0.322581, 0.043007, -0.49943, -0.328577, -0.309841]
  [-0.323477, 0.062478, -0.499727, -0.422384, -0.434296]
  [-0.323439, 0.050853, -0.49985, -0.469519, -0.343838]
  [-0.322852, 0.05479, -0.499769, -0.247807, -0.312541]
  [-0.321966, 0.039418, -0.49983, -0.233672, -0.352987]
  [-0.322079, 0.056783, -0.499649, -0.367345, -0.346778]
  [-0.323083, 0.044588, -0.499394, -0.405331, -0.32811]
  [-0.323849, 0.034862, -0.499949, -0.44677, -0.348945]
  [-0.323261, 0.045203, -0.499761, -0.234289, -0.389567]
  [-0.323589, 0.04638, -0.499929, -0.372863, -0.455252]
  [-0.323381, 0.044346, -0.499343, -0.377095, -0.309688]
  [-0.321882, 0.041487, -0.499596, -0.487482, -0.282337]
  [-0.322675, 0.054724, -0.499739, -0.306464, -0.424678]
  [-0.324214, 0.058528, -0.499315, -0.427434, -0.212166]
  [-0.323392, 0.055852, -0.499318, -0.336379, -0.226201]
  [-0.323975, 0.041825, -0.499801, -0.289096, -0.424439]
  [-0.323856, 0.037379, -0.499552, -0.497748, -0.448342]
  [-0.322877, 0.032665, -0.499549, -0.446473, -0.209166]
  [-0.323638, 0.037231, -0.499291, -0.434967, -0.36277]
  [-0.321819, 0.045039, -0.499933, -0.445087, -0.381423]
  [-0.322129, 0.043019, -0.499477, -0.323503, -0.285195]
  [-0.322016, 0.047788, -0.499822, -0.498186, -0.203755]
  [-0.322957, 0.038344, -0.499903, -0.298267, -0.283024]
  [-0.321864, 0.053665, -0.499235, -0.444019, -0.407155]
  [-0.323918, 0.035198, -0.499383, -0.284829, -0.474988]
  [-0.323619, 0.032984, -0.499543, -0.499574, -0.269705]
  [-0.323727, 0.058828, -0.499325, -0.414723, -0.439391]
  [-0.323576, 0.052464, -0.4999, -0.439502, -0.335817]
  [-0.321854, 0.035382, -0.499335, -0.364684, -0.277343]
  [-0.322116, 0.051411, -0.49938, -0.259528, -0.198417]
  [-0.323029, 0.035524, -0.499414, -0.385785, -0.314385]
  [-0.322521, 0.034058, -0.499719, -0.35502, -0.328874]
  [-0.323128, 0.051211, -0.499995, -0.386363, -0.334595]
  [-0.323208, 0.049221, -0.499353, -0.360952, -0.360501]
  [-0.321926, 0.041353, -0.49944, -0.388849, -0.455194]
  [-0.323503, 0.061837, -0.499543, -0.295025, -0.398913]
  [-0.323041, 0.044662, -0.499404, -0.325432, -0.488886]
  [-0.323159, 0.056828, -0.499987, -0.279954, -0.219047]
  [-0.322269, 0.045186, -0.499795, -0.308347, -0.474821]
  [-0.32336, 0.037103, -0.499673, -0.245217, -0.448701]
  [-0.322443, 0.033321, -0.499775, -0.231447, -0.196734]
  [-0.321897, 0.054082, -0.499483, -0.336138, -0.291099]
  [-0.322186, 0.032706, -0.499235, -0.497071, -0.374777]
  [-0.323389, 0.063169, -0.499323, -0.417835, -0.429492]
  [-0.32417, 0.050014, -0.499463, -0.306508, -0.223766]
  [-0.323304, 0.049529, -0.49929, -0.397317, -0.402959]
  [-0.323988, 0.041127, -0.499357, -0.37155, -0.423408]
  [-0.322372, 0.036419, -0.499345, -0.336678, -0.491145]
  [-0.322465, 0.06247, -0.499323, -0.337947, -0.228319]
  [-0.32347, 0.036777, -0.499833, -0.295645, -0.182622]
  [-0.323565, 0.055465, -0.499234, -0.287521, -0.32602]
  [-0.323479, 0.063079, -0.499515, -0.291964, -0.450201]
  [-0.324054, 0.057592, -0.499728, -0.366695, -0.381064]
  [-0.322895, 0.054647, -0.499462, -0.45779, -0.423006]
  [-0.324095, 0.045215, -0.499232, -0.276108, -0.457752]
  [-0.322064, 0.05001, -0.499375, -0.243818, -0.16782]
  [-0.323438, 0.050427, -0.499347, -0.343493, -0.281963]
  [-0.323476, 0.046267, -0.499323, -0.276468, -0.338136]
  [-0.323506, 0.055852, -0.499771, -0.230896, -0.173121]
  [-0.324139, 0.053531, -0.499254, -0.438798, -0.18963]
  [-0.323368, 0.059447, -0.499968, -0.362141, -0.340118]
  [-0.322598, 0.037249, -0.499243, -0.26637, -0.286704]
  [-0.322204, 0.036602, -0.499543, -0.402431, -0.462222]
  [-0.322412, 0.051238, -0.499973, -0.247871, -0.327794]
  [-0.324112, 0.057675, -0.499639, -0.390079, -0.308504]
  [-0.323561, 0.059627, -0.499668, -0.317185, -0.187282]
  [-0.322191, 0.060927, -0.499943, -0.305327, -0.341871]
  [-0.323671, 0.040561, -0.499375, -0.444421, -0.415656]
  [-0.32341, 0.060459, -0.499928, -0.386206, -0.423227]
  [-0.322057, 0.034794, -0.499354, -0.337257, -0.399318]
  [-0.322635, 0.032386, -0.499711, -0.251947, -0.38684]
  [-0.322789, 0.062612, -0.499731, -0.285192, -0.423601]
  [-0.322016, 0.049478, -0.499789, -0.241705, -0.189473]
  [-0.32256, 0.049491, -0.499856, -0.397544, -0.477319]
  [-0.323919, 0.04561, -0.499298, -0.373665, -0.251161]
  [-0.321924, 0.040902, -0.499631, -0.40247, -0.23181]
  [-0.32412, 0.053017, -0.499925, -0.395486, -0.36476]
  [-0.323062, 0.042438, -0.499841, -0.241827, -0.390754]
  [-0.32348, 0.056892, -0.499241, -0.346976, -0.448868]
  [-0.322786, 0.044876, -0.499658, -0.413714, -0.234814]
  [-0.322085, 0.043938, -0.499917, -0.466075, -0.331734]
  [-0.322127, 0.051911, -0.499909, -0.259494, -0.488267]
  [-0.32315, 0.051582, -0.499554, -0.24113, -0.35233]
  [-0.323897, 0.051026, -0.49986, -0.441376, -0.432924]
  [-0.322713, 0.059302, -0.499328, -0.27477, -0.477242]
  [-0.323159, 0.063023, -0.499923, -0.306534, -0.384542]
  [-0.323338, 0.044886, -0.499236, -0.401769, -0.218971]
  [-0.322678, 0.044371, -0.49941, -0.36429, -0.176499]
  [-0.321891, 0.05715, -0.499571, -0.349287, -0.220055]
  [-0.323151, 0.032778, -0.499765, -0.430792, -0.418716]
  [-0.324022, 0.037013, -0.499264, -0.308538, -0.373306]
  [-0.322257, 0.058744, -0.49985, -0.321213, -0.374793]
  [-0.32196, 0.059704, -0.499454, -0.253815, -0.480477]
  [-0.323745, 0.047715, -0.4998, -0.406423, -0.396101]
  [-0.324158, 0.036308, -0.499373, -0.250571, -0.357223]
  [-0.323906, 0.06308, -0.499297, -0.409339, -0.374372]
  [-0.32237, 0.048921, -0.499486, -0.243371, -0.403253]
  [-0.324246, 0.061113, -0.499449, -0.250404, -0.264596]
  [-0.32418, 0.03931, -0.499627, -0.28032, -0.208467]
  [-0.322613, 0.06252, -0.499328, -0.342165, -0.396898]
  [-0.323683, 0.039347, -0.499235, -0.397031, -0.473798]
  [-0.324069, 0.036514, -0.499554, -0.298677, -0.493114]
  [-0.321918, 0.050182, -0.499302, -0.481665, -0.492542]
  [-0.321921, 0.050233, -0.499301, -0.481634, -0.491103]
  [-0.32192, 0.05021, -0.499302, -0.481618, -0.492094]
  [-0.321921, 0.050208, -0.499298, -0.48185, -0.490785]
  [-0.321926, 0.050206, -0.499301, -0.481686, -0.49112]
  [-0.321929, 0.050259, -0.499299, -0.481575, -0.487841]
  [-0.321923, 0.050266, -0.499299, -0.480881, -0.491232]
  [-0.321924, 0.050213, -0.499301, -0.481744, -0.491258]
  [-0.321919, 0.050191, -0.4993, -0.48184, -0.489424]
  [-0.321918, 0.050232, -0.4993, -0.4808, -0.49204]
  [-0.321925, 0.050256, -0.499303, -0.481596, -0.488047]
  [-0.321925, 0.050239, -0.499298, -0.481233, -0.487821]
  [-0.321921, 0.050231, -0.499302, -0.481475, -0.491309]
  [-0.321924, 0.050262, -0.499302, -0.481124, -0.487246]
  [-0.321923, 0.050215, -0.499298, -0.481178, -0.487733]
  [-0.321927, 0.050197, -0.499303, -0.481441, -0.491429]
  [-0.321924, 0.050254, -0.499302, -0.481473, -0.487743]
  [-0.321921, 0.050215, -0.499299, -0.481852, -0.49121]
  [-0.321922, 0.050238, -0.499301, -0.480833, -0.492357]
  [-0.32192, 0.050269, -0.499298, -0.4812, -0.491434]
  [-0.321918, 0.050175, -0.4993, -0.481719, -0.490951]
  [-0.321924, 0.050231, -0.499303, -0.481773, -0.491516]
  [-0.321921, 0.05019, -0.499297, -0.481535, -0.490118]
  [-0.321924, 0.050167, -0.4993, -0.481466, -0.490777]
  [-0.321918, 0.050179, -0.499301, -0.481337, -0.491442]
  [-0.321919, 0.050212, -0.499302, -0.48179, -0.492145]
  [-0.321918, 0.05026, -0.499302, -0.481849, -0.489302]
  [-0.321919, 0.050236, -0.499298, -0.48093, -0.487736]
  [-0.321927, 0.05022, -0.499301, -0.481461, -0.490434]
  [-0.321918, 0.050183, -0.499299, -0.480921, -0.487008]
  [-0.321921, 0.050225, -0.499298, -0.481701, -0.491725]
  [-0.321926, 0.050179, -0.499298, -0.48117, -0.490342]
  [-0.321929, 0.050254, -0.499298, -0.481661, -0.488107]
  [-0.321922, 0.05024, -0.499298, -0.481387, -0.492173]
  [-0.321929, 0.050223, -0.499302, -0.48149, -0.490437]
  [-0.321919, 0.050221, -0.499303, -0.480861, -0.491325]
  [-0.321922, 0.050182, -0.499299, -0.481488, -0.492591]
  [-0.321919, 0.050263, -0.499298, -0.481422, -0.489751]
  [-0.321928, 0.050252, -0.499298, -0.481011, -0.489991]
  [-0.321927, 0.050264, -0.499303, -0.481647, -0.489517]
  [-0.321924, 0.050235, -0.499298, -0.481435, -0.490995]
  [-0.321917, 0.050203, -0.4993, -0.480798, -0.489411]
  [-0.321918, 0.050217, -0.499301, -0.480852, -0.49151]
  [-0.321921, 0.050185, -0.499298, -0.481345, -0.489306]
  [-0.321918, 0.05019, -0.499297, -0.480921, -0.489202]
  [-0.321926, 0.050203, -0.499303, -0.481458, -0.490588]
  [-0.321925, 0.050238, -0.499299, -0.481777, -0.488811]
  [-0.321921, 0.050185, -0.499297, -0.481255, -0.487907]
  [-0.321918, 0.050221, -0.499299, -0.481516, -0.489627]
  [-0.32193, 0.050235, -0.499299, -0.480906, -0.488707]
  [-0.321927, 0.050266, -0.499299, -0.481733, -0.487383]
  [-0.321922, 0.05022, -0.499303, -0.481067, -0.487741]
  [-0.321917, 0.05021, -0.499301, -0.481908, -0.491117]
  [-0.321918, 0.050247, -0.499302, -0.481275, -0.487978]
  [-0.321928, 0.050248, -0.4993, -0.480915, -0.491485]
  [-0.321921, 0.050216, -0.499299, -0.481802, -0.487785]
  [-0.321929, 0.050238, -0.499297, -0.481268, -0.487641]
  [-0.32192, 0.050195, -0.499298, -0.480793, -0.490592]
  [-0.321919, 0.050168, -0.499298, -0.481297, -0.489485]
  [-0.321921, 0.050217, -0.499297, -0.481029, -0.489577]
  [-0.321926, 0.050169, -0.4993, -0.480912, -0.49085]
  [-0.321926, 0.050253, -0.499302, -0.481849, -0.492564]
  [-0.321923, 0.050211, -0.499298, -0.481512, -0.488286]
  [-0.321926, 0.050211, -0.499299, -0.481864, -0.489337]
  [-0.321921, 0.050248, -0.499301, -0.48144, -0.488453]
  [-0.32192, 0.050175, -0.499303, -0.480843, -0.49112]
  [-0.32192, 0.050254, -0.499302, -0.480893, -0.492348]
  [-0.321928, 0.050197, -0.4993, -0.480802, -0.489102]
  [-0.321919, 0.050187, -0.499301, -0.48166, -0.488431]
  [-0.321923, 0.050181, -0.499301, -0.48137, -0.487707]
  [-0.32193, 0.050238, -0.499299, -0.481129, -0.489475]
  [-0.321921, 0.050245, -0.4993, -0.481042, -0.490494]
  [-0.321918, 0.050269, -0.499303, -0.481387, -0.492122]
  [-0.32193, 0.050245, -0.499301, -0.481601, -0.491303]
  [-0.321927, 0.050262, -0.499298, -0.481737, -0.491879]
  [-0.321925, 0.050177, -0.499299, -0.481262, -0.489324]
  [-0.321922, 0.050227, -0.499299, -0.480936, -0.490343]
  [-0.321929, 0.050198, -0.499298, -0.481218, -0.489263]
  [-0.321919, 0.050205, -0.4993, -0.481192, -0.49125]
  [-0.321926, 0.050212, -0.499297, -0.48189, -0.491496]
  [-0.321923, 0.050208, -0.499298, -0.481097, -0.490176]
  [-0.321929, 0.050257, -0.499297, -0.481847, -0.48859]
  [-0.321927, 0.050197, -0.499299, -0.48084, -0.492545]
  [-0.321924, 0.050205, -0.499299, -0.481551, -0.487901]
  [-0.321926, 0.050231, -0.499303, -0.481229, -0.490178]
  [-0.321927, 0.050204, -0.499299, -0.481212, -0.489781]
  [-0.321924, 0.050198, -0.4993, -0.480972, -0.489338]
  [-0.32192, 0.050224, -0.4993, -0.481684, -0.490477]
  [-0.321921, 0.050189, -0.499299, -0.481297, -0.492045]
  [-0.321927, 0.050176, -0.499301, -0.481109, -0.48762]
  [-0.321922, 0.050246, -0.499297, -0.480921, -0.490242]
  [-0.321927, 0.050178, -0.4993, -0.481465, -0.488111]
  [-0.321927, 0.050234, -0.4993, -0.481165, -0.489408]
  [-0.321918, 0.050253, -0.499301, -0.48157, -0.489415]
  [-0.321924, 0.050231, -0.499303, -0.480864, -0.488448]
  [-0.321918, 0.05022, -0.4993, -0.48168, -0.49235]
  [-0.321927, 0.050245, -0.499301, -0.481608, -0.487459]
  [-0.321928, 0.05021, -0.499298, -0.480805, -0.4876]
  [-0.321922, 0.050194, -0.499297, -0.48165, -0.490127]
  [-0.321918, 0.050204, -0.499297, -0.481435, -0.489999]
  [-0.321922, 0.050253, -0.499297, -0.481272, -0.487361]
  [-0.321917, 0.050187, -0.499298, -0.480884, -0.489013]
  [-0.321927, 0.05022, -0.4993, -0.481761, -0.491595]
  [-0.321922, 0.050181, -0.499299, -0.480783, -0.490097]
  [-0.321919, 0.050228, -0.499298, -0.481438, -0.489169]
  [-0.321918, 0.050261, -0.499299, -0.480958, -0.490119]
  [-0.32193, 0.05018, -0.499299, -0.480816, -0.489077]
  [-0.321919, 0.050254, -0.499301, -0.480912, -0.490843]
  [-0.321925, 0.050253, -0.4993, -0.48135, -0.491514]
  [-0.321928, 0.050225, -0.499299, -0.48089, -0.491787]
  [-0.321921, 0.050239, -0.499301, -0.480954, -0.487994]
  [-0.321925, 0.050236, -0.499302, -0.481479, -0.492357]
  [-0.321918, 0.050235, -0.499299, -0.481372, -0.487569]
  [-0.321926, 0.050257, -0.499303, -0.481175, -0.487528]
  [-0.32192, 0.05026, -0.499302, -0.480869, -0.491131]
  [-0.321927, 0.050251, -0.499302, -0.481457, -0.49213]
  [-0.321925, 0.050206, -0.499297, -0.481105, -0.490278]
  [-0.321927, 0.05018, -0.499298, -0.481205, -0.491245]
  [-0.32193, 0.050215, -0.499298, -0.481629, -0.488469]
  [-0.321918, 0.050244, -0.499301, -0.480787, -0.491973]
  [-0.321923, 0.05026, -0.499297, -0.481739, -0.487884]
  [-0.321921, 0.050187, -0.4993, -0.481657, -0.490954]
  [-0.321928, 0.050253, -0.499298, -0.480964, -0.487751]
  [-0.321924, 0.050245, -0.499298, -0.481548, -0.489571]
  [-0.321919, 0.050207, -0.4993, -0.481764, -0.490055]
  [-0.321929, 0.050254, -0.499298, -0.481535, -0.488778]
  [-0.321919, 0.050213, -0.499301, -0.480909, -0.49172]
  [-0.321927, 0.05026, -0.499303, -0.481737, -0.48725]
  [-0.321918, 0.050267, -0.499301, -0.481763, -0.49128]
  [-0.321926, 0.050247, -0.499303, -0.481114, -0.491793]
  [-0.321921, 0.050244, -0.4993, -0.481462, -0.487542]
  [-0.321918, 0.050163, -0.499302, -0.48139, -0.492057]
  [-0.321922, 0.050195, -0.499299, -0.480955, -0.492293]
  [-0.321926, 0.050239, -0.499298, -0.481161, -0.490052]
  [-0.321925, 0.050256, -0.499303, -0.481544, -0.491835]
  [-0.321926, 0.050263, -0.499302, -0.480782, -0.491736]
  [-0.321918, 0.050256, -0.4993, -0.481867, -0.490314]
  [-0.321929, 0.050211, -0.499303, -0.48102, -0.490433]
  [-0.321926, 0.050226, -0.499303, -0.48182, -0.48987]
  [-0.321923, 0.050164, -0.499297, -0.480854, -0.48764]
  [-0.321918, 0.050213, -0.499298, -0.481259, -0.488066]
  [-0.321919, 0.050246, -0.499302, -0.481669, -0.487138]
  [-0.321918, 0.050174, -0.499297, -0.481801, -0.491788]
  [-0.321929, 0.050196, -0.499301, -0.481282, -0.489738]
  [-0.321924, 0.050269, -0.499301, -0.481365, -0.487865]
  [-0.321924, 0.050175, -0.499297, -0.480782, -0.492406]
  [-0.321922, 0.050241, -0.499297, -0.481453, -0.490706]
  [-0.321921, 0.050225, -0.4993, -0.481368, -0.490951]
  [-0.321921, 0.050216, -0.499303, -0.481085, -0.489317]
  [-0.321921, 0.050233, -0.499302, -0.481085, -0.49]
  [-0.321922, 0.050182, -0.499299, -0.481538, -0.492503]
  [-0.321922, 0.050182, -0.499299, -0.481493, -0.492565]
  [-0.321922, 0.050182, -0.499299, -0.481515, -0.492569]
  [-0.321922, 0.050182, -0.499299, -0.481493, -0.492605]
  [-0.321922, 0.050182, -0.499299, -0.48152, -0.492513]
  [-0.321922, 0.050182, -0.499299, -0.481524, -0.492583]
  [-0.321922, 0.050182, -0.499299, -0.481492, -0.492542]
  [-0.321922, 0.050182, -0.499299, -0.481524, -0.49258]
  [-0.321922, 0.050182, -0.499299, -0.481501, -0.49258]
  [-0.321922, 0.050182, -0.499299, -0.481518, -0.492602]
  [-0.321922, 0.050182, -0.499299, -0.481528, -0.492588]
  [-0.321922, 0.050182, -0.499299, -0.48148, -0.49256]
  [-0.321922, 0.050182, -0.499299, -0.481539, -0.492601]
  [-0.321922, 0.050182, -0.499299, -0.481488, -0.49253]
  [-0.321922, 0.050182, -0.499299, -0.481512, -0.492586]
  [-0.321922, 0.050182, -0.499299, -0.481521, -0.492556]
  [-0.321922, 0.050182, -0.499299, -0.481485, -0.492567]
  [-0.321922, 0.050182, -0.499299, -0.481535, -0.492574]
  [-0.321922, 0.050182, -0.499299, -0.481482, -0.492552]
  [-0.321922, 0.050182, -0.499299, -0.481476, -0.492589]
  [-0.321922, 0.050182, -0.499299, -0.481501, -0.492488]
  [-0.321922, 0.050182, -0.499299, -0.481529, -0.492509]
  [-0.321922, 0.050182, -0.499299, -0.481526, -0.492549]
  [-0.321922, 0.050182, -0.499299, -0.481495, -0.492496]
  [-0.321922, 0.050182, -0.499299, -0.481525, -0.492516]
  [-0.321922, 0.050182, -0.499299, -0.481494, -0.492503]
  [-0.321922, 0.050182, -0.499299, -0.481491, -0.492536]
  [-0.321922, 0.050182, -0.499299, -0.481491, -0.492575]
  [-0.321922, 0.050182, -0.499299, -0.481485, -0.492502]
  [-0.321922, 0.050182, -0.499299, -0.481518, -0.492532]
  [-0.321922, 0.050182, -0.499299, -0.481478, -0.492522]
  [-0.321922, 0.050182, -0.499299, -0.481495, -0.492565]
  [-0.321922, 0.050182, -0.499299, -0.481488, -0.492593]
  [-0.321922, 0.050182, -0.499299, -0.481482, -0.492514]
  [-0.321922, 0.050182, -0.499299, -0.48152, -0.492536]
  [-0.321922, 0.050182, -0.499299, -0.481511, -0.492502]
  [-0.321922, 0.050182, -0.499299, -0.481534, -0.492532]
  [-0.321922, 0.050182, -0.499299, -0.481509, -0.492573]
  [-0.321922, 0.050182, -0.499299, -0.48148, -0.49254]
  [-0.321922, 0.050182, -0.499299, -0.481479, -0.492573]
  [-0.321922, 0.050182, -0.499299, -0.481537, -0.492535]
  [-0.321922, 0.050182, -0.499299, -0.481477, -0.49258]
  [-0.321922, 0.050182, -0.499299, -0.481498, -0.492602]
  [-0.321922, 0.050182, -0.499299, -0.481523, -0.492546]
  [-0.321922, 0.050182, -0.499299, -0.481492, -0.49256]
  [-0.321922, 0.050182, -0.499299, -0.481527, -0.492582]
  [-0.321922, 0.050182, -0.499299, -0.481526, -0.492504]
  [-0.321922, 0.050182, -0.499299, -0.481496, -0.492533]
  [-0.321922, 0.050182, -0.499299, -0.481512, -0.492559]
  [-0.321922, 0.050182, -0.499299, -0.481493, -0.4926]
  [-0.321922, 0.050182, -0.499299, -0.481524, -0.49255]
  [-0.321922, 0.050182, -0.499299, -0.481523, -0.492515]
  [-0.321922, 0.050182, -0.499299, -0.481489, -0.492491]
  [-0.321922, 0.050182, -0.499299, -0.481488, -0.492581]
  [-0.321922, 0.050182, -0.499299, -0.481487, -0.492511]
  [-0.321922, 0.050182, -0.499299, -0.481523, -0.492551]
  [-0.321922, 0.050182, -0.499299, -0.481483, -0.492578]
  [-0.321922, 0.050182, -0.499299, -0.481489, -0.492509]
  [-0.321922, 0.050182, -0.499299, -0.481516, -0.492552]
  [-0.321922, 0.050182, -0.499299, -0.481526, -0.492599]
  [-0.321922, 0.050182, -0.499299, -0.481492, -0.492581]
  [-0.321922, 0.050182, -0.499299, -0.481491, -0.492545]
  [-0.321922, 0.050182, -0.499299, -0.481513, -0.492523]
  [-0.321922, 0.050182, -0.499299, -0.481498, -0.492545]
  [-0.321922, 0.050182, -0.499299, -0.481517, -0.492508]
  [-0.321922, 0.050182, -0.499299, -0.481481, -0.492506]
  [-0.321922, 0.050182, -0.499299, -0.481492, -0.492511]
  [-0.321922, 0.050182, -0.499299, -0.481505, -0.492578]
  [-0.321922, 0.050182, -0.499299, -0.481483, -0.492536]
  [-0.321922, 0.050182, -0.499299, -0.481539, -0.49252]
  [-0.321922, 0.050182, -0.499299, -0.481478, -0.492529]
  [-0.321922, 0.050182, -0.499299, -0.481525, -0.492513]
  [-0.321922, 0.050182, -0.499299, -0.481527, -0.492492]
  [-0.321922, 0.050182, -0.499299, -0.481526, -0.492525]
  [-0.321922, 0.050182, -0.499299, -0.481485, -0.492491]
  [-0.321922, 0.050182, -0.499299, -0.481493, -0.492497]
  [-0.321922, 0.050182, -0.499299, -0.481496, -0.492582]
  [-0.321922, 0.050182, -0.499299, -0.481488, -0.492573]
  [-0.321922, 0.050182, -0.499299, -0.481539, -0.492509]
  [-0.321922, 0.050182, -0.499299, -0.481489, -0.492559]
  [-0.321922, 0.050182, -0.499299, -0.481516, -0.492542]
  [-0.321922, 0.050182, -0.499299, -0.481491, -0.492522]
  [-0.321922, 0.050182, -0.499299, -0.481482, -0.492494]
  [-0.321922, 0.050182, -0.499299, -0.481489, -0.492561]
  [-0.321922, 0.050182, -0.499299, -0.481482, -0.492543]
  [-0.321922, 0.050182, -0.499299, -0.48148, -0.492541]
  [-0.321922, 0.050182, -0.499299, -0.481479, -0.492593]
  [-0.321922, 0.050182, -0.499299, -0.481499, -0.492574]
  [-0.321922, 0.050182, -0.499299, -0.481514, -0.492565]
  [-0.321922, 0.050182, -0.499299, -0.481519, -0.492522]
  [-0.321922, 0.050182, -0.499299, -0.481535, -0.492519]
  [-0.321922, 0.050182, -0.499299, -0.481489, -0.492581]
  [-0.321922, 0.050182, -0.499299, -0.481521, -0.492522]
  [-0.321922, 0.050182, -0.499299, -0.481523, -0.492571]
  [-0.321922, 0.050182, -0.499299, -0.481486, -0.492581]
  [-0.321922, 0.050182, -0.499299, -0.481527, -0.492549]
  [-0.321922, 0.050182, -0.499299, -0.481498, -0.492521]
  [-0.321922, 0.050182, -0.499299, -0.481491, -0.492596]
  [-0.321922, 0.050182, -0.499299, -0.481478, -0.492606]
  [-0.321922, 0.050182, -0.499299, -0.481524, -0.492602]
  [-0.321922, 0.050182, -0.499299, -0.481528, -0.492575]
  [-0.321922, 0.050182, -0.499299, -0.481482, -0.492507]
  [-0.321922, 0.050182, -0.499299, -0.481478, -0.492521]
  [-0.321922, 0.050182, -0.499299, -0.481487, -0.492567]
  [-0.321922, 0.050182, -0.499299, -0.481484, -0.492579]
  [-0.321922, 0.050182, -0.499299, -0.481523, -0.492597]
  [-0.321922, 0.050182, -0.499299, -0.4815, -0.492546]
  [-0.321922, 0.050182, -0.499299, -0.481523, -0.492603]
  [-0.321922, 0.050182, -0.499299, -0.481529, -0.492604]
  [-0.321922, 0.050182, -0.499299, -0.481506, -0.492493]
  [-0.321922, 0.050182, -0.499299, -0.481523, -0.492517]
  [-0.321922, 0.050182, -0.499299, -0.481517, -0.492593]
  [-0.321922, 0.050182, -0.499299, -0.481538, -0.492554]
  [-0.321922, 0.050182, -0.499299, -0.48152, -0.492489]
  [-0.321922, 0.050182, -0.499299, -0.481497, -0.492559]
  [-0.321922, 0.050182, -0.499299, -0.481525, -0.492588]
  [-0.321922, 0.050182, -0.499299, -0.481493, -0.492573]
  [-0.321922, 0.050182, -0.499299, -0.481481, -0.492547]
  [-0.321922, 0.050182, -0.499299, -0.481503, -0.492585]
  [-0.321922, 0.050182, -0.499299, -0.481512, -0.492577]
  [-0.321922, 0.050182, -0.499299, -0.481509, -0.49252]
  [-0.321922, 0.050182, -0.499299, -0.481491, -0.492569]
  [-0.321922, 0.050182, -0.499299, -0.481502, -0.492491]
  [-0.321922, 0.050182, -0.499299, -0.481477, -0.492591]
  [-0.321922, 0.050182, -0.499299, -0.48151, -0.492543]
  [-0.321922, 0.050182, -0.499299, -0.481503, -0.492535]
  [-0.321922, 0.050182, -0.499299, -0.481525, -0.492604]
  [-0.321922, 0.050182, -0.499299, -0.481505, -0.492599]
  [-0.321922, 0.050182, -0.499299, -0.481538, -0.492519]
  [-0.321922, 0.050182, -0.499299, -0.481529, -0.492601]
  [-0.321922, 0.050182, -0.499299, -0.481521, -0.492534]
  [-0.321922, 0.050182, -0.499299, -0.481506, -0.492535]
  [-0.321922, 0.050182, -0.499299, -0.481535, -0.49254]
  [-0.321922, 0.050182, -0.499299, -0.48151, -0.49252]
  [-0.321922, 0.050182, -0.499299, -0.48148, -0.492496]
  [-0.321922, 0.050182, -0.499299, -0.481486, -0.492568]
  [-0.321922, 0.050182, -0.499299, -0.481521, -0.49254]
  [-0.321922, 0.050182, -0.499299, -0.481523, -0.492542]
  [-0.321922, 0.050182, -0.499299, -0.481537, -0.49249]
  [-0.321922, 0.050182, -0.499299, -0.481491, -0.492523]
  [-0.321922, 0.050182, -0.499299, -0.481528, -0.492562]
  [-0.321922, 0.050182, -0.499299, -0.48152, -0.4925]
  [-0.321922, 0.050182, -0.499299, -0.481535, -0.492605]
  [-0.321922, 0.050182, -0.499299, -0.481497, -0.492542]
  [-0.321922, 0.050182, -0.499299, -0.4815, -0.4925]
  [-0.321922, 0.050182, -0.499299, -0.481499, -0.4926]
  [-0.321922, 0.050182, -0.499299, -0.481482, -0.492551]
  [-0.321922, 0.050182, -0.499299, -0.481509, -0.49259]
  [-0.321922, 0.050182, -0.499299, -0.481487, -0.492601]
  [-0.321922, 0.050182, -0.499299, -0.481504, -0.492543]
  [-0.321922, 0.050182, -0.499299, -0.481536, -0.492606]
  [-0.321922, 0.050182, -0.499299, -0.481535, -0.492606]
  [-0.321922, 0.050182, -0.499299, -0.481536, -0.492605]
  [-0.321857, 0.042479, -0.499353, -0.303713, -0.213812]
  [-0.321811, 0.063465, -0.499383, -0.301857, -0.194789]
  [-0.323053, 0.059339, -0.499932, -0.319602, -0.364902]
  [-0.323689, 0.06349, -0.49996, -0.229114, -0.403293]
  [-0.322467, 0.038568, -0.499997, -0.447345, -0.236228]
  [-0.321877, 0.051068, -0.499339, -0.295712, -0.254003]
  [-0.3241, 0.054237, -0.499593, -0.470211, -0.345562]
  [-0.322209, 0.041535, -0.499942, -0.381713, -0.353053]
  [-0.322615, 0.050948, -0.499217, -0.35294, -0.306324]
  [-0.323759, 0.037969, -0.499396, -0.235553, -0.346845]
  [-0.322133, 0.042361, -0.499787, -0.29342, -0.254384]
  [-0.322209, 0.037331, -0.499935, -0.430095, -0.303207]
  [-0.322846, 0.032726, -0.499856, -0.303029, -0.358736]
  [-0.322192, 0.058784, -0.499571, -0.245287, -0.356311]
  [-0.322689, 0.040109, -0.499838, -0.461205, -0.359121]
  [-0.322041, 0.050358, -0.499932, -0.476262, -0.392554]
  [-0.324094, 0.038963, -0.499336, -0.339009, -0.328275]
  [-0.321873, 0.057935, -0.4999, -0.261807, -0.177566]
  [-0.323977, 0.05008, -0.499779, -0.317606, -0.181378]
  [-0.323639, 0.032034, -0.499442, -0.341741, -0.421537]
  [-0.321983, 0.061397, -0.49933, -0.489952, -0.403049]
  [-0.322995, 0.052233, -0.499727, -0.439569, -0.278441]
  [-0.322638, 0.036796, -0.499433, -0.401826, -0.30364]
  [-0.322673, 0.061126, -0.499516, -0.378508, -0.462663]
  [-0.32406, 0.037221, -0.499763, -0.347327, -0.382413]
  [-0.322989, 0.058293, -0.499449, -0.239703, -0.241768]
  [-0.321966, 0.063461, -0.499751, -0.336615, -0.486262]
  [-0.323258, 0.033061, -0.499337, -0.430645, -0.454373]
  [-0.321897, 0.040647, -0.499708, -0.375456, -0.295537]
  [-0.322342, 0.046798, -0.499352, -0.271619, -0.433543]
  [-0.323876, 0.044088, -0.499936, -0.289432, -0.261281]
  [-0.322409, 0.055914, -0.499972, -0.340461, -0.245855]
  [-0.322181, 0.059135, -0.499297, -0.453599, -0.380681]
  [-0.321867, 0.048765, -0.499721, -0.341527, -0.419176]
  [-0.323513, 0.052115, -0.499405, -0.292624, -0.248565]
  [-0.32336, 0.032325, -0.499212, -0.330533, -0.20516]
  [-0.322823, 0.034582, -0.499585, -0.369465, -0.183167]
  [-0.323975, 0.04015, -0.499408, -0.474456, -0.370616]
  [-0.322935, 0.035416, -0.499957, -0.248117, -0.391573]
  [-0.322233, 0.039949, -0.499296, -0.228041, -0.414101]
  [-0.322875, 0.047922, -0.499809, -0.495365, -0.350396]
  [-0.32427, 0.055487, -0.499854, -0.344026, -0.408759]
  [-0.323211, 0.058645, -0.499681, -0.310055, -0.423596]
  [-0.324047, 0.047743, -0.49992, -0.288942, -0.253599]
  [-0.322721, 0.032579, -0.499645, -0.419819, -0.217699]
  [-0.32375, 0.04999, -0.499729, -0.275913, -0.487592]
  [-0.323131, 0.035733, -0.499347, -0.244173, -0.285022]
  [-0.323399, 0.044474, -0.499833, -0.249049, -0.400016]
  [-0.323131, 0.046548, -0.499453, -0.380556, -0.297007]
  [-0.322089, 0.032648, -0.499762, -0.497309, -0.329171]
  [-0.323228, 0.035099, -0.499928, -0.377193, -0.210215]
  [-0.322475, 0.036898, -0.499878, -0.346267, -0.40034]
  [-0.322164, 0.057953, -0.499508, -0.451769, -0.23475]
  [-0.322218, 0.06317, -0.499445, -0.305768, -0.192193]
  [-0.322236, 0.032434, -0.499854, -0.434104, -0.218949]
  [-0.324145, 0.062842, -0.499582, -0.351279, -0.250658]
  [-0.322343, 0.056912, -0.499575, -0.48729, -0.40815]
  [-0.323498, 0.041709, -0.499269, -0.342839, -0.21651]
  [-0.322119, 0.061665, -0.499968, -0.440382, -0.352133]
  [-0.322982, 0.038021, -0.499279, -0.344667, -0.463391]
  [-0.322823, 0.061131, -0.499406, -0.443146, -0.300864]
  [-0.322344, 0.033823, -0.49998, -0.342643, -0.246587]
  [-0.323494, 0.056691, -0.499548, -0.314297, -0.250967]
  [-0.323644, 0.041481, -0.499783, -0.228385, -0.287361]
  [-0.324115, 0.06322, -0.499671, -0.248325, -0.204707]
  [-0.323891, 0.040184, -0.499439, -0.231056, -0.35808]
  [-0.322655, 0.036116, -0.499827, -0.271343, -0.393652]
  [-0.324151, 0.062584, -0.499503, -0.356739, -0.369785]
  [-0.322001, 0.035137, -0.49969, -0.323947, -0.38273]
  [-0.322237, 0.062409, -0.499807, -0.372743, -0.182501]
  [-0.321815, 0.033105, -0.499708, -0.307426, -0.476504]
  [-0.322707, 0.038584, -0.499501, -0.237469, -0.234504]
  [-0.323457, 0.050738, -0.499601, -0.281751, -0.351059]
  [-0.322727, 0.058331, -0.499641, -0.464839, -0.17405]
  [-0.323755, 0.032851, -0.499508, -0.253805, -0.268097]
  [-0.322481, 0.049859, -0.499977, -0.307993, -0.352206]
  [-0.323578, 0.051544, -0.499205, -0.286793, -0.428897]
  [-0.321806, 0.061167, -0.499321, -0.485125, -0.374015]
  [-0.322889, 0.058017, -0.499216, -0.366897, -0.305323]
  [-0.322777, 0.06324, -0.499801, -0.298832, -0.386613]
  [-0.32215, 0.039319, -0.499817, -0.309686, -0.312654]
  [-0.323834, 0.061211, -0.499226, -0.450239, -0.18745]
  [-0.323107, 0.033569, -0.499698, -0.237893, -0.316229]
  [-0.323771, 0.039425, -0.499589, -0.332715, -0.3726]
  [-0.322765, 0.057988, -0.499909, -0.269285, -0.271629]
  [-0.323532, 0.060394, -0.49944, -0.364823, -0.185327]
  [-0.322739, 0.040007, -0.499632, -0.257044, -0.404801]
  [-0.323046, 0.046628, -0.49974, -0.461468, -0.47422]
  [-0.321971, 0.034613, -0.499987, -0.250149, -0.266483]
  [-0.32297, 0.055145, -0.499979, -0.42863, -0.190189]
  [-0.324025, 0.045944, -0.49929, -0.378518, -0.41072]
  [-0.322061, 0.053813, -0.499539, -0.252611, -0.427218]
  [-0.322542, 0.049168, -0.499538, -0.299659, -0.282856]
  [-0.322534, 0.05005, -0.499264, -0.425386, -0.363864]
  [-0.322362, 0.041872, -0.499244, -0.427539, -0.397054]
  [-0.322667, 0.055179, -0.499704, -0.465645, -0.491614]
  [-0.323393, 0.053278, -0.499921, -0.362129, -0.173795]
  [-0.322129, 0.032229, -0.49971, -0.471407, -0.360826]
  [-0.321796, 0.051891, -0.499648, -0.261638, -0.411074]
  [-0.32244, 0.055183, -0.499432, -0.23841, -0.312402]
  [-0.322413, 0.040907, -0.499405, -0.332633, -0.232076]
  [-0.323051, 0.06342, -0.499305, -0.295334, -0.323268]
  [-0.323907, 0.052809, -0.499396, -0.485626, -0.452514]
  [-0.322787, 0.039944, -0.499926, -0.341431, -0.486629]
  [-0.324243, 0.032758, -0.499971, -0.234414, -0.196756]
  [-0.323823, 0.034435, -0.499281, -0.452247, -0.320364]
  [-0.322733, 0.044926, -0.499377, -0.269166, -0.418668]
  [-0.323365, 0.046059, -0.499721, -0.295435, -0.243817]
  [-0.32206, 0.036969, -0.499607, -0.415921, -0.260786]
  [-0.322005, 0.056681, -0.499804, -0.381691, -0.240942]
  [-0.322349, 0.046471, -0.499346, -0.461884, -0.460618]
  [-0.323199, 0.062495, -0.499929, -0.463849, -0.269978]
  [-0.322659, 0.042159, -0.499756, -0.39358, -0.314264]
  [-0.322968, 0.035244, -0.499463, -0.239867, -0.435495]
  [-0.323888, 0.043851, -0.499639, -0.491865, -0.40064]
  [-0.323337, 0.046883, -0.499901, -0.282872, -0.200695]
  [-0.322631, 0.044471, -0.499952, -0.39761, -0.174005]
  [-0.322169, 0.056784, -0.499335, -0.494259, -0.368563]
  [-0.32228, 0.051464, -0.499307, -0.403173, -0.406246]
  [-0.322834, 0.047819, -0.499615, -0.406948, -0.357379]
  [-0.32241, 0.061238, -0.499731, -0.413, -0.325232]
  [-0.321902, 0.051283, -0.499904, -0.441358, -0.411835]
  [-0.323112, 0.034146, -0.499753, -0.495427, -0.180784]
  [-0.321843, 0.058148, -0.499806, -0.401862, -0.222331]
  [-0.321979, 0.059922, -0.499815, -0.427438, -0.339176]
  [-0.323667, 0.06165, -0.499824, -0.238063, -0.366243]
  [-0.323188, 0.046489, -0.499288, -0.273166, -0.255437]
  [-0.321797, 0.050093, -0.499628, -0.256347, -0.251929]
  [-0.323117, 0.05903, -0.499588, -0.472293, -0.479949]
  [-0.323436, 0.049389, -0.499924, -0.375956, -0.360213]
  [-0.323005, 0.056078, -0.499647, -0.346967, -0.292977]
  [-0.32386, 0.063658, -0.499378, -0.373072, -0.426028]
  [-0.323609, 0.051571, -0.499838, -0.311591, -0.497252]
  [-0.323828, 0.0587, -0.499713, -0.259075, -0.247814]
  [-0.322999, 0.05096, -0.499698, -0.4802, -0.349659]
  [-0.323312, 0.062216, -0.499532, -0.482197, -0.219315]
  [-0.322496, 0.039542, -0.499411, -0.244452, -0.191345]
  [-0.323459, 0.047113, -0.499564, -0.302891, -0.247553]
  [-0.323761, 0.051059, -0.499618, -0.320341, -0.306682]
  [-0.321928, 0.043021, -0.499748, -0.273365, -0.305524]
  [-0.32352, 0.049475, -0.499953, -0.421131, -0.429627]
  [-0.32395, 0.034929, -0.49964, -0.33281, -0.288657]
  [-0.323068, 0.058753, -0.499942, -0.303248, -0.409663]
  [-0.3224, 0.038393, -0.499564, -0.267559, -0.372193]
  [-0.323533, 0.057949, -0.499448, -0.446029, -0.422305]
  [-0.322261, 0.033128, -0.499729, -0.247117, -0.254383]
  [-0.324144, 0.046115, -0.499811, -0.491081, -0.180082]
  [-0.323377, 0.052176, -0.499832, -0.328786, -0.233346]
  [-0.322882, 0.055185, -0.499416, -0.375868, -0.431301]
  [-0.321919, 0.055115, -0.499323, -0.438819, -0.23469]
  [-0.322659, 0.055178, -0.499703, -0.469762, -0.486726]
  [-0.322644, 0.055152, -0.499707, -0.468297, -0.483856]
  [-0.322642, 0.055169, -0.499702, -0.467847, -0.498755]
  [-0.322648, 0.055159, -0.499706, -0.465659, -0.486082]
  [-0.322652, 0.055168, -0.499704, -0.466759, -0.495985]
  [-0.32265, 0.055169, -0.499706, -0.46763, -0.493941]
  [-0.322641, 0.055149, -0.499702, -0.468815, -0.485779]
  [-0.32265, 0.055167, -0.499705, -0.469481, -0.485845]
  [-0.322647, 0.055158, -0.499702, -0.468438, -0.498564]
  [-0.322666, 0.055169, -0.499707, -0.468362, -0.495484]
  [-0.322651, 0.055159, -0.499702, -0.468653, -0.485916]
  [-0.322644, 0.055153, -0.499706, -0.468532, -0.487737]
  [-0.322641, 0.05518, -0.499707, -0.467363, -0.489282]
  [-0.322646, 0.055168, -0.499703, -0.466966, -0.491569]
  [-0.322642, 0.055153, -0.499704, -0.466078, -0.489966]
  [-0.322642, 0.055162, -0.499704, -0.469666, -0.486805]
  [-0.322666, 0.055178, -0.499704, -0.465844, -0.486916]
  [-0.322654, 0.055177, -0.499703, -0.466138, -0.488395]
  [-0.322637, 0.055161, -0.499707, -0.468163, -0.498875]
  [-0.32265, 0.055152, -0.499705, -0.466494, -0.488529]
  [-0.322639, 0.055154, -0.499704, -0.466055, -0.49358]
  [-0.322638, 0.055175, -0.499703, -0.46648, -0.484991]
  [-0.322646, 0.055149, -0.499704, -0.465568, -0.485136]
  [-0.322638, 0.055152, -0.499703, -0.46947, -0.485507]
  [-0.322653, 0.05517, -0.499702, -0.467294, -0.490266]
  [-0.322658, 0.055159, -0.499705, -0.469708, -0.48552]
  [-0.322666, 0.05517, -0.499705, -0.467932, -0.48524]
  [-0.322651, 0.055173, -0.499705, -0.466493, -0.490652]
  [-0.322655, 0.055153, -0.499703, -0.465473, -0.485274]
  [-0.322644, 0.055168, -0.499704, -0.466244, -0.49144]
  [-0.322634, 0.055177, -0.499706, -0.466698, -0.494391]
  [-0.322666, 0.055173, -0.499705, -0.469763, -0.487638]
  [-0.322655, 0.05517, -0.499703, -0.467451, -0.499349]
  [-0.32266, 0.055171, -0.499703, -0.468282, -0.489326]
  [-0.322664, 0.05517, -0.499706, -0.467359, -0.48844]
  [-0.322651, 0.055161, -0.499707, -0.467269, -0.498251]
  [-0.322658, 0.055175, -0.499704, -0.46719, -0.494373]
  [-0.322659, 0.055165, -0.499706, -0.469229, -0.499303]
  [-0.322648, 0.05518, -0.499706, -0.466964, -0.498888]
  [-0.322656, 0.055166, -0.499707, -0.467761, -0.496951]
  [-0.322649, 0.055164, -0.499703, -0.467588, -0.496911]
  [-0.322643, 0.055169, -0.499706, -0.469436, -0.488315]
  [-0.322634, 0.055175, -0.499705, -0.466839, -0.493296]
  [-0.322644, 0.055152, -0.499705, -0.469404, -0.486611]
  [-0.322646, 0.055169, -0.499706, -0.466689, -0.488823]
  [-0.32266, 0.055157, -0.499703, -0.468652, -0.494376]
  [-0.322666, 0.055174, -0.499704, -0.468916, -0.496817]
  [-0.322643, 0.055148, -0.499705, -0.469641, -0.495125]
  [-0.322663, 0.055166, -0.499704, -0.465528, -0.490826]
  [-0.322637, 0.05515, -0.499705, -0.467993, -0.493864]
  [-0.322667, 0.055171, -0.499707, -0.468698, -0.490776]
  [-0.322643, 0.05516, -0.499704, -0.469852, -0.496638]
  [-0.322645, 0.055148, -0.499702, -0.468967, -0.494056]
  [-0.322665, 0.055173, -0.499705, -0.467382, -0.487696]
  [-0.322662, 0.055172, -0.499706, -0.46843, -0.499822]
  [-0.322642, 0.055172, -0.499706, -0.468272, -0.496964]
  [-0.322665, 0.055177, -0.499703, -0.467501, -0.496733]
  [-0.322664, 0.05515, -0.499706, -0.467871, -0.498665]
  [-0.322665, 0.05517, -0.499704, -0.4698, -0.490543]
  [-0.32264, 0.055156, -0.499706, -0.465459, -0.498989]
  [-0.322645, 0.055168, -0.499706, -0.469164, -0.499133]
  [-0.322644, 0.055178, -0.499706, -0.469663, -0.494871]
  [-0.322652, 0.055151, -0.499703, -0.46895, -0.49926]
  [-0.32264, 0.055175, -0.499704, -0.465921, -0.494538]
  [-0.322644, 0.055155, -0.499706, -0.468129, -0.489524]
  [-0.322651, 0.055171, -0.499706, -0.468954, -0.49507]
  [-0.322633, 0.055163, -0.499705, -0.46779, -0.492109]
  [-0.322642, 0.05515, -0.499704, -0.467993, -0.493248]
  [-0.322636, 0.05517, -0.499703, -0.468052, -0.488521]
  [-0.322635, 0.055166, -0.499705, -0.466467, -0.487898]
  [-0.322667, 0.055157, -0.499703, -0.467714, -0.492522]
  [-0.322663, 0.055159, -0.499706, -0.46582, -0.488253]
  [-0.322661, 0.055178, -0.499703, -0.469632, -0.493265]
  [-0.322652, 0.055165, -0.499706, -0.467428, -0.487356]
  [-0.322643, 0.055177, -0.499705, -0.466633, -0.490287]
  [-0.322663, 0.055162, -0.499702, -0.468934, -0.488175]
  [-0.322663, 0.055167, -0.499705, -0.467054, -0.497052]
  [-0.322659, 0.055157, -0.499703, -0.468515, -0.496789]
  [-0.322639, 0.055174, -0.499703, -0.465577, -0.485352]
  [-0.322658, 0.055179, -0.499705, -0.465896, -0.494646]
  [-0.322666, 0.055159, -0.499706, -0.467181, -0.487141]
  [-0.322644, 0.055174, -0.499702, -0.469482, -0.489435]
  [-0.322647, 0.055154, -0.499706, -0.465452, -0.493949]
  [-0.322651, 0.055175, -0.499703, -0.46573, -0.486981]
  [-0.322647, 0.055152, -0.499705, -0.467068, -0.494833]
  [-0.322658, 0.055158, -0.499707, -0.466034, -0.494309]
  [-0.322633, 0.055166, -0.499703, -0.469049, -0.494793]
  [-0.322667, 0.055178, -0.499702, -0.469643, -0.485284]
  [-0.32264, 0.055166, -0.499702, -0.468543, -0.48787]
  [-0.322663, 0.055151, -0.499705, -0.469381, -0.483894]
  [-0.322645, 0.055165, -0.499706, -0.469493, -0.488101]
  [-0.322641, 0.055162, -0.499704, -0.467979, -0.490308]
  [-0.322656, 0.055166, -0.499703, -0.468506, -0.498426]
  [-0.322658, 0.05517, -0.499705, -0.466155, -0.487342]
  [-0.322642, 0.055178, -0.499705, -0.467499, -0.490797]
  [-0.32265, 0.055173, -0.499706, -0.469764, -0.494178]
  [-0.322637, 0.055149, -0.499704, -0.468196, -0.494795]
  [-0.322644, 0.055173, -0.499706, -0.46929, -0.485715]
  [-0.322648, 0.055171, -0.499706, -0.469659, -0.489799]
  [-0.322666, 0.055167, -0.499706, -0.468411, -0.491417]
  [-0.32265, 0.055162, -0.499705, -0.468333, -0.499353]
  [-0.322653, 0.055174, -0.499702, -0.468478, -0.484027]
  [-0.322645, 0.055149, -0.499707, -0.46918, -0.487086]
  [-0.322662, 0.055151, -0.499705, -0.467203, -0.491156]
  [-0.322648, 0.055176, -0.499706, -0.465504, -0.49917]
  [-0.322653, 0.055154, -0.499706, -0.466313, -0.497892]
  [-0.322657, 0.055176, -0.499702, -0.470012, -0.492352]
  [-0.322633, 0.055164, -0.499703, -0.467809, -0.488078]
  [-0.322648, 0.055168, -0.499705, -0.469168, -0.483867]
  [-0.322634, 0.055154, -0.499703, -0.469471, -0.492359]
  [-0.322647, 0.055156, -0.499703, -0.469223, -0.498932]
  [-0.322635, 0.055167, -0.499706, -0.468368, -0.490087]
  [-0.322658, 0.055153, -0.499703, -0.468522, -0.488221]
  [-0.322634, 0.055176, -0.499704, -0.467448, -0.499803]
  [-0.322656, 0.055165, -0.499704, -0.469091, -0.49859]
  [-0.322664, 0.055156, -0.499704, -0.468195, -0.485611]
  [-0.322661, 0.055167, -0.499706, -0.467076, -0.484679]
  [-0.322656, 0.055148, -0.499704, -0.467927, -0.490271]
  [-0.32265, 0.055175, -0.499703, -0.468606, -0.489334]
  [-0.322665, 0.055153, -0.499706, -0.466139, -0.492072]
  [-0.322641, 0.055172, -0.499705, -0.467518, -0.493607]
  [-0.322637, 0.055176, -0.499704, -0.469683, -0.487443]
  [-0.322661, 0.055148, -0.499705, -0.468847, -0.491882]
  [-0.322663, 0.055169, -0.499703, -0.467097, -0.490031]
  [-0.322657, 0.055164, -0.499706, -0.466408, -0.491053]
  [-0.322643, 0.055177, -0.499704, -0.470014, -0.493723]
  [-0.322649, 0.055153, -0.499703, -0.468233, -0.486667]
  [-0.322647, 0.055153, -0.499703, -0.468667, -0.487251]
  [-0.322652, 0.055151, -0.499704, -0.466647, -0.497463]
  [-0.322656, 0.055159, -0.499704, -0.468101, -0.490352]
  [-0.32266, 0.055175, -0.499706, -0.466581, -0.499367]
  [-0.322648, 0.05517, -0.499705, -0.466304, -0.494275]
  [-0.322661, 0.055177, -0.499703, -0.467407, -0.483927]
  [-0.322636, 0.055152, -0.499706, -0.466886, -0.49334]
  [-0.322662, 0.055157, -0.499706, -0.468482, -0.49983]
  [-0.32264, 0.055149, -0.499705, -0.466169, -0.497348]
  [-0.322648, 0.055162, -0.499703, -0.465997, -0.485041]
  [-0.322664, 0.055147, -0.499703, -0.467168, -0.489783]
  [-0.322651, 0.055175, -0.499705, -0.468897, -0.493806]
  [-0.322654, 0.055153, -0.499704, -0.465629, -0.49893]
  [-0.322645, 0.055171, -0.499703, -0.465669, -0.489247]
  [-0.322644, 0.055151, -0.499706, -0.468733, -0.487039]
  [-0.322664, 0.055172, -0.499704, -0.469536, -0.489028]
  [-0.322646, 0.055176, -0.499705, -0.468733, -0.49077]
  [-0.322651, 0.055167, -0.499705, -0.468413, -0.489934]
  [-0.32265, 0.05516, -0.499704, -0.46855, -0.499139]
  [-0.322645, 0.055164, -0.499707, -0.467517, -0.485738]
  [-0.322653, 0.055153, -0.499704, -0.46606, -0.493981]
  [-0.322657, 0.055154, -0.499706, -0.465576, -0.484884]
  [-0.322648, 0.055152, -0.499706, -0.469058, -0.499368]
  [-0.322662, 0.055157, -0.499707, -0.468481, -0.499961]
  [-0.322662, 0.055157, -0.499707, -0.46848, -0.499957]
  [-0.322666, 0.055157, -0.499706, -0.46848, -0.499971]
  [-0.322668, 0.055157, -0.499706, -0.468481, -0.499989]
  [-0.322662, 0.055157, -0.499707, -0.468481, -0.499859]
  [-0.322669, 0.055157, -0.499706, -0.468481, -0.499992]
  [-0.322668, 0.055157, -0.499707, -0.46848, -0.499899]
  [-0.322669, 0.055157, -0.499706, -0.468479, -0.49979]
  [-0.322664, 0.055157, -0.499707, -0.46848, -0.499966]
  [-0.322666, 0.055157, -0.499707, -0.468482, -0.499923]
  [-0.322662, 0.055157, -0.499707, -0.46848, -0.499928]
  [-0.322666, 0.055157, -0.499707, -0.468482, -0.499998]
  [-0.322665, 0.055157, -0.499707, -0.468479, -0.499796]
  [-0.322662, 0.055157, -0.499706, -0.46848, -0.499962]
  [-0.322668, 0.055157, -0.499706, -0.46848, -0.499894]
  [-0.322664, 0.055157, -0.499707, -0.468481, -0.499901]
  [-0.322667, 0.055157, -0.499707, -0.468481, -0.499959]
  [-0.322665, 0.055157, -0.499707, -0.468479, -0.499975]
  [-0.322661, 0.055157, -0.499707, -0.46848, -0.499883]
  [-0.322667, 0.055157, -0.499707, -0.46848, -0.499879]
  [-0.322668, 0.055157, -0.499706, -0.468481, -0.49988]
  [-0.322669, 0.055157, -0.499706, -0.46848, -0.499807]
  [-0.322664, 0.055157, -0.499707, -0.46848, -0.499801]
  [-0.322665, 0.055157, -0.499707, -0.468481, -0.499791]
  [-0.322662, 0.055157, -0.499707, -0.46848, -0.499925]
  [-0.322665, 0.055157, -0.499706, -0.468479, -0.499806]
  [-0.322665, 0.055157, -0.499706, -0.46848, -0.499965]
  [-0.322663, 0.055157, -0.499706, -0.468479, -0.499795]
  [-0.322668, 0.055157, -0.499707, -0.468482, -0.499843]
  [-0.322667, 0.055157, -0.499706, -0.46848, -0.499864]
  [-0.322664, 0.055157, -0.499706, -0.468481, -0.499788]
  [-0.322668, 0.055157, -0.499707, -0.468481, -0.499867]
  [-0.322663, 0.055157, -0.499707, -0.468479, -0.49996]
  [-0.322666, 0.055157, -0.499706, -0.46848, -0.499982]
  [-0.322664, 0.055157, -0.499707, -0.468482, -0.499982]
  [-0.322666, 0.055157, -0.499707, -0.468482, -0.499996]
  [-0.322667, 0.055157, -0.499707, -0.468479, -0.499857]
  [-0.322666, 0.055157, -0.499706, -0.46848, -0.499878]
  [-0.322664, 0.055157, -0.499707, -0.468481, -0.499829]
  [-0.322662, 0.055157, -0.499707, -0.46848, -0.49979]
  [-0.322662, 0.055157, -0.499707, -0.468481, -0.499938]
  [-0.322662, 0.055157, -0.499706, -0.468481, -0.499836]
  [-0.322667, 0.055157, -0.499706, -0.468479, -0.499962]
  [-0.322666, 0.055157, -0.499706, -0.46848, -0.499883]
  [-0.322664, 0.055157, -0.499706, -0.468479, -0.499875]
  [-0.322667, 0.055157, -0.499706, -0.468481, -0.499895]
  [-0.322662, 0.055157, -0.499706, -0.46848, -0.49992]
  [-0.322665, 0.055157, -0.499707, -0.468482, -0.499932]
  [-0.322663, 0.055157, -0.499706, -0.468482, -0.499795]
  [-0.322667, 0.055157, -0.499706, -0.468482, -0.499863]
  [-0.322666, 0.055157, -0.499706, -0.468479, -0.499848]
  [-0.322664, 0.055157, -0.499707, -0.468481, -0.49981]
  [-0.322667, 0.055157, -0.499707, -0.468481, -0.499835]
  [-0.322661, 0.055157, -0.499706, -0.46848, -0.499981]
  [-0.322669, 0.055157, -0.499707, -0.468482, -0.499808]
  [-0.322665, 0.055157, -0.499706, -0.46848, -0.499949]
  [-0.322666, 0.055157, -0.499707, -0.468481, -0.499889]
  [-0.322664, 0.055157, -0.499706, -0.468481, -0.499867]
  [-0.322667, 0.055157, -0.499707, -0.46848, -0.499844]
  [-0.322665, 0.055157, -0.499707, -0.46848, -0.499985]
  [-0.322663, 0.055157, -0.499707, -0.468482, -0.49985]
  [-0.322666, 0.055157, -0.499706, -0.468482, -0.499917]
  [-0.322662, 0.055157, -0.499706, -0.468481, -0.499929]
  [-0.322667, 0.055157, -0.499707, -0.468481, -0.499892]
  [-0.322662, 0.055157, -0.499706, -0.468481, -0.499979]
  [-0.322666, 0.055157, -0.499707, -0.46848, -0.499864]
  [-0.322663, 0.055157, -0.499706, -0.46848, -0.499966]
  [-0.322662, 0.055157, -0.499706, -0.468482, -0.499921]
  [-0.322663, 0.055157, -0.499706, -0.468481, -0.499963]
  [-0.322665, 0.055157, -0.499706, -0.468479, -0.499809]
  [-0.322662, 0.055157, -0.499707, -0.46848, -0.499881]
  [-0.322668, 0.055157, -0.499707, -0.468482, -0.499802]
  [-0.322664, 0.055157, -0.499706, -0.468481, -0.499945]
  [-0.322668, 0.055157, -0.499706, -0.46848, -0.499832]
  [-0.322664, 0.055157, -0.499706, -0.468479, -0.499912]
  [-0.322663, 0.055157, -0.499707, -0.46848, -0.499789]
  [-0.322668, 0.055157, -0.499706, -0.468481, -0.499785]
  [-0.322664, 0.055157, -0.499707, -0.46848, -0.499926]
  [-0.322666, 0.055157, -0.499707, -0.46848, -0.499844]
  [-0.322667, 0.055157, -0.499706, -0.468481, -0.499793]
  [-0.322666, 0.055157, -0.499707, -0.468481, -0.49989]
  [-0.322663, 0.055157, -0.499707, -0.46848, -0.499801]
  [-0.322668, 0.055157, -0.499707, -0.468481, -0.499893]
  [-0.322665, 0.055157, -0.499706, -0.468481, -0.499936]
  [-0.322666, 0.055157, -0.499707, -0.468481, -0.49982]
  [-0.322668, 0.055157, -0.499706, -0.468481, -0.499954]
  [-0.322667, 0.055157, -0.499706, -0.468479, -0.499874]
  [-0.322666, 0.055157, -0.499706, -0.468481, -0.499791]
  [-0.322661, 0.055157, -0.499706, -0.468482, -0.499876]
  [-0.322662, 0.055157, -0.499707, -0.468481, -0.499786]
  [-0.322663, 0.055157, -0.499707, -0.468479, -0.499996]
  [-0.322665, 0.055157, -0.499707, -0.468481, -0.499801]
  [-0.322665, 0.055157, -0.499707, -0.468479, -0.499807]
  [-0.322668, 0.055157, -0.499706, -0.468482, -0.499896]
  [-0.322668, 0.055157, -0.499707, -0.468481, -0.49987]
  [-0.322665, 0.055157, -0.499707, -0.46848, -0.5]
  [-0.322666, 0.055157, -0.499706, -0.468481, -0.499964]
  [-0.322664, 0.055157, -0.499706, -0.468481, -0.49985]
  [-0.322663, 0.055157, -0.499706, -0.468481, -0.499926]
  [-0.322667, 0.055157, -0.499707, -0.468479, -0.49999]
  [-0.322666, 0.055157, -0.499707, -0.468481, -0.499974]
  [-0.322666, 0.055157, -0.499707, -0.468481, -0.499989]
  [-0.322667, 0.055157, -0.499706, -0.468479, -0.499799]
  [-0.322664, 0.055157, -0.499706, -0.468481, -0.499983]
  [-0.322668, 0.055157, -0.499706, -0.46848, -0.499819]
  [-0.322666, 0.055157, -0.499706, -0.468481, -0.499903]
  [-0.322663, 0.055157, -0.499707, -0.46848, -0.499881]
  [-0.322667, 0.055157, -0.499706, -0.468481, -0.499794]
  [-0.322663, 0.055157, -0.499706, -0.46848, -0.499945]
  [-0.322667, 0.055157, -0.499706, -0.468482, -0.499956]
  [-0.322667, 0.055157, -0.499707, -0.468482, -0.499894]
  [-0.322668, 0.055157, -0.499706, -0.468482, -0.499915]
  [-0.322669, 0.055157, -0.499707, -0.468482, -0.499957]
  [-0.322666, 0.055157, -0.499706, -0.468481, -0.499969]
  [-0.322668, 0.055157, -0.499707, -0.468481, -0.499944]
  [-0.322664, 0.055157, -0.499706, -0.468482, -0.499977]
  [-0.322665, 0.055157, -0.499706, -0.46848, -0.499969]
  [-0.322667, 0.055157, -0.499707, -0.468479, -0.499862]
  [-0.322665, 0.055157, -0.499706, -0.46848, -0.499841]
  [-0.322665, 0.055157, -0.499707, -0.468482, -0.499855]
  [-0.322662, 0.055157, -0.499707, -0.468479, -0.499865]
  [-0.322664, 0.055157, -0.499707, -0.468482, -0.499814]
  [-0.322667, 0.055157, -0.499706, -0.468482, -0.499854]
  [-0.322666, 0.055157, -0.499707, -0.468479, -0.499837]
  [-0.322663, 0.055157, -0.499707, -0.468481, -0.499898]
  [-0.322667, 0.055157, -0.499706, -0.46848, -0.499928]
  [-0.322661, 0.055157, -0.499706, -0.46848, -0.499968]
  [-0.322665, 0.055157, -0.499706, -0.46848, -0.499823]
  [-0.322662, 0.055157, -0.499706, -0.468481, -0.499926]
  [-0.322668, 0.055157, -0.499707, -0.468479, -0.499936]
  [-0.322662, 0.055157, -0.499707, -0.46848, -0.499915]
  [-0.322662, 0.055157, -0.499706, -0.46848, -0.499927]
  [-0.322665, 0.055157, -0.499707, -0.468481, -0.499799]
  [-0.322663, 0.055157, -0.499706, -0.468479, -0.499959]
  [-0.322665, 0.055157, -0.499706, -0.46848, -0.499855]
  [-0.322663, 0.055157, -0.499706, -0.468479, -0.499822]
  [-0.322666, 0.055157, -0.499707, -0.468482, -0.499977]
  [-0.322668, 0.055157, -0.499706, -0.46848, -0.499789]
  [-0.322663, 0.055157, -0.499707, -0.46848, -0.499919]
  [-0.322664, 0.055157, -0.499706, -0.46848, -0.499921]
  [-0.322665, 0.055157, -0.499707, -0.46848, -0.499851]
  [-0.322666, 0.055157, -0.499707, -0.46848, -0.499977]
  [-0.322668, 0.055157, -0.499707, -0.468482, -0.499853]
  [-0.322661, 0.055157, -0.499706, -0.468482, -0.499987]
  [-0.322665, 0.055157, -0.499707, -0.46848, -0.499884]
  [-0.322663, 0.055157, -0.499706, -0.46848, -0.499946]
  [-0.322666, 0.055157, -0.499706, -0.468482, -0.499988]
  [-0.322665, 0.055157, -0.499707, -0.46848, -0.499958]
  [-0.322666, 0.055157, -0.499706, -0.468481, -0.499984]
  [-0.322662, 0.055157, -0.499707, -0.468482, -0.49981]
